2.015690588951110751e+00
1.843563246726989791e+00
1.737951374053955167e+00
1.539835453033447266e+00
1.102794229984283447e+00
1.097729206085205078e+00
1.006284773349761963e+00
9.922508478164673296e-01
1.179503440856933594e+00
1.114469861984253019e+00
1.020067143440246626e+00
9.576360225677490456e-01
9.941376686096191628e-01
9.943881869316101296e-01
9.699975728988647905e-01
9.270000457763671875e-01
1.023967468738555819e+00
9.832561850547790749e-01
9.576945662498473899e-01
9.100206971168518510e-01
9.973610162734984907e-01
1.037072992324829190e+00
9.448854327201843262e-01
1.112061774730682462e+00
1.072401988506317183e+00
9.382483005523681863e-01
1.047525179386138872e+00
1.084615755081176802e+00
1.005439198017120450e+00
1.000010323524475053e+00
9.024526834487914817e-01
9.244616270065307839e-01
1.124709284305572599e+00
9.870615005493164062e-01
8.965941905975342019e-01
8.706782698631286843e-01
9.001189708709717019e-01
1.252938652038574130e+00
1.138578116893768311e+00
1.125638782978057861e+00
1.076395618915557906e+00
1.003504407405853227e+00
9.809715867042541060e-01
8.902415156364440474e-01
8.605105280876159668e-01
8.227744698524475098e-01
1.020430207252502441e+00
1.044589722156524569e+00
1.040773034095764160e+00
1.065380430221557706e+00
9.904432892799377441e-01
9.573080420494080034e-01
1.073707401752471924e+00
9.896409392356873003e-01
1.049856460094451993e+00
1.040574204921722368e+00
1.046134841442108110e+00
1.206008028984069780e+00
9.856329202651977761e-01
9.481548905372619851e-01
9.771878600120544878e-01
9.760316133499145064e-01
1.071460616588592485e+00
1.046272349357604936e+00
9.380615592002868874e-01
9.263289332389831321e-01
9.947702646255492942e-01
1.216106009483337358e+00
1.291899681091308594e+00
1.087313234806060791e+00
1.084310305118560747e+00
1.095349299907684371e+00
1.220095491409301847e+00
1.129481685161590532e+00
1.209380662441253751e+00
1.080623745918273926e+00
1.060428023338317871e+00
1.043461942672729403e+00
1.178940188884735063e+00
1.178975999355316162e+00
1.039609241485595748e+00
1.067459249496459872e+00
1.179970407485961825e+00
1.068002283573150635e+00
9.573457479476928933e-01
1.095108091831207275e+00
1.006203627586364835e+00
9.513418674468994141e-01
9.381665110588073286e-01
1.061368346214294434e+00
1.006699085235595703e+00
9.634990334510803445e-01
1.016115331649780185e+00
9.176881074905395286e-01
9.169754862785339800e-01
8.872891187667846236e-01
1.271094954013824552e+00
1.174039506912231356e+00
1.087831223011016757e+00
9.882092237472533958e-01
9.706654548645019531e-01
9.138196468353271262e-01
9.595314979553222212e-01
8.891317605972289817e-01
8.768296480178833230e-01
8.071195363998413530e-01
7.841360330581664817e-01
7.719477534294127974e-01
1.042247283458709761e+00
1.047240722179412886e+00
9.039567112922668457e-01
8.538928985595702903e-01
8.670319318771362305e-01
8.906642198562622070e-01
8.774502754211426225e-01
8.548678755760192871e-01
9.030648469924926758e-01
8.757914662361144797e-01
8.470971345901489036e-01
7.682594180107116255e-01
7.546448588371277300e-01
7.581140637397766335e-01
8.233617663383483443e-01
9.312828660011291948e-01
8.802740454673767534e-01
8.991453051567077637e-01
8.946269869804381880e-01
8.883594393730163130e-01
8.501821041107178178e-01
8.088258028030395064e-01
7.728709101676940474e-01
7.306035637855530229e-01
6.975897669792174849e-01
7.038990855216979980e-01
6.915815234184264915e-01
6.671011090278625710e-01
6.734023690223693848e-01
6.876976251602172630e-01
7.951440930366515669e-01
7.457124233245849831e-01
6.950358510017394797e-01
6.778774738311768022e-01
8.449027180671692117e-01
9.143874287605285867e-01
7.738401770591736284e-01
7.710464715957641157e-01
7.526926040649414285e-01
7.705962777137755904e-01
9.879799365997314897e-01
8.974899530410767046e-01
8.042419791221618874e-01
7.573777914047241655e-01
9.181614160537719949e-01
9.941392660140990767e-01
8.717451453208923118e-01
8.099364876747131570e-01
7.196006536483764426e-01
7.186025023460388406e-01
7.036947607994079590e-01
7.158173918724060059e-01
7.518698692321776900e-01
6.639866232872009277e-01
7.017774820327759011e-01
6.831574201583862083e-01
6.326808691024780051e-01
6.369251489639282671e-01
7.218084692955016868e-01
6.343861937522887740e-01
6.067690610885619895e-01
5.628261804580688699e-01
6.306393146514892578e-01
6.897476971149444358e-01
6.825855970382690430e-01
7.522838950157165749e-01
7.142981529235840066e-01
7.260092377662659135e-01
7.630268931388854980e-01
1.057460236549377486e+00
9.088123917579651323e-01
8.510597467422484907e-01
7.700149178504943626e-01
9.149335861206054910e-01
8.446380376815796343e-01
8.092633724212646706e-01
8.451762437820434792e-01
8.109021425247192605e-01
9.082796931266784446e-01
7.904060840606689231e-01
9.342812180519104448e-01
8.766355514526367188e-01
8.253678441047668235e-01
6.942742228507995383e-01
7.070766806602477583e-01
6.766993284225464311e-01
7.406643867492676003e-01
6.973999023437500444e-01
7.488592505455017312e-01
6.975840091705322044e-01
7.985280871391295943e-01
9.603635668754577637e-01
8.695839047431945801e-01
8.038823246955871804e-01
7.319916248321532981e-01
7.375800609588623047e-01
6.617622971534729004e-01
7.904752969741821733e-01
7.038473606109618697e-01
6.192954421043396218e-01
5.960636377334594949e-01
5.893302381038665327e-01
5.663909256458282693e-01
5.873782873153686745e-01
5.409416615962981956e-01
7.240415096282959428e-01
8.382727146148681863e-01
8.754192113876342329e-01
7.148470401763915572e-01
6.829097270965576172e-01
7.522659897804260254e-01
7.138000965118408425e-01
5.695088744163513406e-01
5.844254195690155029e-01
5.937251329421997514e-01
6.693260192871093306e-01
6.452745079994202104e-01
5.830072700977325661e-01
5.787609934806823286e-01
5.891080796718597412e-01
6.428346753120421919e-01
5.293384373188019243e-01
5.190064847469330056e-01
5.514551222324370894e-01
5.159586429595947044e-01
5.379418253898620161e-01
7.361002445220947710e-01
6.302607417106628196e-01
7.290544271469115989e-01
7.776316642761230691e-01
5.968922853469849077e-01
6.095961630344390869e-01
5.251604676246642844e-01
5.236272752285003884e-01
5.498762011528015581e-01
4.944993913173675315e-01
5.210209310054778609e-01
4.619082808494567871e-01
5.010357856750488059e-01
5.119923532009125200e-01
5.794516801834106445e-01
7.153677225112915483e-01
6.980488419532775435e-01
6.003386855125427690e-01
6.028947293758392112e-01
5.084925830364227517e-01
4.912685334682464489e-01
4.906325101852416770e-01
4.940193057060241477e-01
5.369187772274017778e-01
5.053156316280364990e-01
5.062361896038055642e-01
5.095326006412506104e-01
4.941725730895996094e-01
4.997275352478027233e-01
4.506575882434845082e-01
4.690595924854278342e-01
4.791495203971862793e-01
4.545404076576232688e-01
4.642803609371185525e-01
4.562493801116943581e-01
4.661158204078674205e-01
4.160047769546508789e-01
4.165286302566528209e-01
4.093308866024017445e-01
4.490742325782776101e-01
5.360531806945800781e-01
6.480169177055359331e-01
6.593679368495941606e-01
5.459517657756804976e-01
5.142269909381866899e-01
4.990530192852020153e-01
5.402139663696289285e-01
5.631705522537231445e-01
5.652727484703063965e-01
5.171117007732390913e-01
5.031359076499939409e-01
4.767325699329376110e-01
4.929122686386108176e-01
4.852129518985748291e-01
4.458809077739715465e-01
4.446504473686218040e-01
4.070286393165588601e-01
3.908264875411987527e-01
3.924796283245086670e-01
4.355909705162048229e-01
4.294178962707519420e-01
4.456068575382232666e-01
4.423604011535644531e-01
4.488272011280060036e-01
4.696891725063324086e-01
4.531446337699890359e-01
5.013784706592560036e-01
4.875839471817016713e-01
4.459499239921569935e-01
4.138413012027740701e-01
3.920130312442779430e-01
4.625251352787017600e-01
4.979915499687194713e-01
4.296094655990600475e-01
4.073625743389129861e-01
3.988236546516418235e-01
4.024784803390503152e-01
3.911914467811584695e-01
4.048199534416198619e-01
4.606473684310913308e-01
3.867597281932830811e-01
3.892290949821471946e-01
4.262337625026703103e-01
4.716987967491149680e-01
3.737661421298980602e-01
3.733236014842987172e-01
3.567955493927001953e-01
3.716912329196929710e-01
4.101215481758117565e-01
4.129307031631469505e-01
3.639594733715057484e-01
3.694747269153594860e-01
4.326388955116272084e-01
3.997937619686126598e-01
3.700062870979309304e-01
3.669154644012451172e-01
3.624087631702422874e-01
3.430570006370544656e-01
3.775577604770660178e-01
3.975237309932708740e-01
3.943790674209594616e-01
3.710945427417755016e-01
3.799941301345824973e-01
4.513495624065398948e-01
4.261089980602264515e-01
4.364318668842315785e-01
3.788573443889617920e-01
4.013285934925079346e-01
4.224322974681854470e-01
4.130595922470092773e-01
3.682803869247436301e-01
4.140905320644378551e-01
4.030667185783386453e-01
3.688323020935058705e-01
4.030152082443237416e-01
4.053352057933807262e-01
4.392341196537017933e-01
4.001368403434753529e-01
3.895299017429351696e-01
3.778269171714782604e-01
3.811056613922119141e-01
3.588723003864288108e-01
3.249172598123550304e-01
3.485051274299621471e-01
3.706643819808960183e-01
3.457054555416106956e-01
3.551688730716705544e-01
3.701192319393157848e-01
3.582248151302337424e-01
3.521413117647170798e-01
3.432889282703399658e-01
3.307694077491760143e-01
3.118319630622863881e-01
3.354674637317657249e-01
3.276750862598419300e-01
3.254850208759307861e-01
3.406436502933501975e-01
3.403674751520157082e-01
3.131843745708465798e-01
3.183087617158889548e-01
3.557422161102294922e-01
3.176950484514236561e-01
3.129548966884613259e-01
3.057141751050949097e-01
3.094096899032592884e-01
3.714248895645141380e-01
3.725098252296447643e-01
4.018106579780578724e-01
4.212076961994171143e-01
4.283991992473602517e-01
3.528229176998138317e-01
3.311587333679198997e-01
3.521625101566314697e-01
3.122396528720855491e-01
3.187216252088546642e-01
3.122465431690216175e-01
3.206468045711517445e-01
3.292439281940460205e-01
3.400746047496795432e-01
3.291584402322769165e-01
3.081457048654556163e-01
3.094053119421005249e-01
3.093723475933075062e-01
3.191542148590088002e-01
3.151727855205536111e-01
3.020522147417068481e-01
2.804320037364959606e-01
3.108265072107315174e-01
3.145529180765151978e-01
3.040131807327270397e-01
2.981626063585281483e-01
3.030845969915390015e-01
2.974049448966979980e-01
2.947381258010864369e-01
2.901410460472106934e-01
2.785206675529480203e-01
2.894360750913619884e-01
3.186925023794174305e-01
3.138019412755966298e-01
3.018575251102447732e-01
2.952294677495956310e-01
2.962044864892959817e-01
2.924938052892684937e-01
3.281583011150360218e-01
3.035837411880493164e-01
2.981224179267883412e-01
2.948488682508468850e-01
2.788485348224639671e-01
3.200646936893463135e-01
3.673704892396926769e-01
3.092589437961578147e-01
2.886740446090698131e-01
2.804135590791702048e-01
2.785477608442306630e-01
2.778845697641372792e-01
2.939865082502365334e-01
3.069049894809722789e-01
2.860835939645767212e-01
2.819690793752670510e-01
2.676086574792861938e-01
2.641905248165130615e-01
2.713281601667404397e-01
2.872607707977294922e-01
2.974663436412811057e-01
3.217203378677367942e-01
3.334407031536102406e-01
3.039561003446579202e-01
2.908918619155883567e-01
2.996819019317626953e-01
3.237010538578033447e-01
3.340012282133102417e-01
3.416296869516372570e-01
3.096666306257248036e-01
3.342517316341400146e-01
3.082516849040984885e-01
3.017279595136642678e-01
2.980277478694915994e-01
3.108717560768127219e-01
3.699426800012588501e-01
3.261616855859756359e-01
3.318582594394683949e-01
3.290915191173553467e-01
3.003772377967834362e-01
3.083878397941589578e-01
3.116749823093414307e-01
2.786138117313384788e-01
2.826539605855941661e-01
2.735277950763702615e-01
2.908930838108062522e-01
3.144260853528976218e-01
3.348891019821166881e-01
3.689115822315215953e-01
3.631644427776336559e-01
3.189165353775024192e-01
2.965841144323348999e-01
2.945239603519439475e-01
2.785395771265030129e-01
2.790038466453552135e-01
2.880624473094940408e-01
2.933653414249420277e-01
2.813976258039474487e-01
2.708200663328170776e-01
2.710888624191284402e-01
3.056863069534301869e-01
2.994542807340622170e-01
2.765292912721634133e-01
2.700558483600616344e-01
2.697018921375274880e-01
2.810200691223144753e-01
2.865176260471343772e-01
2.718066751956939586e-01
2.644830048084259033e-01
2.664439469575882180e-01
2.706687182188033947e-01
2.686784118413925171e-01
2.807661056518554465e-01
2.594281017780303844e-01
2.657914966344833152e-01
2.998969018459319846e-01
2.967333108186721580e-01
2.728801727294921653e-01
3.039974331855773704e-01
2.970072209835052379e-01
2.878246456384658813e-01
2.866833478212356678e-01
3.146053463220596091e-01
2.867342650890350453e-01
2.772627204656600841e-01
2.530809998512267844e-01
2.491300672292709462e-01
2.450624197721481268e-01
2.460519790649414174e-01
2.533024847507476807e-01
2.625142872333526833e-01
2.878618896007537620e-01
2.845636725425720326e-01
2.770555466413497925e-01
2.843615174293517844e-01
2.746530294418335072e-01
2.602113217115402111e-01
2.583369195461273082e-01
2.651849031448364480e-01
2.582298904657364114e-01
2.497659981250762995e-01
2.452767819166183361e-01
2.454132169485092052e-01
2.685918062925338745e-01
2.723741590976714866e-01
2.753205746412277222e-01
2.470694512128829845e-01
2.435626298189163264e-01
2.400699496269226019e-01
2.405682921409607045e-01
2.683239668607712014e-01
2.615045040845870861e-01
2.849407166242599598e-01
2.886331140995025413e-01
2.590614229440689198e-01
2.560377210378647073e-01
2.489562034606933594e-01
2.617700159549712913e-01
2.524909973144531250e-01
2.469372898340225220e-01
2.488017380237579346e-01
2.395316123962402399e-01
2.417000651359558216e-01
2.396360516548156627e-01
2.378799676895141657e-01
2.413314551115036122e-01
2.430454522371292003e-01
2.434571951627731434e-01
2.480462491512298584e-01
2.510209679603576660e-01
2.569098949432372936e-01
2.455974906682968084e-01
2.473003327846527155e-01
2.516627520322799461e-01
2.443976908922195490e-01
2.443033277988433949e-01
2.398661434650421198e-01
2.377817869186401312e-01
2.387921154499053900e-01
2.386113941669464056e-01
2.431930869817733876e-01
2.378884702920913696e-01
2.422097235918045099e-01
2.379094690084457286e-01
2.380583375692367498e-01
2.428790450096130482e-01
2.389388769865035955e-01
2.506930500268936268e-01
2.431501626968383678e-01
2.456653386354446522e-01
2.491011977195739802e-01
2.572127342224120872e-01
2.576108515262603982e-01
2.698231905698776356e-01
2.485454678535461426e-01
2.501388728618622048e-01
2.582570344209670909e-01
2.494310945272445734e-01
2.589164853096008190e-01
2.476679027080535833e-01
2.409117072820663452e-01
2.378005981445312500e-01
2.355979919433593694e-01
2.428806900978088268e-01
2.736624926328659058e-01
2.698574036359787098e-01
2.629355996847152488e-01
2.608811259269714355e-01
2.500060677528381237e-01
2.489148348569870106e-01
2.480646789073944203e-01
2.439137935638427679e-01
2.361724615097045843e-01
2.338425099849700817e-01
2.354704320430755504e-01
2.359733849763870350e-01
2.378959447145461981e-01
2.434362769126892090e-01
2.453230708837509100e-01
2.438598930835723932e-01
2.493548840284347534e-01
2.479907810688018743e-01
2.463659077882766613e-01
2.333341896533966120e-01
2.341619253158569447e-01
2.343420982360839844e-01
2.354291707277297863e-01
2.338515847921371349e-01
2.390938937664031927e-01
2.436035454273223766e-01
2.433662742376327404e-01
2.382820844650268555e-01
2.394510447978973333e-01
2.402665108442306463e-01
2.519044190645217673e-01
2.355492085218429676e-01
2.358044922351837103e-01
2.402219802141189464e-01
2.453884989023208674e-01
2.402193099260330200e-01
2.452937006950378362e-01
2.416858673095703125e-01
2.343732446432113536e-01
2.287308007478713878e-01
2.301610469818115290e-01
2.294730693101882935e-01
2.295204877853393444e-01
2.297115743160247914e-01
2.324432224035263006e-01
2.303422927856445257e-01
2.310941010713577215e-01
2.356963366270065363e-01
2.418982833623886108e-01
2.388127714395523182e-01
2.309844374656677135e-01
2.313880652189254650e-01
2.317778199911117443e-01
2.290776103734969982e-01
2.290657162666320801e-01
2.292578697204589733e-01
2.307038545608520452e-01
2.329453408718109020e-01
2.308359205722808893e-01
2.356244117021560613e-01
2.446998059749603271e-01
2.375105232000351008e-01
2.344655066728592030e-01
2.438044816255569569e-01
2.381077617406845148e-01
2.395999968051910345e-01
2.445943564176559504e-01
2.310847163200378529e-01
2.306244522333145142e-01
2.283431053161621149e-01
2.281144648790359442e-01
2.282006114721298329e-01
2.272165924310684260e-01
2.294369399547576960e-01
2.300381183624267689e-01
2.294568270444869995e-01
2.267467319965362493e-01
2.271865069866180475e-01
2.350446552038192860e-01
2.337101280689239391e-01
2.384384065866470281e-01
2.326081514358520619e-01
2.403244256973266491e-01
2.319323509931564276e-01
2.345348387956619207e-01
2.382412135601043590e-01
2.373779624700546320e-01
2.301073282957077082e-01
2.337592810392379872e-01
2.389051288366317860e-01
2.269344955682754406e-01
2.286197602748870905e-01
2.301207944750785772e-01
2.316199630498886053e-01
2.285874307155609242e-01
2.337291121482849010e-01
2.354454129934310802e-01
2.341385006904602162e-01
2.364305615425109919e-01
2.325321435928344727e-01
2.331373006105423029e-01
2.341554164886474609e-01
2.321305274963378906e-01
2.393782734870910645e-01
2.292498737573623602e-01
2.328148365020751842e-01
2.427772283554077148e-01
2.330864071846008301e-01
2.353153824806213379e-01
2.342029690742492565e-01
2.292683899402618297e-01
2.325834035873413086e-01
2.432362377643585150e-01
2.368625253438949585e-01
2.359088450670242254e-01
2.343698143959045410e-01
2.377988189458846990e-01
2.343104749917984120e-01
2.311724901199340709e-01
2.247878462076187134e-01
2.259781271219253596e-01
2.257007867097854670e-01
2.248246520757675171e-01
2.257694363594055231e-01
2.246056169271469227e-01
2.239151000976562500e-01
2.249887883663177490e-01
2.240814894437789806e-01
2.236074298620223944e-01
2.240567326545715443e-01
2.237248718738555908e-01
2.246554672718047985e-01
2.286186963319778442e-01
2.288393497467041127e-01
2.291172474622726329e-01
2.263030052185058538e-01
2.254475295543670599e-01
2.241823971271514893e-01
2.248805999755859319e-01
2.284302085638046376e-01
2.265242934226989746e-01
2.245832383632659912e-01
2.254193097352981678e-01
2.233717560768127552e-01
2.252294659614562933e-01
2.266762793064117376e-01
2.236487343907356262e-01
2.242651462554931530e-01
2.263102322816848699e-01
2.249935001134872326e-01
2.251667678356170654e-01
2.275171071290969793e-01
2.270296275615692194e-01
2.274158507585525568e-01
2.301641583442687877e-01
2.269167512655258234e-01
2.256452262401580922e-01
2.249983370304107777e-01
2.247165292501449585e-01
2.263576179742813055e-01
2.251097947359085027e-01
2.275394856929779108e-01
2.261446535587310902e-01
2.347580850124359186e-01
2.384286314249038641e-01
2.285139322280883845e-01
2.319186776876449585e-01
2.354337662458419744e-01
2.322371095418929998e-01
2.307736247777938954e-01
2.291093289852142445e-01
2.265071183443069514e-01
2.254543334245681652e-01
2.237157464027404730e-01
2.245041072368621771e-01
2.257012963294982855e-01
2.259831786155700739e-01
2.263928323984146229e-01
2.310349047183990479e-01
2.251307129859924372e-01
2.257525354623794445e-01
2.265077412128448375e-01
2.244162708520889282e-01
2.247853577136993408e-01
2.239966601133346613e-01
2.246233403682708629e-01
2.237623333930969238e-01
2.244087994098663275e-01
2.225543141365051159e-01
2.231107473373413197e-01
2.226436376571655218e-01
2.226643234491348378e-01
2.239022672176361195e-01
2.251501053571701161e-01
2.270989596843719371e-01
2.260453283786773571e-01
2.290662199258804432e-01
2.257422596216201727e-01
2.281276077032089178e-01
2.217712372541427723e-01
2.233668684959411732e-01
2.259660065174102783e-01
2.245243757963180653e-01
2.226856678724288829e-01
2.221623867750167902e-01
2.222094684839248657e-01
2.228797644376754872e-01
2.268182098865509089e-01
2.232394039630890004e-01
2.274136811494827382e-01
2.250814557075500599e-01
2.249077022075653132e-01
2.232847183942794911e-01
2.241244673728942927e-01
2.219496607780456487e-01
2.224817544221878163e-01
2.217662870883941595e-01
2.260181367397308405e-01
2.268933534622192272e-01
2.223369747400283924e-01
2.230526477098465077e-01
2.234243899583816528e-01
2.221795752644538935e-01
2.217034518718719593e-01
2.213368028402328547e-01
2.212775796651840210e-01
2.211751788854598999e-01
2.210826039314270075e-01
2.210746914148330744e-01
2.214455366134643610e-01
2.212477177381515503e-01
2.215961426496505793e-01
2.211325258016586248e-01
2.218844234943389837e-01
2.215735197067260631e-01
2.208452165126800482e-01
2.212003499269485363e-01
2.212141990661621038e-01
2.208488017320632824e-01
2.209034085273742787e-01
2.209422022104263195e-01
2.211395591497421209e-01
2.206106781959533691e-01
2.213693946599960272e-01
2.209614723920822199e-01
2.215510547161102239e-01
2.212062686681747492e-01
2.210197836160659735e-01
2.212760120630264393e-01
2.206016987562179621e-01
2.224553197622299305e-01
2.204821020364761408e-01
2.217199623584747425e-01
2.210044682025909535e-01
2.209825605154037420e-01
2.209612250328064076e-01
2.205403536558151190e-01
2.213538467884063610e-01
2.205106407403945867e-01
2.208930432796478160e-01
2.208166867494583130e-01
2.208473801612854115e-01
2.206118345260620062e-01
2.208050012588501088e-01
2.209032118320465032e-01
2.211159199476241954e-01
2.210264235734939464e-01
2.219163000583648793e-01
2.222581475973129383e-01
2.204171746969222911e-01
2.205727726221084484e-01
2.210617840290069469e-01
2.205245345830917358e-01
2.212463259696960394e-01
2.211140483617782537e-01
2.215095102787017767e-01
2.207213193178176880e-01
2.205027967691421398e-01
2.225808858871460016e-01
2.206168711185455267e-01
2.248355299234390259e-01
2.231222361326217762e-01
2.212703377008438110e-01
2.223952323198318537e-01
2.205460011959075872e-01
2.214817732572555431e-01
2.205173522233963013e-01
2.209775656461715754e-01
2.210925787687301747e-01
2.206897020339965709e-01
2.206335604190826361e-01
2.207162201404571644e-01
2.207301527261734120e-01
2.208992958068847767e-01
2.211412817239761242e-01
2.207281202077865656e-01
2.200468018651008661e-01
2.208322614431381115e-01
2.197562098503112737e-01
2.201791077852249257e-01
2.199528694152831920e-01
2.203672796487808339e-01
2.198546111583709606e-01
2.198070496320724543e-01
2.199066698551178090e-01
2.199042648077011164e-01
2.212978124618530384e-01
2.204181373119354359e-01
2.217552483081817738e-01
2.236343771219253540e-01
2.201429694890975897e-01
2.202409684658050426e-01
2.203039884567260798e-01
2.202111363410949596e-01
2.200778812170028631e-01
2.201780885457992609e-01
2.204818218946456854e-01
2.202512532472610529e-01
2.194823175668716431e-01
2.197982251644134410e-01
2.196250647306442205e-01
2.196613788604736273e-01
2.195209458470344654e-01
2.196894466876983532e-01
2.194806218147277721e-01
2.195496678352356068e-01
2.194316685199737549e-01
2.195543289184570257e-01
2.195120632648467907e-01
2.199391275644302368e-01
2.197564035654067938e-01
2.199933230876922607e-01
2.199865758419036754e-01
2.196966588497161754e-01
2.197797000408172607e-01
2.193898588418960460e-01
2.199731081724166926e-01
2.193449974060058538e-01
2.195259660482406505e-01
2.198070839047431835e-01
2.193716645240783580e-01
2.200062364339828436e-01
2.192957758903503473e-01
2.194120705127716175e-01
2.194355010986328014e-01
2.193691819906234686e-01
2.195754945278167725e-01
2.194737941026687622e-01
2.199738770723342896e-01
2.195158988237380926e-01
2.193260639905929565e-01
2.196125864982604869e-01
2.194497346878051813e-01
2.194118171930313221e-01
2.196077704429626465e-01
2.195682287216186579e-01
2.192879647016525158e-01
2.193866193294525258e-01
2.192121803760528620e-01
2.192929893732070978e-01
2.193270802497863659e-01
2.192210257053375244e-01
2.195449978113174494e-01
2.195852607488632258e-01
2.194418102502822820e-01
2.193116158246994074e-01
2.194729417562484852e-01
2.194120973348617498e-01
2.191766738891601507e-01
2.192007839679717962e-01
2.194309800863266102e-01
2.191796779632568248e-01
2.192730307579040527e-01
2.191537708044052069e-01
2.191674411296844482e-01
2.193131223320960999e-01
2.190591126680374034e-01
2.192148238420486561e-01
2.192673653364181630e-01
2.190424442291259710e-01
2.195129513740539662e-01
2.190375447273254506e-01
2.191080361604690607e-01
2.191800147294998280e-01
2.191367387771606390e-01
2.191249400377273671e-01
2.190191626548766979e-01
2.191980451345443837e-01
2.193681448698043823e-01
2.192345857620239258e-01
2.200847387313842884e-01
2.190846160054206737e-01
2.199249744415283092e-01
2.191567271947860718e-01
2.194344401359558105e-01
2.189840674400329590e-01
2.196328401565551813e-01
2.191715627908706610e-01
2.196939766407012828e-01
2.191747933626174982e-01
2.190221577882766613e-01
2.190099209547042847e-01
2.189655423164367787e-01
2.193128973245620783e-01
2.188631862401962391e-01
2.189984112977981512e-01
2.190733671188354603e-01
2.190968215465545765e-01
2.191871762275695856e-01
2.194504857063293568e-01
2.189779728651046753e-01
2.190751284360885620e-01
2.189734250307083241e-01
2.193276405334472767e-01
2.191077768802642822e-01
2.197271674871444647e-01
2.193352103233337513e-01
2.199162155389785822e-01
2.210328191518783625e-01
2.215525358915328979e-01
2.198106229305267223e-01
2.195174336433410589e-01
2.189241141080856268e-01
2.191340774297714233e-01
2.189600348472595104e-01
2.189655661582946833e-01
2.188286200165748541e-01
2.186998754739761242e-01
2.187090843915939220e-01
2.186794668436050360e-01
2.188153326511383112e-01
2.187094122171401867e-01
2.186918348073959295e-01
2.186898052692413386e-01
2.187288492918014471e-01
2.186713293194770813e-01
2.186872124671936091e-01
2.186967432498931885e-01
2.186436474323272816e-01
2.186877220869064276e-01
2.186277002096176092e-01
2.188689142465591320e-01
2.188136756420135387e-01
2.185429662466049083e-01
2.187328636646270752e-01
2.186782330274582020e-01
2.187169462442398182e-01
2.186513572931289562e-01
2.187071025371551403e-01
2.187762379646301381e-01
2.186776697635650635e-01
2.186707109212875366e-01
2.188759624958038219e-01
2.187217563390731756e-01
2.188471466302871760e-01
2.185764461755752563e-01
2.186014115810394343e-01
2.186271518468856923e-01
2.186059087514877208e-01
2.187461018562316950e-01
2.187879711389541515e-01
2.186368733644485363e-01
2.185869932174682728e-01
2.187935352325439398e-01
2.186258375644683782e-01
2.185779780149459950e-01
2.185262888669967651e-01
2.186735630035400446e-01
2.187422066926956177e-01
2.188820838928222656e-01
2.185387313365936279e-01
2.184817969799041637e-01
2.187995016574859619e-01
2.186943829059600775e-01
2.185354620218276922e-01
2.185851424932479803e-01
2.187592804431915394e-01
2.185127764940261730e-01
2.185452699661254994e-01
2.185387015342712402e-01
2.185879796743392944e-01
2.185196191072464045e-01
2.186183512210845836e-01
2.185273498296737560e-01
2.185360133647918646e-01
2.184498280286789051e-01
2.185130804777145330e-01
2.185009837150573841e-01
2.185489982366561890e-01
2.184205651283264160e-01
2.187501519918441661e-01
2.186652153730392345e-01
2.185323089361190796e-01
2.184428215026855413e-01
2.185936361551284735e-01
2.183889031410217174e-01
2.188284575939178356e-01
2.186505109071731623e-01
2.184999138116836548e-01
2.186047941446304377e-01
2.185467898845672718e-01
2.186151325702667125e-01
2.185319364070892334e-01
2.184577137231826782e-01
2.184184640645980835e-01
2.184031933546066173e-01
2.186925202608108465e-01
2.185561031103134266e-01
2.184007734060287587e-01
2.184482693672180065e-01
2.185541540384292603e-01
2.185247838497161865e-01
2.185139805078506470e-01
2.185727179050445668e-01
2.184239685535430964e-01
2.184248119592666626e-01
2.183661639690399059e-01
2.182903200387954767e-01
2.185919165611266979e-01
2.182714641094207764e-01
2.183317422866821178e-01
2.183544009923935048e-01
2.183788955211639349e-01
2.183347314596176258e-01
2.183638751506805364e-01
2.183200657367706243e-01
2.183006048202514593e-01
2.183105558156967219e-01
2.183108627796173096e-01
2.184127300977706798e-01
2.183571994304656927e-01
2.182830095291137806e-01
2.182806074619293157e-01
2.183873146772384588e-01
2.182589739561081044e-01
2.182651430368423573e-01
2.185311317443847656e-01
2.183299690485000499e-01
2.182465910911560170e-01
2.183035492897033580e-01
2.183174073696136364e-01
2.183775633573531993e-01
2.182822629809379467e-01
2.183198958635330089e-01
2.182974457740783636e-01
2.182993382215499822e-01
2.183400869369506725e-01
2.182308346033096369e-01
2.182423055171966442e-01
2.182513415813445989e-01
2.182373583316802867e-01
2.182515680789947621e-01
2.182294845581054799e-01
2.182405859231948964e-01
2.182444453239441029e-01
2.182304769754409846e-01
2.182573348283767811e-01
2.182827740907669067e-01
2.182277321815490612e-01
2.182433068752288874e-01
2.182610780000686646e-01
2.182581156492233165e-01
2.182523518800735529e-01
2.181954801082611195e-01
2.182367026805877575e-01
2.181967049837112427e-01
2.181781530380249023e-01
2.182961583137512096e-01
2.182095319032669178e-01
2.182069778442382868e-01
2.182593822479247936e-01
2.182223021984100453e-01
2.182968646287918035e-01
2.181737005710601696e-01
2.181801497936248779e-01
2.181523248553275951e-01
2.182895362377166859e-01
2.183201566338539013e-01
2.181933626532554515e-01
2.181880891323089711e-01
2.182036280632018987e-01
2.182837486267089899e-01
2.182606369256973322e-01
2.182018369436264094e-01
2.181698799133300892e-01
2.181774646043777577e-01
2.181408822536468617e-01
2.181459873914718683e-01
2.183380693197250477e-01
2.182539105415344238e-01
2.181534975767135676e-01
2.182120054960250966e-01
2.181537598371505737e-01
2.180793493986129816e-01
2.184349238872528021e-01
2.182216525077819713e-01
2.183371663093566784e-01
2.181767076253890991e-01
2.181205391883850042e-01
2.181205540895461981e-01
2.181461110711097606e-01
2.181926667690277100e-01
2.181243389844894354e-01
2.181276142597198542e-01
2.181117892265319880e-01
2.180943042039871216e-01
2.181736618280410711e-01
2.180966854095459095e-01
2.181020796298980824e-01
2.181453526020050160e-01
2.180813521146774403e-01
2.180881172418594471e-01
2.181499630212783702e-01
2.180763274431228582e-01
2.181148499250412098e-01
2.181206941604614258e-01
2.181846201419830322e-01
2.180866777896880992e-01
2.180866301059722900e-01
