9.516340446472167258e+00
9.383521127700806375e+00
9.267704296112061257e+00
9.282178568840027566e+00
9.156099605560303445e+00
9.143925857543944602e+00
9.081778454780579324e+00
9.081671690940856578e+00
9.190120673179626110e+00
9.180375576019287109e+00
9.161237621307373402e+00
9.138915777206420898e+00
9.115132045745848899e+00
9.109026241302490945e+00
9.105902481079102273e+00
9.128009986877440696e+00
9.137802028656006215e+00
9.139201331138611550e+00
9.137992954254150035e+00
9.119094359874726052e+00
9.130463790893553977e+00
9.128517675399780984e+00
9.125360393524170277e+00
9.135803270339966531e+00
9.108484840393066051e+00
9.098481655120849609e+00
9.112762165069579368e+00
9.192793464660644176e+00
9.150779962539672852e+00
9.128174853324889426e+00
9.086568641662598367e+00
9.046290683746338601e+00
9.081797623634338734e+00
9.030081558227539773e+00
9.016327285766601918e+00
9.019964790344237926e+00
9.015394186973571422e+00
9.212615680694579368e+00
9.146844291687012074e+00
9.217143774032592773e+00
9.224658823013305309e+00
9.204821395874024148e+00
9.153200149536132812e+00
9.128037929534912109e+00
9.096193778514862771e+00
9.070486950874329324e+00
9.114877045154571533e+00
9.114181995391845703e+00
9.104871487617492321e+00
9.114789962768554688e+00
9.061287081241607311e+00
9.073141181468963978e+00
9.087304484844207053e+00
9.050885868072509055e+00
9.078495979309082031e+00
9.083410120010375621e+00
9.091740655899048562e+00
9.215613365173339844e+00
9.126910579204558616e+00
9.079915428161621449e+00
9.066710710525512695e+00
9.041363191604613547e+00
9.047870182991028187e+00
9.032611775398255105e+00
9.032567811012267356e+00
9.051122438907622580e+00
9.093391513824462535e+00
9.222480034828185680e+00
9.232796478271485086e+00
9.179917776584625599e+00
9.148581790924072976e+00
9.167535281181335094e+00
9.221636295318603516e+00
9.046633601188659668e+00
9.085445928573609109e+00
9.087144255638122559e+00
9.032090234756470437e+00
9.016595256328582053e+00
9.098919486999511363e+00
9.124720954895019887e+00
9.100447654724121094e+00
9.132953882217407227e+00
9.154817056655883079e+00
9.074684143066406250e+00
9.059512972831726074e+00
9.049200320243835804e+00
9.041246211528777721e+00
9.010656666755675559e+00
8.970160770416260476e+00
9.156830167770385387e+00
9.049734210968017223e+00
8.954487800598144531e+00
8.971031332015991566e+00
9.034741914272307994e+00
9.018868303298949840e+00
9.022047579288482666e+00
9.143009448051452992e+00
9.164432215690613504e+00
9.147101402282714844e+00
9.083663272857666726e+00
9.027671623229981179e+00
9.058811569213867543e+00
8.970485305786132457e+00
8.960338783264159446e+00
8.948530244827271218e+00
8.905764007568359730e+00
8.893964958190917258e+00
8.884980773925780895e+00
8.967843818664551492e+00
8.941368007659912465e+00
8.904022979736328836e+00
8.972438907623290660e+00
8.970689153671264293e+00
8.980964422225952148e+00
8.941406250000000000e+00
8.938723134994507546e+00
8.934988307952881570e+00
8.913713240623474476e+00
8.893349242210387473e+00
8.873956251144409890e+00
8.891997766494750266e+00
8.867957377433777211e+00
8.883573627471923473e+00
8.903833293914795277e+00
8.893398380279540660e+00
8.896539688110351562e+00
8.938572311401367543e+00
8.899514007568360086e+00
8.880557775497436523e+00
8.884348225593566184e+00
8.871796011924743652e+00
8.858651256561278942e+00
8.861397743225097656e+00
8.871258449554442649e+00
8.890284156799316051e+00
8.866614389419556375e+00
8.846102166175842996e+00
8.858455467224121804e+00
8.811672163009642844e+00
8.884720325469970703e+00
8.835793304443360086e+00
8.799936902523040061e+00
8.842060327529907227e+00
8.839497947692871449e+00
8.815343940258026478e+00
8.847659969329834340e+00
8.835398268699645286e+00
8.838736343383789773e+00
8.852210688591004129e+00
8.834223443269729970e+00
8.844515466690063832e+00
8.852774238586425426e+00
8.863695716857909801e+00
8.913278651237487082e+00
9.046936798095703836e+00
8.923717200756072998e+00
8.873481893539429066e+00
8.857393169403076527e+00
8.825986146926879883e+00
8.819030189514160512e+00
8.800428748130798340e+00
8.805293834209441783e+00
8.829961490631102805e+00
8.828052043914794922e+00
8.815922164916992543e+00
8.784072685241699929e+00
8.784652137756348012e+00
8.753412342071532848e+00
8.769028460979461315e+00
8.751001024246216176e+00
8.766080188751221414e+00
8.739990580081940408e+00
8.755093145370484109e+00
8.844497370719910379e+00
8.857948541641235352e+00
8.828888607025145774e+00
8.810536283254624124e+00
8.972810733318329568e+00
8.908756732940673828e+00
8.847712182998657582e+00
8.836453771591186168e+00
8.822834455966949818e+00
8.857613146305084229e+00
8.862986612319947000e+00
8.849326515197754262e+00
8.889168542623519187e+00
8.853565025329590554e+00
8.872136974334717152e+00
8.847815418243408558e+00
8.847814369201660867e+00
8.869503068923950906e+00
8.895073318481445668e+00
8.897978627681732533e+00
8.903850436210632324e+00
8.896204781532286887e+00
8.910180616378784890e+00
8.891740894317626598e+00
8.933259224891662242e+00
8.911393785476684926e+00
8.888786911964416504e+00
8.883502006530761719e+00
8.899245500564575195e+00
8.924311351776122336e+00
8.902550017833709362e+00
8.896830332279204612e+00
8.918911123275757191e+00
8.918310427665710804e+00
8.897067940235137584e+00
8.908028697967528942e+00
8.890472364425658469e+00
8.892228794097899680e+00
8.891307592391967773e+00
8.878992724418640847e+00
8.887081360816955211e+00
8.854850363731383567e+00
8.897815227508544922e+00
8.851967477798462269e+00
8.837420821189880371e+00
8.841208636760711670e+00
8.858111095428466086e+00
8.860921657085418346e+00
8.854234278202056885e+00
8.833955311775207875e+00
8.849097013473510742e+00
8.820691418647765403e+00
8.805499649047851207e+00
8.812930655479430442e+00
8.799336242675781961e+00
8.815134572982788796e+00
8.788920664787292836e+00
8.809817314147949219e+00
8.811125481128692982e+00
8.812607026100158336e+00
8.807628884911537170e+00
8.806329679489135032e+00
8.807610225677489524e+00
8.823722171783447976e+00
8.804602622985839844e+00
8.802793264389038086e+00
8.817481803894043679e+00
8.813632869720459340e+00
8.820192718505859730e+00
8.791003322601318004e+00
8.777462196350096946e+00
8.770054435729980113e+00
8.777279949188232067e+00
8.768645596504210715e+00
8.766089820861816762e+00
8.781186962127685902e+00
8.768947935104369762e+00
8.780715203285216930e+00
8.750013566017150524e+00
8.756555074453354237e+00
8.752511119842528942e+00
8.774207401275635476e+00
8.750072783231734874e+00
8.762880706787109730e+00
8.753327369689941406e+00
8.759337902069091797e+00
8.762209177017211914e+00
8.769160079956055398e+00
8.764469194412232156e+00
8.755078125000000711e+00
8.751743388175963645e+00
8.756073164939881082e+00
8.751016247272492166e+00
8.743973064422608132e+00
8.752118158340454812e+00
8.744257259368897195e+00
8.734991979598998313e+00
8.748293596506119485e+00
8.743167519569396973e+00
8.744647645950317738e+00
8.743905627727508900e+00
8.744155216217041726e+00
8.740773963928223367e+00
8.736649703979491477e+00
8.724771720170974021e+00
8.710402441024779563e+00
8.701267147064209340e+00
8.736748892068863626e+00
8.723438644409180043e+00
8.729363107681274769e+00
8.737933349609374289e+00
8.729634070396423695e+00
8.712976741790772195e+00
8.708502554893494008e+00
8.737548625469207408e+00
8.730875325202941184e+00
8.731741118431092019e+00
8.744281029701232555e+00
8.742007589340209606e+00
8.735588216781616566e+00
8.721808314323425293e+00
8.727631044387816672e+00
8.714397764205932262e+00
8.720725488662719016e+00
8.722677135467529652e+00
8.717720150947570801e+00
8.695326566696166992e+00
8.701991367340088601e+00
8.697398900985717773e+00
8.693880939483642933e+00
8.707998847961425426e+00
8.698238563537596946e+00
8.707338905334472301e+00
8.697614669799804688e+00
8.690304708480834250e+00
8.709193563461303356e+00
8.687047886848450418e+00
8.703357410430907493e+00
8.694349384307860973e+00
8.695164656639098766e+00
8.716787528991698508e+00
8.685822314023971202e+00
8.692504107952117920e+00
8.691027736663818004e+00
8.681633043289185281e+00
8.702243137359619851e+00
8.694213438034058328e+00
8.687644624710083363e+00
8.691938364505768178e+00
8.687829267978667502e+00
8.682726073265076394e+00
8.681035232543944602e+00
8.675454068183899636e+00
8.667974472045898438e+00
8.680413484573364258e+00
8.673523902893066406e+00
8.664727243781090493e+00
8.681810712814330699e+00
8.669435191154480691e+00
8.682167243957518821e+00
8.696333503723144176e+00
8.670733636617660167e+00
8.679932594299316406e+00
8.677938127517700551e+00
8.665913105010986328e+00
8.664620780944824574e+00
8.673218441009520774e+00
8.678014945983886008e+00
8.675380849838257191e+00
8.675546693801880593e+00
8.666855239868164418e+00
8.671568191051482799e+00
8.674816823005675914e+00
8.666160583496093750e+00
8.672607326507568715e+00
8.684808862209319358e+00
8.655187988281250355e+00
8.658001899719238281e+00
8.658118486404418945e+00
8.640873217582702992e+00
8.661121356487274880e+00
8.650399005413055065e+00
8.650326478481293435e+00
8.662850522994995472e+00
8.657317048311233165e+00
8.647952747344969993e+00
8.652202746272086742e+00
8.655726432800292969e+00
8.642514896392821555e+00
8.643095684051512961e+00
8.640212535858154297e+00
8.640528154373168235e+00
8.634243646264076588e+00
8.633592087030411477e+00
8.631839716434479115e+00
8.634828329086303711e+00
8.620696067810058594e+00
8.627821063995360973e+00
8.621770477294921520e+00
8.621537160873412375e+00
8.624695301055908203e+00
8.613869857788085227e+00
8.625362086296082254e+00
8.614534902572632546e+00
8.625155925750732422e+00
8.614934915304184315e+00
8.615644854307173972e+00
8.615516662597656250e+00
8.608173465728759410e+00
8.598262971639632823e+00
8.609569072723388672e+00
8.584647679328918812e+00
8.589872574806213024e+00
8.589461994171141868e+00
8.598527044057846069e+00
8.596883225440979714e+00
8.600610923767089133e+00
8.605184364318848367e+00
8.610227823257446289e+00
8.606293964385987039e+00
8.627524471282958629e+00
8.605141949653624778e+00
8.610517382621765137e+00
8.600061067938804982e+00
8.600741574168205617e+00
8.601057529449462891e+00
8.599506354331969860e+00
8.591769790649413707e+00
8.589058184623718617e+00
8.600075435638427024e+00
8.592632150650024059e+00
8.595217227935791016e+00
8.601251125335693359e+00
8.582474064826964621e+00
8.594728004932402854e+00
8.581667613983153586e+00
8.583544540405274148e+00
8.588997840881347656e+00
8.592625129222870584e+00
8.592419385910034180e+00
8.589046001434326172e+00
8.583726835250853782e+00
8.582615137100219727e+00
8.576728773117064719e+00
8.581673812866210227e+00
8.573948860168457031e+00
8.582428860664368386e+00
8.570170056819915061e+00
8.589797294139861705e+00
8.572105407714843750e+00
8.586478018760681508e+00
8.571794986724853516e+00
8.569411468505858664e+00
8.583484570682049508e+00
8.574740839004515891e+00
8.575538051128386741e+00
8.578872394561766868e+00
8.566132354736328836e+00
8.584054231643676758e+00
8.581425189971923828e+00
8.580209827423095348e+00
8.571255731582642312e+00
8.575155746936797385e+00
8.580752468109130504e+00
8.573299431800842640e+00
8.582954001426696067e+00
8.571285772323609109e+00
8.585396575927735086e+00
8.577395057678222301e+00
8.568698310852051137e+00
8.573969054222107644e+00
8.586352473497390392e+00
8.564749979972839711e+00
8.567109012603760121e+00
8.571144676208495738e+00
8.583356380462646484e+00
8.567919111251830699e+00
8.563047480583190207e+00
8.574626025557517295e+00
8.567269229888916371e+00
8.559826374053955078e+00
8.564335665106773021e+00
8.552751064300537109e+00
8.570775747299194336e+00
8.576592373847962136e+00
8.559835925698280334e+00
8.553401929140090232e+00
8.563978934288025258e+00
8.563741779327392223e+00
8.562399959564208629e+00
8.564127731323242898e+00
8.553533887863158824e+00
8.571129465103149769e+00
8.538768529891967773e+00
8.572482085227965953e+00
8.557939624786376598e+00
8.553686308860779519e+00
8.550283494591713662e+00
8.546284437179565430e+00
8.548123478889465332e+00
8.544783282279968972e+00
8.553013134002686257e+00
8.560138225555419922e+00
8.556677985191345925e+00
8.555989861488342285e+00
8.550374364852904918e+00
8.548816919326782227e+00
8.547021865844726562e+00
8.551013612747192738e+00
8.543461775779723766e+00
8.558735561370848899e+00
8.548817014694213512e+00
8.550441646575928090e+00
8.553591966629028320e+00
8.543484640121459250e+00
8.554597759246826527e+00
8.543518877029418590e+00
8.551174664497375844e+00
8.549062371253967285e+00
8.542683947086334939e+00
8.551645803451538796e+00
8.548331975936889648e+00
8.539722502231597900e+00
8.549594593048094993e+00
8.542623186111450551e+00
8.546675688028335216e+00
8.552027893066405539e+00
8.541831398010254262e+00
8.542858314514159446e+00
8.543147277832030539e+00
8.553436183929443715e+00
8.550636386871337535e+00
8.552776455879211426e+00
8.549421387910843606e+00
8.546079540252685902e+00
8.534303450584411976e+00
8.563620281219481711e+00
8.543672323226928711e+00
8.558947753906249289e+00
8.539119672775267844e+00
8.554448413848877664e+00
8.540107986330985668e+00
8.553718662261962535e+00
8.533720207214354758e+00
8.547926235198975320e+00
8.540882456302643533e+00
8.551744127273559926e+00
8.538591691851616261e+00
8.554297828674316762e+00
8.529159182310104725e+00
8.548413085937500711e+00
8.541776180267333984e+00
8.542581081390380859e+00
8.541547393798827770e+00
8.541219997406006570e+00
8.551852989196778054e+00
8.541711568832397461e+00
8.560735130310058949e+00
8.537209457159042003e+00
8.547519874572753196e+00
8.534390562772751210e+00
8.545672225952149148e+00
8.532416725158691762e+00
8.539145183563231711e+00
8.540159207582473044e+00
8.537415003776549938e+00
8.541155600547790883e+00
8.541715860366821289e+00
8.540230751037597656e+00
8.544969177246093395e+00
8.539679145812987926e+00
8.546225047111510875e+00
8.544385623931884055e+00
8.542431378364563344e+00
8.539618396759033558e+00
8.542681217193603516e+00
8.542794878780842538e+00
8.542334747314452414e+00
8.546102619171142223e+00
8.539687043428420665e+00
8.540605744719504955e+00
8.540414524078368430e+00
8.541421127319335227e+00
8.544360089302063699e+00
8.533276009559632058e+00
8.542412209510803933e+00
8.534690618515014648e+00
8.542503356933593750e+00
8.536531734466553445e+00
8.544264799356460216e+00
8.535867118835449574e+00
8.537476468086243386e+00
8.538892173767090199e+00
8.545310449600219016e+00
8.542695236206053977e+00
8.550178885459899902e+00
8.529708290100098012e+00
8.525380611419677734e+00
8.542612910270690918e+00
8.548984146118163707e+00
8.540420472621917725e+00
8.540016505122185464e+00
8.534320044517517800e+00
8.544700860977172852e+00
8.536665630340575461e+00
8.536741971969604492e+00
8.539697399735450389e+00
8.535337924957275391e+00
8.547377133369446156e+00
8.522120714187622070e+00
8.538279521465302224e+00
8.541749477386474609e+00
8.540660011768341775e+00
8.535682296752929332e+00
8.535237640142440796e+00
8.534795254468917847e+00
8.534855532646179910e+00
8.539486122131346946e+00
8.538245916366577148e+00
8.542299318313599343e+00
8.538495707511902566e+00
8.541943264007567649e+00
8.535559654235839844e+00
8.536649879813193564e+00
8.532643318176269531e+00
8.535099810361861827e+00
8.548404407501219993e+00
8.539624786376952770e+00
8.542560434341430309e+00
8.536154842376708629e+00
8.538640499114990234e+00
8.534911298751831410e+00
8.538725900650025125e+00
8.529879140853882546e+00
8.544996160268784280e+00
8.531400418281554821e+00
8.539417132735252380e+00
8.528832435607910156e+00
8.539596271514891868e+00
8.531262636184692383e+00
8.534849762916564941e+00
8.529759830236434581e+00
8.537275815010071156e+00
8.540051740407943015e+00
8.530491209030151012e+00
8.542825031280518289e+00
8.529480648040770774e+00
8.534238243103027699e+00
8.533205986022949219e+00
8.532854104042053578e+00
8.533228635787963867e+00
8.534582901000977273e+00
8.531235933303833008e+00
8.536224460601806285e+00
8.534226274490356090e+00
8.537323570251464488e+00
8.528109431266784668e+00
8.541086292266845348e+00
8.530594122409819846e+00
8.534443616867065430e+00
8.533374723792075400e+00
8.534238362312317250e+00
8.534131717681884055e+00
8.536569529771805165e+00
8.537240409851074574e+00
8.532762622833251598e+00
8.537242507934569957e+00
8.530963975191117044e+00
8.543773841857909446e+00
8.525193572044372559e+00
8.533508157730102184e+00
8.540761864185332897e+00
8.527727222442626598e+00
8.536408042907714488e+00
8.533016967773438211e+00
8.531487417221068625e+00
8.534887313842773438e+00
8.530251121520995738e+00
8.533185386657715199e+00
8.532873576879500988e+00
8.530191993713378551e+00
8.534719824790954590e+00
8.532314920425415394e+00
8.533326435089112039e+00
8.532598638534546254e+00
8.533099734783172963e+00
8.534255659580230358e+00
8.529775714874267223e+00
8.538800120353698730e+00
8.526843166351318004e+00
8.536084878444672341e+00
8.527320528030395863e+00
8.536552852392196300e+00
8.524241495132447000e+00
8.533836323022843118e+00
8.532694864273072000e+00
8.537840270996094105e+00
8.527971982955932617e+00
8.532336807250976207e+00
8.530681133270263672e+00
8.533588194847107289e+00
8.529600620269775391e+00
8.535990172624588368e+00
8.530306148529053445e+00
8.537076902389525657e+00
8.526196265220642445e+00
8.533199405670165660e+00
8.526466941833495738e+00
8.534986591339110973e+00
8.527216100692749379e+00
8.535578250885009766e+00
8.523446941375732777e+00
8.534216308593750355e+00
8.533074474334716442e+00
8.523924207687377574e+00
8.531289267539978738e+00
8.523840308189392090e+00
8.534375190734863281e+00
8.527725648880004172e+00
8.532688212394713645e+00
8.525011157989501598e+00
8.530712574720382690e+00
8.534757280349731801e+00
8.532016420364380238e+00
8.527755451202391868e+00
8.527610349655152078e+00
8.532579135894774680e+00
8.525127601623534446e+00
8.527892708778381348e+00
8.529206085205078836e+00
8.528110027313232422e+00
8.529905295372008922e+00
8.530029755830764060e+00
8.530192339420318959e+00
8.528559815883635764e+00
8.529557728767395375e+00
8.529867589473724365e+00
8.529772567749024148e+00
8.528385925292969461e+00
8.529524445533752441e+00
8.526820635795592906e+00
8.528826236724853516e+00
8.535835552215576882e+00
8.529979467391967773e+00
8.531383919715882058e+00
8.530811786651611328e+00
8.529656267166137340e+00
8.526529216766357777e+00
8.528434634208679199e+00
8.532252430915832520e+00
8.529510235786437633e+00
8.531608648598194122e+00
8.528958964347840066e+00
8.530667734146117454e+00
8.528583012521266937e+00
8.530507546663283591e+00
8.529438900947571511e+00
8.527885532379150035e+00
8.530428600311278586e+00
8.530288314819335582e+00
8.529042768478394265e+00
8.529302215576171520e+00
8.531756019592284801e+00
8.530610275268553977e+00
8.530263447761536000e+00
8.528810501098632812e+00
8.527848529815674539e+00
8.530052062869071250e+00
8.527066966891288402e+00
8.528919243812561390e+00
8.529341363906860707e+00
8.528324794769286399e+00
8.531213665008545277e+00
8.529246854782105203e+00
8.530531883239746094e+00
8.528918409347534535e+00
8.528713035583496804e+00
8.529187107086181996e+00
8.526073980331421609e+00
8.526361918449401500e+00
8.525501155853271840e+00
8.527685546875000355e+00
8.529341506958008523e+00
8.528228378295898082e+00
8.528594112396239879e+00
8.528995275497436523e+00
8.525699234008788707e+00
8.530033349990844727e+00
8.529976749420166371e+00
8.527574968338011985e+00
8.527866888046265359e+00
8.528517341613769176e+00
8.525903224945068359e+00
8.529512166976928711e+00
8.526509284973144531e+00
8.527333784103394265e+00
8.528055095672607777e+00
8.527740573883056285e+00
8.526752567291259410e+00
8.528395056724548340e+00
8.528771424293518422e+00
8.530295222997665405e+00
8.525866413116455433e+00
8.527913951873779652e+00
8.532549834251403453e+00
8.523486709594726207e+00
8.527953004837035778e+00
8.527870130538939719e+00
8.525412631034850364e+00
8.526325511932373757e+00
8.525272080302238820e+00
8.527349424362181907e+00
8.525957822799682617e+00
8.526277542114257812e+00
8.527077198028564453e+00
8.524996995925903320e+00
8.529345989227294922e+00
8.528468871116638539e+00
8.526024806499481912e+00
8.531789207458496449e+00
8.526590329408644919e+00
8.527396595478057506e+00
8.526074051856994629e+00
8.528660154342651012e+00
8.526520538330078836e+00
8.527640366554260609e+00
8.526859569549561257e+00
8.527292013168334961e+00
8.528862795233726146e+00
8.526627540588378906e+00
8.525876808166504617e+00
8.528471946716308594e+00
8.527482867240905762e+00
8.526954364776610618e+00
8.526624917984008789e+00
8.527395153045654652e+00
8.527397811412811279e+00
8.527375382184981589e+00
8.527034091949463601e+00
8.527584362030030007e+00
8.527776557207108254e+00
8.526252412796020863e+00
8.527442216873168945e+00
8.527014064788819070e+00
8.527024936676024680e+00
8.528622460365294700e+00
8.527819585800170188e+00
8.526811599731445312e+00
8.526985740661620738e+00
8.527121233940125222e+00
8.526595914363861439e+00
8.527687072753906250e+00
8.527142113447188976e+00
8.526627868413925171e+00
8.527864933013916016e+00
8.528096055984496715e+00
8.526646637916565297e+00
8.526325798034667613e+00
8.528714847564696555e+00
8.527556419372558594e+00
8.526790189743042703e+00
8.527426028251648304e+00
8.526290035247802379e+00
8.526645880937575583e+00
8.526415872573853250e+00
8.527029120922088978e+00
8.526571297645569203e+00
8.526327347755431774e+00
8.527553844451905007e+00
8.527419853210449929e+00
8.527050590515136363e+00
8.527253767848014476e+00
8.527307176589966176e+00
8.528161144256591442e+00
8.527381277084350231e+00
8.525620287656783702e+00
8.527644929289817100e+00
8.527261748909950256e+00
8.526317977905273793e+00
8.526620197296143289e+00
8.526549172401427512e+00
8.528104591369629617e+00
8.526511764526366832e+00
8.527843642234802957e+00
8.527098369598387961e+00
8.526908683776856179e+00
8.527748012542724965e+00
8.526131558418274636e+00
8.524518752098083851e+00
8.528329658508301492e+00
8.528169727325439098e+00
8.525199921429157612e+00
8.527755522727966664e+00
8.526769495010375621e+00
8.526148033142089133e+00
8.528227186203002574e+00
8.527267146110535379e+00
8.527099418640137429e+00
8.526479911804198508e+00
8.526362872123717906e+00
8.527045154571533558e+00
8.526391983032226562e+00
8.526324009895324352e+00
8.526542806625366566e+00
8.526657748222351785e+00
8.526824080944061635e+00
8.526767301559448953e+00
8.527208900451659801e+00
8.526606345176697133e+00
8.526806259155273793e+00
8.527239227294922230e+00
8.526471090316771750e+00
8.526498985290526633e+00
8.526269626617430930e+00
8.527100419998168590e+00
8.526061558723450062e+00
8.525089406967163441e+00
8.528634643554687145e+00
8.526759362220763805e+00
8.525999975204467063e+00
8.526817414164543862e+00
8.526421236991883035e+00
8.525876617431640270e+00
8.525832843780516868e+00
8.526451063156127219e+00
8.526741218566893821e+00
8.526193165779114125e+00
8.526109158992767334e+00
8.526651430130005593e+00
8.526419830322264914e+00
8.525924473255873437e+00
8.526173552870750072e+00
8.526314544677735086e+00
8.526002931594849343e+00
8.526247882843017933e+00
8.526117038726805930e+00
8.526115477085113525e+00
8.526279914379120584e+00
8.526244974136352184e+00
8.526421260833739524e+00
8.526077270507812500e+00
8.526068203151226044e+00
8.526618385314941762e+00
8.526206952333449607e+00
8.525441503524779918e+00
8.526271495223046060e+00
8.526836776733398793e+00
8.526025544106961007e+00
8.526207137107849832e+00
8.526976299285887961e+00
8.526315212249755859e+00
8.525937518477439525e+00
8.525877857208252308e+00
8.525952625274658914e+00
8.526330113410949707e+00
8.526069021224975231e+00
8.526376342773437145e+00
8.526495921611786599e+00
8.525753736495971680e+00
8.525906753540038352e+00
8.526648807525635476e+00
8.526355457305907493e+00
8.526077461242675071e+00
8.525951671600342507e+00
8.525814342498780007e+00
8.526115036010741832e+00
8.526206135749816895e+00
8.526034426689147239e+00
8.526049804687499289e+00
8.525989127159117942e+00
8.526269817352295277e+00
8.525873851776122336e+00
8.525930309295654652e+00
8.526952445507049561e+00
8.526533126831054688e+00
8.525820851325988770e+00
8.526201891899109597e+00
8.526189613342285867e+00
8.525739502906798606e+00
8.526000761985779164e+00
8.526136851310729625e+00
8.526193189620972390e+00
8.526048541069030762e+00
8.525574958324432018e+00
8.525812673568726296e+00
8.526110267639159801e+00
8.525961160659790039e+00
8.525980186462401633e+00
8.526680707931518555e+00
8.526096904277801869e+00
8.525365638732910867e+00
8.526064109802245383e+00
8.526272344589234109e+00
8.525572395324706676e+00
8.525375294685364480e+00
8.526427876949309592e+00
8.526164203882217407e+00
8.526020669937134144e+00
8.525688552856445668e+00
8.525290658324957249e+00
8.526620459556578879e+00
8.526552224159241078e+00
8.525159740447998402e+00
8.525485980510712380e+00
8.526265048980713246e+00
8.525700664520263317e+00
8.525264549255371804e+00
8.525365352630615234e+00
8.525764703750610352e+00
8.525934076309203746e+00
8.525845432281494496e+00
8.525959563255309348e+00
8.525825405120849965e+00
8.525115132331848145e+00
8.525686621665954590e+00
8.525835704803466086e+00
8.525117564201355691e+00
8.525527381896973012e+00
8.525745105743407493e+00
8.525460553169249778e+00
8.526384490728379006e+00
8.526557016372681375e+00
8.524932593107223511e+00
8.524454784393309836e+00
8.526673603057862039e+00
8.527110719680786488e+00
8.525000524520873313e+00
8.523700428009032493e+00
8.525577950477600808e+00
8.526904678344726207e+00
8.526561665534973855e+00
8.525352716445922852e+00
8.525077867507935281e+00
8.525638198852538707e+00
8.526060295104979758e+00
8.525702095031737926e+00
8.525238752365112305e+00
8.525314903259276988e+00
8.525394797325134277e+00
8.525618553161621094e+00
8.525652647018432617e+00
8.525466428697109578e+00
8.525290703773498180e+00
8.525552272796630859e+00
8.525764513015747781e+00
8.525757527351379039e+00
8.525727844238280895e+00
8.525447988510132191e+00
8.525283521413802745e+00
8.525473201274872181e+00
8.525694596767426248e+00
8.525664329528808594e+00
8.525426626205444336e+00
8.525309765338898060e+00
8.525485396385192871e+00
8.525448703765869496e+00
8.525159645080567117e+00
8.525119733810424094e+00
8.525593805313111062e+00
8.525839853286743875e+00
8.525565981864929199e+00
8.525611114501952414e+00
8.525399374961853738e+00
8.525362491607666016e+00
8.525550699234008434e+00
8.525504970550537465e+00
8.525515222549438832e+00
8.525430440902709961e+00
8.525456643104552867e+00
8.525495135039090400e+00
8.525541996955871227e+00
8.525582146644591575e+00
8.525512695312500000e+00
8.525176674127578735e+00
8.525233960151672008e+00
8.525310677289962058e+00
8.525789773464202526e+00
8.525606679916382546e+00
8.525179481506347301e+00
8.525326228141784313e+00
8.525630569458007457e+00
8.525613760948180797e+00
8.525185871124268289e+00
8.525311136245727894e+00
8.525669869780539756e+00
8.525431895256042836e+00
8.524980974197386985e+00
8.525071132183075662e+00
8.525320196151733754e+00
8.525257062911986594e+00
8.525337195396422985e+00
8.525424909591674094e+00
8.525388669967650657e+00
8.525483703613280895e+00
8.525504302978514914e+00
8.525479221343994496e+00
8.525226223468781228e+00
8.525237655639648082e+00
8.525500284135342000e+00
8.525225782394409535e+00
8.524937427043914440e+00
8.525094294548035023e+00
8.525454711914061789e+00
8.525507259368897195e+00
8.525044485926628113e+00
8.525208187103270774e+00
8.525540447235107067e+00
8.525249099731444957e+00
8.524874544143676403e+00
8.525187563896178489e+00
8.525676202774047141e+00
8.525308921933174133e+00
8.525111532211303356e+00
8.525115871429443715e+00
8.525326770544051413e+00
8.525215816497802024e+00
8.524829888343811390e+00
8.524844169616699219e+00
8.525326514244079945e+00
8.525365710258483887e+00
8.524940192699432373e+00
8.525276374816893821e+00
8.525270795822143199e+00
8.525119113922119851e+00
8.525360631942749734e+00
8.525415611267089133e+00
8.525162601470947621e+00
8.525201463699341176e+00
8.525424861907959340e+00
8.525516176223755238e+00
8.525401878356934304e+00
8.525110697746276500e+00
8.524894094467162731e+00
8.524826812744141336e+00
8.525134611129761453e+00
8.525345569849013927e+00
8.525406283140181785e+00
8.525140571594238992e+00
8.525043678283690696e+00
8.525080394744872336e+00
8.525056076049803977e+00
8.525182318687438254e+00
8.525286388397216086e+00
8.525248783826828713e+00
8.525037360191344504e+00
8.525049829483032582e+00
8.525058269500732422e+00
8.525164008140563965e+00
8.525131702423095703e+00
8.525152540206908824e+00
8.525241386890410666e+00
8.525080430507660623e+00
8.524994182586670632e+00
8.524943125247954612e+00
8.524998927116394398e+00
8.525193274021148682e+00
8.525168228149414773e+00
8.525172841548918967e+00
8.525131505727767234e+00
8.525121760368346457e+00
8.525026535987853649e+00
8.524933481216431019e+00
8.524970626831054332e+00
8.525045466423033957e+00
8.525152635574340110e+00
8.525223004817963357e+00
8.525165256857871299e+00
8.525113058090209250e+00
8.524991130828857067e+00
8.524817180633544211e+00
8.524967288970946910e+00
8.525088474154472351e+00
8.525012826919555309e+00
8.525037956237792258e+00
8.525020360946655273e+00
8.524972152709960227e+00
8.525026655197143199e+00
8.524993431568145041e+00
8.525017213821410422e+00
8.525112152099609375e+00
8.524886465072631481e+00
8.524828338623047230e+00
8.525054836273193715e+00
8.525180578231811523e+00
8.525195318460465188e+00
8.525004196166992898e+00
8.524767537415026908e+00
8.524878716468810680e+00
8.525110363960266113e+00
8.525194931030274148e+00
8.525053977966308594e+00
8.524855923652648215e+00
8.524806165695190785e+00
8.524904394149780629e+00
8.524978160858154297e+00
8.525033020973205922e+00
8.525108620524406433e+00
8.525123333930968883e+00
8.524844741821288707e+00
8.524722528457640891e+00
8.524719285964966531e+00
8.524931359291077371e+00
8.525277614593505859e+00
8.525329542160033469e+00
8.524880409240722656e+00
8.524726295471191762e+00
8.524805212020874379e+00
8.524878931045531516e+00
8.524980340898036246e+00
8.524867677688598988e+00
8.524815940856933949e+00
8.524863302707672119e+00
8.524941301345824840e+00
8.524960660934448597e+00
8.524982237815857289e+00
8.524981563538313267e+00
8.524833965301514382e+00
8.524660205841064098e+00
8.524720692634582875e+00
8.524890112876892800e+00
8.525040912628174539e+00
8.525119018554686789e+00
8.524992740154266002e+00
8.524808502197265270e+00
8.524946641921996360e+00
8.525007319450377707e+00
8.524826145172118785e+00
