1.092034369707107544e+00
1.065684556961059570e+00
1.038903385400772095e+00
9.833526313304901123e-01
1.123569548130035400e+00
1.055789470672607422e+00
9.930677413940429688e-01
9.763441383838653564e-01
1.002748101949691772e+00
1.181230157613754272e+00
1.046413421630859375e+00
1.180518537759780884e+00
1.026256263256072998e+00
1.066014230251312256e+00
1.030630350112915039e+00
8.382572829723358154e-01
9.717609584331512451e-01
1.003889828920364380e+00
9.368231892585754395e-01
6.671633124351501465e-01
8.674394190311431885e-01
1.131584227085113525e+00
1.010900259017944336e+00
1.019431531429290771e+00
1.014530956745147705e+00
9.912071228027343750e-01
9.879936575889587402e-01
1.025242030620574951e+00
8.715763986110687256e-01
9.533829391002655029e-01
1.207377463579177856e+00
9.158124625682830811e-01
8.915119767189025879e-01
9.326983094215393066e-01
9.329779744148254395e-01
7.809715867042541504e-01
9.972985684871673584e-01
9.995330274105072021e-01
1.075651407241821289e+00
1.486973196268081665e+00
1.269010394811630249e+00
9.459178447723388672e-01
9.099985659122467041e-01
9.744176268577575684e-01
1.027245998382568359e+00
7.015119791030883789e-01
8.841713070869445801e-01
8.878373503684997559e-01
9.389866292476654053e-01
7.504649758338928223e-01
1.092944622039794922e+00
9.660598933696746826e-01
7.418418228626251221e-01
1.118501275777816772e+00
9.007111191749572754e-01
1.044717043638229370e+00
1.094302773475646973e+00
1.072907090187072754e+00
9.550338387489318848e-01
8.099976778030395508e-01
9.480900168418884277e-01
1.011638373136520386e+00
7.299705743789672852e-01
1.031321823596954346e+00
8.199097514152526855e-01
8.403970599174499512e-01
1.140294134616851807e+00
1.196231126785278320e+00
1.158973574638366699e+00
1.015764683485031128e+00
1.045521408319473267e+00
1.072709590196609497e+00
1.002804040908813477e+00
9.711623787879943848e-01
1.097922712564468384e+00
1.083183676004409790e+00
9.396115839481353760e-01
8.492535948753356934e-01
1.109595149755477905e+00
1.045877307653427124e+00
9.362777471542358398e-01
8.848231136798858643e-01
1.136288434267044067e+00
9.295866191387176514e-01
9.743464887142181396e-01
8.466930687427520752e-01
8.310337364673614502e-01
8.123026192188262939e-01
8.719917535781860352e-01
7.439036816358566284e-01
6.810444891452789307e-01
8.286114037036895752e-01
9.497070908546447754e-01
8.527897894382476807e-01
5.992815420031547546e-01
9.156547784805297852e-01
1.040053278207778931e+00
9.876342117786407471e-01
9.088171422481536865e-01
9.472514390945434570e-01
8.573693931102752686e-01
8.045023679733276367e-01
8.141481578350067139e-01
8.533073663711547852e-01
6.183759421110153198e-01
5.616352260112762451e-01
6.940760016441345215e-01
6.800044178962707520e-01
8.343994915485382080e-01
8.108051717281341553e-01
8.849498033523559570e-01
7.986835837364196777e-01
7.973736822605133057e-01
7.815389335155487061e-01
6.432822048664093018e-01
8.561640679836273193e-01
8.970078527927398682e-01
6.303507983684539795e-01
7.656440436840057373e-01
6.519403159618377686e-01
1.064667388796806335e+00
9.209886491298675537e-01
7.633633315563201904e-01
7.607309818267822266e-01
5.590568780899047852e-01
7.930878698825836182e-01
9.235886037349700928e-01
6.879574060440063477e-01
7.521983385086059570e-01
7.636407315731048584e-01
6.070293784141540527e-01
7.205115556716918945e-01
6.597795486450195312e-01
6.566906869411468506e-01
6.276813149452209473e-01
6.221352815628051758e-01
4.194095954298973083e-01
5.862784981727600098e-01
7.169580161571502686e-01
4.186438657343387604e-01
5.236702114343643188e-01
8.231775164604187012e-01
6.339287161827087402e-01
5.376374870538711548e-01
6.422110497951507568e-01
6.759139001369476318e-01
6.204753220081329346e-01
6.184855848550796509e-01
7.113704383373260498e-01
5.987424105405807495e-01
7.706362605094909668e-01
7.663558721542358398e-01
7.704090476036071777e-01
1.061651706695556641e+00
6.648070067167282104e-01
6.978658437728881836e-01
6.148934960365295410e-01
6.330243051052093506e-01
4.710427820682525635e-01
5.132130980491638184e-01
5.810705721378326416e-01
5.978493094444274902e-01
6.833927333354949951e-01
6.481986343860626221e-01
4.677124470472335815e-01
6.772111058235168457e-01
6.727727353572845459e-01
7.445959895849227905e-01
6.402256488800048828e-01
6.563639640808105469e-01
6.506478190422058105e-01
5.712728798389434814e-01
5.518509298563003540e-01
7.966392338275909424e-01
5.712694078683853149e-01
5.133232772350311279e-01
6.833807528018951416e-01
8.022151291370391846e-01
6.175586283206939697e-01
8.212706148624420166e-01
5.087767690420150757e-01
6.522388458251953125e-01
6.940499842166900635e-01
5.887757986783981323e-01
6.746131777763366699e-01
5.018339157104492188e-01
6.252028644084930420e-01
7.256895005702972412e-01
8.266310244798660278e-01
7.154098153114318848e-01
7.738012075424194336e-01
6.572673618793487549e-01
7.958207279443740845e-01
7.371762990951538086e-01
6.584012806415557861e-01
6.979525983333587646e-01
5.872071385383605957e-01
4.345441609621047974e-01
8.112362325191497803e-01
6.539154350757598877e-01
7.355589270591735840e-01
7.356650531291961670e-01
8.724035918712615967e-01
8.028220832347869873e-01
6.728515326976776123e-01
6.985590457916259766e-01
5.996544361114501953e-01
6.815952360630035400e-01
4.540567919611930847e-01
5.650601238012313843e-01
6.852757036685943604e-01
4.128695353865623474e-01
5.015315860509872437e-01
5.509481579065322876e-01
4.830272793769836426e-01
4.987679570913314819e-01
5.913149863481521606e-01
4.649169892072677612e-01
6.867272555828094482e-01
4.912261217832565308e-01
4.769801348447799683e-01
5.335689187049865723e-01
5.352644324302673340e-01
6.735100746154785156e-01
5.037331432104110718e-01
3.872375562787055969e-01
7.434972673654556274e-01
6.108447164297103882e-01
5.875399261713027954e-01
5.716262757778167725e-01
5.518320202827453613e-01
4.775026589632034302e-01
4.541334509849548340e-01
4.680078923702239990e-01
6.845368891954421997e-01
5.929849445819854736e-01
4.133987128734588623e-01
4.982518106698989868e-01
4.942181110382080078e-01
6.368233412504196167e-01
6.728050708770751953e-01
5.070844739675521851e-01
5.353244841098785400e-01
3.780393227934837341e-01
5.688812136650085449e-01
3.328356929123401642e-01
4.097298830747604370e-01
6.020212918519973755e-01
5.262970030307769775e-01
3.608871102333068848e-01
4.015443325042724609e-01
3.632889389991760254e-01
5.037760138511657715e-01
4.706956297159194946e-01
5.604563206434249878e-01
4.263717979192733765e-01
4.959021806716918945e-01
6.461088508367538452e-01
3.444177880883216858e-01
4.590846151113510132e-01
5.285299271345138550e-01
5.286084115505218506e-01
4.173209071159362793e-01
4.534071534872055054e-01
5.519941300153732300e-01
5.693745166063308716e-01
4.625098705291748047e-01
3.924694955348968506e-01
3.402256593108177185e-01
3.661308139562606812e-01
2.773597277700901031e-01
2.893933393061161041e-01
4.049666672945022583e-01
4.564182162284851074e-01
3.597347736358642578e-01
3.716485053300857544e-01
4.438899755477905273e-01
5.601118206977844238e-01
5.021903663873672485e-01
5.062486231327056885e-01
3.657703399658203125e-01
4.062948524951934814e-01
3.522435501217842102e-01
3.768313527107238770e-01
4.341197311878204346e-01
3.945543691515922546e-01
3.894856721162796021e-01
3.649962469935417175e-01
6.240348368883132935e-01
3.515108525753021240e-01
3.233166784048080444e-01
5.911662578582763672e-01
3.992044031620025635e-01
3.750634193420410156e-01
4.087116420269012451e-01
3.941815495491027832e-01
3.375279456377029419e-01
6.979090496897697449e-01
3.354736864566802979e-01
2.547321571037173271e-01
6.372652053833007812e-01
3.537607640027999878e-01
3.852231651544570923e-01
3.274130225181579590e-01
3.337306454777717590e-01
3.530598282814025879e-01
4.918517619371414185e-01
4.811791330575942993e-01
2.925270572304725647e-01
5.374663770198822021e-01
4.163031876087188721e-01
4.906280487775802612e-01
5.388361960649490356e-01
3.514280170202255249e-01
3.266857042908668518e-01
5.290736854076385498e-01
4.587068706750869751e-01
2.583260629326105118e-01
2.661347314715385437e-01
4.678818434476852417e-01
4.562398791313171387e-01
3.730254322290420532e-01
5.558156371116638184e-01
3.076661229133605957e-01
3.103627115488052368e-01
2.867115568369626999e-01
5.386058986186981201e-01
4.392542690038681030e-01
3.732628077268600464e-01
4.486884623765945435e-01
3.686967343091964722e-01
4.445741921663284302e-01
3.364054113626480103e-01
4.350896328687667847e-01
2.931777760386466980e-01
4.514165669679641724e-01
3.367227315902709961e-01
3.674566894769668579e-01
4.621093273162841797e-01
4.336561560630798340e-01
4.881718009710311890e-01
6.094775274395942688e-01
5.388673841953277588e-01
5.009403377771377563e-01
3.561228960752487183e-01
4.092836081981658936e-01
4.049624055624008179e-01
3.070460632443428040e-01
3.318414241075515747e-01
2.865201532840728760e-01
2.196728950366377831e-01
3.846057653427124023e-01
2.215615008026361465e-01
2.841165289282798767e-01
3.974050134420394897e-01
3.610815554857254028e-01
4.888160526752471924e-01
2.623656652867794037e-01
3.874492943286895752e-01
3.225115239620208740e-01
3.315179646015167236e-01
4.828678816556930542e-01
3.087841719388961792e-01
3.012296035885810852e-01
2.391002299264073372e-01
3.640414625406265259e-01
3.725385218858718872e-01
3.933495432138442993e-01
4.254259616136550903e-01
2.329643964767456055e-01
3.553399890661239624e-01
3.198435306549072266e-01
4.605779647827148438e-01
3.316375613212585449e-01
3.956417143344879150e-01
5.333765745162963867e-01
4.774785041809082031e-01
3.752664476633071899e-01
3.333124518394470215e-01
6.644792482256889343e-01
4.268107265233993530e-01
2.309332378208637238e-01
3.646427392959594727e-01
2.291770391166210175e-01
4.501018822193145752e-01
4.387710243463516235e-01
4.276225417852401733e-01
6.003786996006965637e-01
4.776984602212905884e-01
2.651462405920028687e-01
4.541778564453125000e-01
2.378029786050319672e-01
4.404452145099639893e-01
3.292280137538909912e-01
4.039001166820526123e-01
3.667620271444320679e-01
2.527537569403648376e-01
3.305727541446685791e-01
4.809693843126296997e-01
2.482940703630447388e-01
3.272879421710968018e-01
3.696590960025787354e-01
3.707539737224578857e-01
3.401693403720855713e-01
2.849430665373802185e-01
3.176623061299324036e-01
2.886270880699157715e-01
2.247065398842096329e-01
3.738737553358078003e-01
3.664983510971069336e-01
4.523700773715972900e-01
4.218973368406295776e-01
2.722248211503028870e-01
2.218370763584971428e-01
2.956078648567199707e-01
3.755120933055877686e-01
2.888901829719543457e-01
3.210189193487167358e-01
2.799236029386520386e-01
3.021641224622726440e-01
3.737793564796447754e-01
2.114566341042518616e-01
4.015561193227767944e-01
2.129160221666097641e-01
3.150949180126190186e-01
3.877958655357360840e-01
4.164842218160629272e-01
4.065851718187332153e-01
3.752092719078063965e-01
3.152844905853271484e-01
3.344925343990325928e-01
4.399184733629226685e-01
4.495976418256759644e-01
2.565340809524059296e-01
2.273639719933271408e-01
2.555779330432415009e-01
3.455132395029067993e-01
3.473131954669952393e-01
2.247633682563900948e-01
3.259477615356445312e-01
2.892754748463630676e-01
3.470370322465896606e-01
3.161053955554962158e-01
2.348780175670981407e-01
3.343845605850219727e-01
4.889131411910057068e-01
3.427616804838180542e-01
3.165699020028114319e-01
3.303426802158355713e-01
4.724063575267791748e-01
3.367959558963775635e-01
3.368230164051055908e-01
3.141385763883590698e-01
4.732432216405868530e-01
4.021909311413764954e-01
2.998569607734680176e-01
4.797607660293579102e-01
2.267069127410650253e-01
4.377802908420562744e-01
3.795346319675445557e-01
2.605890110135078430e-01
2.237881366163492203e-01
3.650572150945663452e-01
3.827029764652252197e-01
4.487539231777191162e-01
2.110622376203536987e-01
4.462128728628158569e-01
4.704847633838653564e-01
2.171899881213903427e-01
2.381795160472393036e-01
3.442340493202209473e-01
3.008134216070175171e-01
3.125825673341751099e-01
2.600138299167156219e-01
3.534488976001739502e-01
3.646766394376754761e-01
3.346395790576934814e-01
2.109252680093050003e-01
3.086431920528411865e-01
3.873542249202728271e-01
4.907494708895683289e-01
3.850166648626327515e-01
3.173701316118240356e-01
2.595769464969635010e-01
3.395572453737258911e-01
3.497958183288574219e-01
2.274654041975736618e-01
4.745273143053054810e-01
2.801035717129707336e-01
3.673054128885269165e-01
2.748404815793037415e-01
3.517717868089675903e-01
2.175786965526640415e-01
3.069010972976684570e-01
3.421159386634826660e-01
3.365133851766586304e-01
3.199866116046905518e-01
5.076692998409271240e-01
3.502431511878967285e-01
2.760756760835647583e-01
4.745379984378814697e-01
2.302451133728027344e-01
2.176432609558105469e-01
2.363720256835222244e-01
4.636469930410385132e-01
4.749071225523948669e-01
3.733521699905395508e-01
2.835812792181968689e-01
3.908696621656417847e-01
2.098039360716938972e-01
3.616238832473754883e-01
3.579027205705642700e-01
3.023049309849739075e-01
4.050042033195495605e-01
3.257889449596405029e-01
3.811175823211669922e-01
2.553271986544132233e-01
3.468639254570007324e-01
5.655028745532035828e-01
4.785358384251594543e-01
2.723143398761749268e-01
2.772559300065040588e-01
4.136814773082733154e-01
2.194144111126661301e-01
3.683391809463500977e-01
5.606479197740554810e-01
2.489502988755702972e-01
3.609155863523483276e-01
2.348832897841930389e-01
3.023732304573059082e-01
2.532357983291149139e-01
3.149461895227432251e-01
2.509156130254268646e-01
2.878912314772605896e-01
3.141076564788818359e-01
4.481581002473831177e-01
4.151491969823837280e-01
2.720591127872467041e-01
4.291124790906906128e-01
3.745438903570175171e-01
2.393158785998821259e-01
2.304967734962701797e-01
3.292840421199798584e-01
5.088758170604705811e-01
4.570449441671371460e-01
3.674554079771041870e-01
3.268771320581436157e-01
3.037581071257591248e-01
3.072753399610519409e-01
4.652208536863327026e-01
2.821338698267936707e-01
4.894830211997032166e-01
4.859253242611885071e-01
3.778835237026214600e-01
2.612958997488021851e-01
2.278663497418165207e-01
5.341373383998870850e-01
3.552518486976623535e-01
3.470868766307830811e-01
3.666732013225555420e-01
4.034358263015747070e-01
3.629731982946395874e-01
3.615061640739440918e-01
4.308007359504699707e-01
3.568606227636337280e-01
4.078432768583297729e-01
4.963427707552909851e-01
2.810473218560218811e-01
2.456311434507369995e-01
1.990377008914947510e-01
3.606190234422683716e-01
3.312656134366989136e-01
4.192080944776535034e-01
3.206185698509216309e-01
3.139198422431945801e-01
2.613688930869102478e-01
3.199015557765960693e-01
3.533681929111480713e-01
3.497006297111511230e-01
2.940438836812973022e-01
3.453726172447204590e-01
2.501019388437271118e-01
2.103867959231138229e-01
4.404042065143585205e-01
4.391892850399017334e-01
3.395791202783584595e-01
3.870003223419189453e-01
2.413645759224891663e-01
2.916893064975738525e-01
2.384047061204910278e-01
3.312517404556274414e-01
2.636574432253837585e-01
2.610302418470382690e-01
3.688931316137313843e-01
3.273793905973434448e-01
3.047882616519927979e-01
3.094235658645629883e-01
2.421603240072727203e-01
5.625083893537521362e-01
2.653170302510261536e-01
2.482475899159908295e-01
2.606805823743343353e-01
3.201555907726287842e-01
3.013976439833641052e-01
5.347807407379150391e-01
2.122345762327313423e-01
4.715895950794219971e-01
2.305003944784402847e-01
4.693129062652587891e-01
2.810819149017333984e-01
4.536274224519729614e-01
3.461891859769821167e-01
3.251156955957412720e-01
4.568817913532257080e-01
2.481106556951999664e-01
3.337146341800689697e-01
4.569400846958160400e-01
3.440360128879547119e-01
3.205822557210922241e-01
3.261153101921081543e-01
2.507321797311306000e-01
2.141339308582246304e-01
4.379431009292602539e-01
3.058573231101036072e-01
3.842621594667434692e-01
3.703003376722335815e-01
3.180854618549346924e-01
2.402278073132038116e-01
3.510498106479644775e-01
4.022858887910842896e-01
3.876943588256835938e-01
2.815114781260490417e-01
4.507475048303604126e-01
2.360853739082813263e-01
3.099551647901535034e-01
4.164328426122665405e-01
3.910575509071350098e-01
2.773280069231987000e-01
3.498184978961944580e-01
2.659637555480003357e-01
3.973212242126464844e-01
2.991640940308570862e-01
4.268173128366470337e-01
3.412126749753952026e-01
2.098780453670769930e-01
4.138629585504531860e-01
2.394121233373880386e-01
2.348131611943244934e-01
3.665088415145874023e-01
2.947093695402145386e-01
3.145558983087539673e-01
2.176814172416925430e-01
2.228801455348730087e-01
3.633513748645782471e-01
3.916333317756652832e-01
2.592542916536331177e-01
3.486146330833435059e-01
2.601528838276863098e-01
3.135288059711456299e-01
2.150927344337105751e-01
3.321608155965805054e-01
3.386698365211486816e-01
2.546318136155605316e-01
2.885892987251281738e-01
3.279279172420501709e-01
3.695612251758575439e-01
3.856181949377059937e-01
3.797045797109603882e-01
2.942085936665534973e-01
3.803932964801788330e-01
2.480078116059303284e-01
2.477803938090801239e-01
4.682437330484390259e-01
3.401016891002655029e-01
5.142601281404495239e-01
2.451553121209144592e-01
3.254831582307815552e-01
2.201134338974952698e-01
2.760144770145416260e-01
2.463478706777095795e-01
3.348807394504547119e-01
2.687401100993156433e-01
4.159738570451736450e-01
3.487773686647415161e-01
4.133161008358001709e-01
3.279502689838409424e-01
2.271504625678062439e-01
2.683926522731781006e-01
3.107043951749801636e-01
2.331715207546949387e-01
5.395840480923652649e-01
2.638715729117393494e-01
2.584211081266403198e-01
3.805049508810043335e-01
3.578364998102188110e-01
4.572373479604721069e-01
2.792358845472335815e-01
3.049955815076828003e-01
2.646273598074913025e-01
4.014021754264831543e-01
3.403678834438323975e-01
3.979409039020538330e-01
3.558663427829742432e-01
3.777262270450592041e-01
3.374217301607131958e-01
4.623972624540328979e-01
4.354932606220245361e-01
3.903443366289138794e-01
3.663274347782135010e-01
3.663266897201538086e-01
3.524699658155441284e-01
3.034823089838027954e-01
3.547722697257995605e-01
3.467032462358474731e-01
3.423898220062255859e-01
4.446233958005905151e-01
3.756529241800308228e-01
3.117934912443161011e-01
2.895551994442939758e-01
2.353178951889276505e-01
3.708439171314239502e-01
2.278804779052734375e-01
5.001697763800621033e-01
4.287344962358474731e-01
2.582380361855030060e-01
2.555696517229080200e-01
5.091866776347160339e-01
3.638991713523864746e-01
5.174399688839912415e-01
4.719945341348648071e-01
3.251962661743164062e-01
3.488886803388595581e-01
3.208883106708526611e-01
2.937943786382675171e-01
4.338626712560653687e-01
2.958138585090637207e-01
4.309437423944473267e-01
2.695379331707954407e-01
3.783031851053237915e-01
2.867624610662460327e-01
3.412960171699523926e-01
3.086779415607452393e-01
3.748068809509277344e-01
2.990755364298820496e-01
2.266835290938615799e-01
2.785500362515449524e-01
3.533901572227478027e-01
3.728342801332473755e-01
3.553369045257568359e-01
4.779252409934997559e-01
3.567984849214553833e-01
3.261425644159317017e-01
2.766946479678153992e-01
3.265175521373748779e-01
2.958038672804832458e-01
2.407110519707202911e-01
3.870593309402465820e-01
4.338848739862442017e-01
3.288479894399642944e-01
4.500465691089630127e-01
4.405638426542282104e-01
3.597833812236785889e-01
4.317155629396438599e-01
3.044815286993980408e-01
3.247512131929397583e-01
2.517186589539051056e-01
3.800192177295684814e-01
3.797857612371444702e-01
2.253487026318907738e-01
3.524493128061294556e-01
4.685999006032943726e-01
3.511352390050888062e-01
3.368119299411773682e-01
3.077072128653526306e-01
2.732084840536117554e-01
4.097578972578048706e-01
4.363678246736526489e-01
3.430190682411193848e-01
2.437657937407493591e-01
2.391725685447454453e-01
4.269616901874542236e-01
5.364397987723350525e-01
4.607830643653869629e-01
2.260793745517730713e-01
3.474372774362564087e-01
4.816172868013381958e-01
2.166032902896404266e-01
3.882139623165130615e-01
3.531052321195602417e-01
2.860927060246467590e-01
4.722089618444442749e-01
3.569312989711761475e-01
3.573375046253204346e-01
2.300236411392688751e-01
2.218379480764269829e-01
5.067623183131217957e-01
3.450340330600738525e-01
5.158498212695121765e-01
2.350989226251840591e-01
2.298628911375999451e-01
2.771012336015701294e-01
3.874491006135940552e-01
3.297915905714035034e-01
3.309085816144943237e-01
4.464204162359237671e-01
5.287405923008918762e-01
3.924239873886108398e-01
3.573579788208007812e-01
3.255512714385986328e-01
4.114363044500350952e-01
2.644276693463325500e-01
3.217006772756576538e-01
2.358405869454145432e-01
3.791310638189315796e-01
3.031040206551551819e-01
3.234406858682632446e-01
2.297267820686101913e-01
2.775062024593353271e-01
4.528398066759109497e-01
3.585317134857177734e-01
2.660391405224800110e-01
4.155077040195465088e-01
2.355427425354719162e-01
3.455464243888854980e-01
4.368074983358383179e-01
3.529563993215560913e-01
3.931445330381393433e-01
5.470824614167213440e-01
4.411595612764358521e-01
2.736674398183822632e-01
2.929319739341735840e-01
3.018017187714576721e-01
2.715632915496826172e-01
2.932037562131881714e-01
2.664403393864631653e-01
4.389717429876327515e-01
3.146385401487350464e-01
2.635957151651382446e-01
3.384679853916168213e-01
2.287740614265203476e-01
4.340933859348297119e-01
3.254500776529312134e-01
4.951241537928581238e-01
3.719576597213745117e-01
2.603030242025852203e-01
4.367368370294570923e-01
2.891960665583610535e-01
2.627210691571235657e-01
3.922547698020935059e-01
2.809576392173767090e-01
3.327050954103469849e-01
2.311615422368049622e-01
2.501919865608215332e-01
2.886954471468925476e-01
2.279592817649245262e-01
4.397300928831100464e-01
3.049448207020759583e-01
4.345225989818572998e-01
2.439077161252498627e-01
2.565556354820728302e-01
3.633212745189666748e-01
4.082219898700714111e-01
2.265477804467082024e-01
3.602100908756256104e-01
2.920722439885139465e-01
3.082716986536979675e-01
2.218241840600967407e-01
4.039773643016815186e-01
3.540589511394500732e-01
4.393142908811569214e-01
3.505721092224121094e-01
3.978296518325805664e-01
3.394624441862106323e-01
2.331807259470224380e-01
2.559896931052207947e-01
2.820359766483306885e-01
3.806522637605667114e-01
2.347737159579992294e-01
2.346704695373773575e-01
3.250517547130584717e-01
3.484397828578948975e-01
2.960385605692863464e-01
3.858276605606079102e-01
5.631299093365669250e-01
2.695672288537025452e-01
3.270266503095626831e-01
2.999490574002265930e-01
2.462275624275207520e-01
3.277041912078857422e-01
3.582731783390045166e-01
3.855771422386169434e-01
3.065240457653999329e-01
4.444763213396072388e-01
4.235270619392395020e-01
3.825928419828414917e-01
2.844532802700996399e-01
3.259623348712921143e-01
3.289479315280914307e-01
2.956889122724533081e-01
2.753946259617805481e-01
3.687062710523605347e-01
4.946827292442321777e-01
2.880297377705574036e-01
2.250504670664668083e-01
4.183304309844970703e-01
4.246034324169158936e-01
3.375243097543716431e-01
2.270235167816281319e-01
3.502884209156036377e-01
5.265884622931480408e-01
2.972139641642570496e-01
4.243788868188858032e-01
2.976415455341339111e-01
3.505862504243850708e-01
3.654551059007644653e-01
3.399307876825332642e-01
4.269734472036361694e-01
3.806398212909698486e-01
3.330265879631042480e-01
3.866227716207504272e-01
4.416236132383346558e-01
4.324224442243576050e-01
3.638415932655334473e-01
4.063800126314163208e-01
3.137652426958084106e-01
3.009355887770652771e-01
3.104273825883865356e-01
3.696929812431335449e-01
2.310833428055047989e-01
2.399775423109531403e-01
3.291822373867034912e-01
4.118576198816299438e-01
2.509135566651821136e-01
5.351660922169685364e-01
4.633646160364151001e-01
4.151841104030609131e-01
4.730029851198196411e-01
3.127524703741073608e-01
2.643894553184509277e-01
4.438681751489639282e-01
5.207424610853195190e-01
3.603484183549880981e-01
3.454947620630264282e-01
4.186890274286270142e-01
3.132678568363189697e-01
3.383992165327072144e-01
5.309734195470809937e-01
4.582464545965194702e-01
3.543391674757003784e-01
4.341489374637603760e-01
4.005916863679885864e-01
2.378071080893278122e-01
2.958006262779235840e-01
4.106883853673934937e-01
3.696613460779190063e-01
2.399806790053844452e-01
5.336001440882682800e-01
3.175853639841079712e-01
3.460760563611984253e-01
2.446043491363525391e-01
3.506158292293548584e-01
2.627804726362228394e-01
3.508605062961578369e-01
2.716707885265350342e-01
3.879450112581253052e-01
5.856859311461448669e-01
2.327734660357236862e-01
3.512802869081497192e-01
3.943419903516769409e-01
3.293652832508087158e-01
2.562742941081523895e-01
3.292125761508941650e-01
5.298071727156639099e-01
3.889124244451522827e-01
4.043311923742294312e-01
3.145186454057693481e-01
3.157033920288085938e-01
3.403958231210708618e-01
4.754100590944290161e-01
3.394425064325332642e-01
2.534102909266948700e-01
2.346379160881042480e-01
2.583041749894618988e-01
4.486268162727355957e-01
5.341666266322135925e-01
4.338667839765548706e-01
4.614340811967849731e-01
4.109497517347335815e-01
3.790909796953201294e-01
4.605794101953506470e-01
3.437557667493820190e-01
3.161372989416122437e-01
2.299650367349386215e-01
2.364914156496524811e-01
3.180907517671585083e-01
3.918212503194808960e-01
4.398132264614105225e-01
3.438521176576614380e-01
2.338952757418155670e-01
3.483472019433975220e-01
3.447666019201278687e-01
3.036856576800346375e-01
4.016563147306442261e-01
2.318895217031240463e-01
4.736941158771514893e-01
3.934673368930816650e-01
3.864335566759109497e-01
2.891384065151214600e-01
4.501674622297286987e-01
3.818327188491821289e-01
2.334818840026855469e-01
3.046449869871139526e-01
2.507167272269725800e-01
2.638521641492843628e-01
3.049423024058341980e-01
3.813464790582656860e-01
4.432647079229354858e-01
3.507281243801116943e-01
3.642840534448623657e-01
3.640766441822052002e-01
2.664983719587326050e-01
2.343111634254455566e-01
3.406926393508911133e-01
2.914410308003425598e-01
4.793312251567840576e-01
3.227534145116806030e-01
3.165947496891021729e-01
2.351826373487710953e-01
2.728420272469520569e-01
4.630967527627944946e-01
2.250155704095959663e-01
3.686182647943496704e-01
2.335772402584552765e-01
3.656385689973831177e-01
3.414160907268524170e-01
2.764063552021980286e-01
2.803008630871772766e-01
5.178056433796882629e-01
4.431317746639251709e-01
4.400979727506637573e-01
3.503344357013702393e-01
3.873070329427719116e-01
3.915136605501174927e-01
2.988873496651649475e-01
2.266506301239132881e-01
2.734690159559249878e-01
2.278257124125957489e-01
2.933804243803024292e-01
4.218356460332870483e-01
2.473528347909450531e-01
3.095196858048439026e-01
2.363870721310377121e-01
2.997662648558616638e-01
2.913496568799018860e-01
3.522272855043411255e-01
3.145614564418792725e-01
3.146356195211410522e-01
3.803205788135528564e-01
4.699228256940841675e-01
4.204620420932769775e-01
5.329611524939537048e-01
3.170107156038284302e-01
3.432403951883316040e-01
3.969474136829376221e-01
4.019159376621246338e-01
4.381545931100845337e-01
3.225639760494232178e-01
4.921570345759391785e-01
3.198017179965972900e-01
4.272796064615249634e-01
4.558999985456466675e-01
4.529685229063034058e-01
3.940689414739608765e-01
2.842429801821708679e-01
2.719049379229545593e-01
3.476116955280303955e-01
2.597020678222179413e-01
3.534560501575469971e-01
3.370984792709350586e-01
2.632135823369026184e-01
3.164614140987396240e-01
3.427609503269195557e-01
3.356618285179138184e-01
3.960420936346054077e-01
4.230163693428039551e-01
2.987684980034828186e-01
3.448890000581741333e-01
4.103600829839706421e-01
4.299668818712234497e-01
4.059134125709533691e-01
3.908375054597854614e-01
2.693633288145065308e-01
4.423822760581970215e-01
3.410303145647048950e-01
3.285664916038513184e-01
2.266781898215413094e-01
3.954922407865524292e-01
3.726159483194351196e-01
5.023455694317817688e-01
4.006094485521316528e-01
3.002352714538574219e-01
3.862785398960113525e-01
4.348778575658798218e-01
2.218245952390134335e-01
5.477213114500045776e-01
3.935403525829315186e-01
2.531509622931480408e-01
2.415444813668727875e-01
3.470849096775054932e-01
3.291556388139724731e-01
4.981385096907615662e-01
3.456215560436248779e-01
2.462893240153789520e-01
4.563702940940856934e-01
3.585549890995025635e-01
5.016493722796440125e-01
4.762908369302749634e-01
3.602379262447357178e-01
2.647864148020744324e-01
4.767722934484481812e-01
3.450723141431808472e-01
3.031948879361152649e-01
4.747152477502822876e-01
4.598058462142944336e-01
3.348744213581085205e-01
5.174953192472457886e-01
3.576307594776153564e-01
2.971947416663169861e-01
4.342289417982101440e-01
3.426638394594192505e-01
2.191055261064320803e-01
3.536681681871414185e-01
2.213209359906613827e-01
3.905846923589706421e-01
4.837556332349777222e-01
3.521981835365295410e-01
3.532796055078506470e-01
4.106087237596511841e-01
2.789607867598533630e-01
2.725731581449508667e-01
3.929594457149505615e-01
4.094475656747817993e-01
4.153854548931121826e-01
4.485551118850708008e-01
3.083613961935043335e-01
3.040225282311439514e-01
2.437641471624374390e-01
4.238969534635543823e-01
2.208516751416027546e-01
4.095489084720611572e-01
3.117874860763549805e-01
2.778295427560806274e-01
2.593274638056755066e-01
3.409674167633056641e-01
3.851073533296585083e-01
4.352719783782958984e-01
3.949927836656570435e-01
2.697557210922241211e-01
3.302398025989532471e-01
3.317513614892959595e-01
2.416518963873386383e-01
2.772282585501670837e-01
2.696497216820716858e-01
2.882654443383216858e-01
2.331310212612152100e-01
4.248126000165939331e-01
2.771885171532630920e-01
3.111571967601776123e-01
6.044421717524528503e-01
5.303858369588851929e-01
3.648327887058258057e-01
3.905861675739288330e-01
3.370950073003768921e-01
3.276526927947998047e-01
2.429283335804939270e-01
2.436844259500503540e-01
2.195769879035651684e-01
3.568265438079833984e-01
3.017986267805099487e-01
3.013450726866722107e-01
4.217864274978637695e-01
3.321511149406433105e-01
4.824155420064926147e-01
4.514540135860443115e-01
3.815949410200119019e-01
3.889086395502090454e-01
2.460040450096130371e-01
2.582834586501121521e-01
2.469247728586196899e-01
3.866106122732162476e-01
2.872057929635047913e-01
3.975013196468353271e-01
2.366651352494955063e-01
3.363535106182098389e-01
3.613175302743911743e-01
3.234016299247741699e-01
2.539751641452312469e-01
3.297625035047531128e-01
3.468443453311920166e-01
2.394975554198026657e-01
