1.616806030273437500e+00
1.588727593421936035e+00
1.725217521190643311e+00
1.065539479255676270e+00
1.057702958583831787e+00
9.990610182285308838e-01
9.124849438667297363e-01
9.391551315784454346e-01
1.026181727647781372e+00
9.504386484622955322e-01
9.413694143295288086e-01
9.250188767910003662e-01
9.361449182033538818e-01
8.755552172660827637e-01
8.946328461170196533e-01
8.171019256114959717e-01
8.874178528785705566e-01
8.975711464881896973e-01
8.967753648757934570e-01
7.897209525108337402e-01
9.871940016746520996e-01
9.088910818099975586e-01
1.053010374307632446e+00
9.250794649124145508e-01
8.743386864662170410e-01
9.190107882022857666e-01
9.356089234352111816e-01
9.949281513690948486e-01
9.048490822315216064e-01
8.160259723663330078e-01
8.302604854106903076e-01
1.216957300901412964e+00
9.201558232307434082e-01
8.678214848041534424e-01
8.230617642402648926e-01
7.470437586307525635e-01
1.051071763038635254e+00
1.072698742151260376e+00
9.963572919368743896e-01
1.038468599319458008e+00
9.952058792114257812e-01
9.650238454341888428e-01
8.524716496467590332e-01
8.374586999416351318e-01
7.936562001705169678e-01
7.728944718837738037e-01
1.035025119781494141e+00
8.954603075981140137e-01
9.286776185035705566e-01
9.903998374938964844e-01
8.532247245311737061e-01
8.997460305690765381e-01
9.556224048137664795e-01
9.865993559360504150e-01
1.043803364038467407e+00
9.624851644039154053e-01
1.078941643238067627e+00
9.447112679481506348e-01
8.828236460685729980e-01
8.338972032070159912e-01
9.188662469387054443e-01
9.960169792175292969e-01
7.940686643123626709e-01
8.677458167076110840e-01
8.825401365756988525e-01
7.551060318946838379e-01
1.080028891563415527e+00
1.232708513736724854e+00
1.001200795173645020e+00
9.930543601512908936e-01
8.447043001651763916e-01
1.111159563064575195e+00
9.363152086734771729e-01
1.039809882640838623e+00
9.945422112941741943e-01
9.264040589332580566e-01
9.104693531990051270e-01
9.161666631698608398e-01
9.991522133350372314e-01
9.789984524250030518e-01
9.722200930118560791e-01
9.575347602367401123e-01
1.038250029087066650e+00
8.732692301273345947e-01
1.036418139934539795e+00
9.157106578350067139e-01
8.224339187145233154e-01
8.568316102027893066e-01
7.922869026660919189e-01
8.599407672882080078e-01
1.002781659364700317e+00
8.817221820354461670e-01
8.560279309749603271e-01
7.677686512470245361e-01
7.644473016262054443e-01
7.886673808097839355e-01
1.163049817085266113e+00
1.068884670734405518e+00
9.272528290748596191e-01
8.711374104022979736e-01
8.360815048217773438e-01
7.854242026805877686e-01
7.782219350337982178e-01
7.540861666202545166e-01
7.549214065074920654e-01
6.630169451236724854e-01
6.675766706466674805e-01
6.866252124309539795e-01
8.335091173648834229e-01
7.076190114021301270e-01
8.003032505512237549e-01
7.916586399078369141e-01
6.882705986499786377e-01
8.023567497730255127e-01
7.219608426094055176e-01
9.699307978153228760e-01
7.800525128841400146e-01
8.044898211956024170e-01
6.970179677009582520e-01
6.692631840705871582e-01
7.033995091915130615e-01
6.768827140331268311e-01
6.320117413997650146e-01
7.934922575950622559e-01
6.764701008796691895e-01
7.096899449825286865e-01
8.847462832927703857e-01
7.723663449287414551e-01
7.504743933677673340e-01
7.362692952156066895e-01
6.510719060897827148e-01
6.542314589023590088e-01
6.228303611278533936e-01
6.346814930438995361e-01
5.649771690368652344e-01
5.138467550277709961e-01
5.345372408628463745e-01
6.283717155456542969e-01
6.622977256774902344e-01
5.323743969202041626e-01
5.835833251476287842e-01
8.553491532802581787e-01
8.597377240657806396e-01
6.342043876647949219e-01
6.365804970264434814e-01
6.052629351615905762e-01
6.418302059173583984e-01
7.791274189949035645e-01
7.704863846302032471e-01
7.048464417457580566e-01
6.716864705085754395e-01
7.602114975452423096e-01
7.102922201156616211e-01
8.359707295894622803e-01
6.889015436172485352e-01
6.442942023277282715e-01
7.041298151016235352e-01
5.666694641113281250e-01
6.300102174282073975e-01
5.108319669961929321e-01
6.879097819328308105e-01
5.473665297031402588e-01
5.904347300529479980e-01
6.232269406318664551e-01
5.064423382282257080e-01
5.808944106101989746e-01
5.462208092212677002e-01
5.285512953996658325e-01
4.973726868629455566e-01
4.929649084806442261e-01
5.132218897342681885e-01
5.217211395502090454e-01
6.581184864044189453e-01
6.224481165409088135e-01
5.420564115047454834e-01
5.654384195804595947e-01
9.892614483833312988e-01
8.399746716022491455e-01
7.583017349243164062e-01
6.928932964801788330e-01
6.584160923957824707e-01
6.802368462085723877e-01
6.829911768436431885e-01
8.126575648784637451e-01
6.978207230567932129e-01
8.677280843257904053e-01
7.657179832458496094e-01
7.784399688243865967e-01
8.153261244297027588e-01
7.053857147693634033e-01
6.842777132987976074e-01
7.066827416419982910e-01
6.097537279129028320e-01
6.215041279792785645e-01
5.204947590827941895e-01
6.205536723136901855e-01
7.113322913646697998e-01
5.336743593215942383e-01
9.392739832401275635e-01
8.369684219360351562e-01
6.958853006362915039e-01
6.812473535537719727e-01
7.075725495815277100e-01
6.230851113796234131e-01
6.221517026424407959e-01
6.443247497081756592e-01
5.775039792060852051e-01
5.404738485813140869e-01
4.872285574674606323e-01
5.233552157878875732e-01
5.419869720935821533e-01
4.441450089216232300e-01
4.403781443834304810e-01
9.221838116645812988e-01
7.039965391159057617e-01
6.095223426818847656e-01
5.359518527984619141e-01
5.310941040515899658e-01
6.690065264701843262e-01
4.816913902759552002e-01
4.504131525754928589e-01
5.333416312932968140e-01
5.066513568162918091e-01
5.291387438774108887e-01
4.820214956998825073e-01
4.823331832885742188e-01
5.191817879676818848e-01
6.061878353357315063e-01
4.568844884634017944e-01
4.780072569847106934e-01
4.890243262052536011e-01
4.588997215032577515e-01
4.089768677949905396e-01
4.954170286655426025e-01
5.524587333202362061e-01
6.025499105453491211e-01
6.201930046081542969e-01
4.759059399366378784e-01
4.929077327251434326e-01
4.837618023157119751e-01
5.082682222127914429e-01
4.660816937685012817e-01
4.530787616968154907e-01
4.129496961832046509e-01
3.994101583957672119e-01
3.741454929113388062e-01
4.093501865863800049e-01
4.377060979604721069e-01
6.180198639631271362e-01
4.664583355188369751e-01
4.350666552782058716e-01
4.034197181463241577e-01
4.137267172336578369e-01
4.100766032934188843e-01
4.179946631193161011e-01
3.628475964069366455e-01
4.430602341890335083e-01
4.844908416271209717e-01
3.993271142244338989e-01
3.906250298023223877e-01
4.388220310211181641e-01
4.112510830163955688e-01
3.717199712991714478e-01
3.801938146352767944e-01
4.130738824605941772e-01
4.418966025114059448e-01
3.907176852226257324e-01
3.445805907249450684e-01
3.754375725984573364e-01
3.245477378368377686e-01
3.108539879322052002e-01
3.038352280855178833e-01
3.204180747270584106e-01
4.012813717126846313e-01
6.278406977653503418e-01
5.862237960100173950e-01
4.215394705533981323e-01
4.307230859994888306e-01
3.961983919143676758e-01
4.449750781059265137e-01
3.907367289066314697e-01
4.868655502796173096e-01
3.844679445028305054e-01
3.538302034139633179e-01
3.960836678743362427e-01
3.965670615434646606e-01
3.898805230855941772e-01
3.133977353572845459e-01
4.176174700260162354e-01
2.956957519054412842e-01
3.353128582239151001e-01
3.595757931470870972e-01
3.322290331125259399e-01
3.111770898103713989e-01
3.954787105321884155e-01
3.184559196233749390e-01
3.204139769077301025e-01
4.994640797376632690e-01
3.575583845376968384e-01
4.319486021995544434e-01
4.576386511325836182e-01
3.202424943447113037e-01
3.451014161109924316e-01
3.104227930307388306e-01
4.168677181005477905e-01
3.322735279798507690e-01
4.051857888698577881e-01
3.280880451202392578e-01
3.550460189580917358e-01
4.582280516624450684e-01
3.020413666963577271e-01
3.457750678062438965e-01
3.999842703342437744e-01
2.913878336548805237e-01
3.010668158531188965e-01
3.357414901256561279e-01
4.402098655700683594e-01
2.708872705698013306e-01
2.505702450871467590e-01
3.273115456104278564e-01
3.189619481563568115e-01
2.983889877796173096e-01
3.937307745218276978e-01
2.764853462576866150e-01
2.767917141318321228e-01
3.608379811048507690e-01
3.473411053419113159e-01
3.145748227834701538e-01
3.306817263364791870e-01
3.013812899589538574e-01
2.785097360610961914e-01
3.554903268814086914e-01
2.933044284582138062e-01
3.231833875179290771e-01
2.504723444581031799e-01
3.996834605932235718e-01
3.105997070670127869e-01
3.199546635150909424e-01
3.517188280820846558e-01
3.390953242778778076e-01
4.186232537031173706e-01
3.592028915882110596e-01
3.533547669649124146e-01
3.295801728963851929e-01
3.170728087425231934e-01
4.003231227397918701e-01
3.300396502017974854e-01
2.785126864910125732e-01
3.409802913665771484e-01
2.803459540009498596e-01
2.870541289448738098e-01
3.389476984739303589e-01
2.394107431173324585e-01
2.750441581010818481e-01
3.274728804826736450e-01
2.812119126319885254e-01
3.200093358755111694e-01
3.034162521362304688e-01
3.003829270601272583e-01
2.643544375896453857e-01
3.179440796375274658e-01
3.523267805576324463e-01
2.521480694413185120e-01
2.641128227114677429e-01
2.495413497090339661e-01
2.810240983963012695e-01
2.722806185483932495e-01
3.067757934331893921e-01
3.162636607885360718e-01
2.143048867583274841e-01
2.656675130128860474e-01
2.501823678612709045e-01
3.160542845726013184e-01
2.712974548339843750e-01
2.579051703214645386e-01
3.167011737823486328e-01
2.844571620225906372e-01
2.796983271837234497e-01
2.750442177057266235e-01
3.718950971961021423e-01
3.307688012719154358e-01
2.938320636749267578e-01
3.531967550516128540e-01
2.993226349353790283e-01
3.220995068550109863e-01
3.241447359323501587e-01
2.937267199158668518e-01
3.336885496973991394e-01
3.260255455970764160e-01
2.312303781509399414e-01
3.149339407682418823e-01
2.285215929150581360e-01
3.273372799158096313e-01
2.471864446997642517e-01
2.913424670696258545e-01
2.561540380120277405e-01
2.379737272858619690e-01
2.495105266571044922e-01
3.120829761028289795e-01
2.259762883186340332e-01
2.409821897745132446e-01
2.716442644596099854e-01
2.814630120992660522e-01
2.477940320968627930e-01
2.661792561411857605e-01
2.628879547119140625e-01
2.368296161293983459e-01
2.064378485083580017e-01
2.628274038434028625e-01
2.854948788881301880e-01
3.215544819831848145e-01
3.235586434602737427e-01
2.469209954142570496e-01
2.176450788974761963e-01
2.565565928816795349e-01
2.616496831178665161e-01
2.891793549060821533e-01
2.581670582294464111e-01
2.381608560681343079e-01
2.377153038978576660e-01
2.809104025363922119e-01
2.003203704953193665e-01
2.961718291044235229e-01
2.067772820591926575e-01
2.537001073360443115e-01
2.659524977207183838e-01
2.715646252036094666e-01
3.189536035060882568e-01
2.687697559595108032e-01
2.229672744870185852e-01
2.426229491829872131e-01
3.014827743172645569e-01
2.876606583595275879e-01
2.239946946501731873e-01
2.297693490982055664e-01
2.353706136345863342e-01
2.584270462393760681e-01
2.551882043480873108e-01
2.237762138247489929e-01
2.472572475671768188e-01
2.331612706184387207e-01
3.019438087940216064e-01
2.681971490383148193e-01
2.565168291330337524e-01
2.450016066431999207e-01
3.057016730308532715e-01
2.384389862418174744e-01
3.157943338155746460e-01
2.591481953859329224e-01
3.342631012201309204e-01
2.669741585850715637e-01
3.297251313924789429e-01
2.563473805785179138e-01
3.429137319326400757e-01
2.415627837181091309e-01
2.580997720360755920e-01
3.257072567939758301e-01
2.390966862440109253e-01
2.912346348166465759e-01
2.961908876895904541e-01
2.459332942962646484e-01
2.132134810090065002e-01
3.384838700294494629e-01
2.655652761459350586e-01
3.520354479551315308e-01
2.039120048284530640e-01
3.117849081754684448e-01
3.570978790521621704e-01
2.491448074579238892e-01
2.326170727610588074e-01
2.589071691036224365e-01
2.215857133269309998e-01
2.781137228012084961e-01
2.458754107356071472e-01
2.487738505005836487e-01
2.796495482325553894e-01
2.766500562429428101e-01
2.454770058393478394e-01
2.424328029155731201e-01
2.584407776594161987e-01
2.982815280556678772e-01
2.719680815935134888e-01
2.628503739833831787e-01
2.344785779714584351e-01
2.462855353951454163e-01
2.814136147499084473e-01
2.192914709448814392e-01
3.023252710700035095e-01
2.231100201606750488e-01
2.509939670562744141e-01
2.693644165992736816e-01
2.534450739622116089e-01
2.196871377527713776e-01
2.401961460709571838e-01
3.153677433729171753e-01
2.475180402398109436e-01
2.408837899565696716e-01
3.348181098699569702e-01
2.709063589572906494e-01
2.935265898704528809e-01
3.014835119247436523e-01
2.251497581601142883e-01
2.127906158566474915e-01
2.226068899035453796e-01
2.888117060065269470e-01
2.812516540288925171e-01
2.933670431375503540e-01
2.307757437229156494e-01
2.941244691610336304e-01
1.988010331988334656e-01
2.621052861213684082e-01
2.570267915725708008e-01
2.396177798509597778e-01
2.757463902235031128e-01
2.413506731390953064e-01
2.662753537297248840e-01
2.370291501283645630e-01
2.559332624077796936e-01
3.333206027746200562e-01
2.873770222067832947e-01
2.437615916132926941e-01
2.225045487284660339e-01
2.812881097197532654e-01
2.001486420631408691e-01
2.541149556636810303e-01
3.249585330486297607e-01
2.083664909005165100e-01
2.752234041690826416e-01
2.243171408772468567e-01
2.515997365117073059e-01
2.353246882557868958e-01
2.325597479939460754e-01
2.231872007250785828e-01
2.311306074261665344e-01
2.235431000590324402e-01
3.027172535657882690e-01
2.705840617418289185e-01
2.292110398411750793e-01
2.806488722562789917e-01
2.408040091395378113e-01
2.183808311820030212e-01
2.159878909587860107e-01
2.295022234320640564e-01
3.044490739703178406e-01
2.887745648622512817e-01
2.736226618289947510e-01
2.403922975063323975e-01
2.540033385157585144e-01
2.217410877346992493e-01
2.853779047727584839e-01
2.360833659768104553e-01
2.892795205116271973e-01
3.030048981308937073e-01
2.712545841932296753e-01
2.382131367921829224e-01
2.024049162864685059e-01
2.941543161869049072e-01
2.528922259807586670e-01
2.477281019091606140e-01
2.682628035545349121e-01
2.597854807972908020e-01
2.613855525851249695e-01
2.554870173335075378e-01
2.893577665090560913e-01
2.438869550824165344e-01
2.596765458583831787e-01
2.930774465203285217e-01
2.181999757885932922e-01
2.388198673725128174e-01
1.829639710485935211e-01
2.773351222276687622e-01
2.460414171218872070e-01
2.995808869600296021e-01
2.390300706028938293e-01
2.676333636045455933e-01
2.307867854833602905e-01
2.381775453686714172e-01
2.725764885544776917e-01
2.494303509593009949e-01
2.288533821702003479e-01
2.630152329802513123e-01
2.205214500427246094e-01
2.179360613226890564e-01
2.791122570633888245e-01
2.705636471509933472e-01
2.364746928215026855e-01
2.622501254081726074e-01
2.346662059426307678e-01
2.484603375196456909e-01
2.279148250818252563e-01
2.313277199864387512e-01
2.259577065706253052e-01
2.246778458356857300e-01
2.701870948076248169e-01
2.677060514688491821e-01
2.519873231649398804e-01
2.309728860855102539e-01
2.329610809683799744e-01
3.080280646681785583e-01
2.280546128749847412e-01
2.249484211206436157e-01
2.315901964902877808e-01
2.543010413646697998e-01
2.337689176201820374e-01
3.122465759515762329e-01
1.869871318340301514e-01
3.008572757244110107e-01
2.161535248160362244e-01
2.863344624638557434e-01
2.261900082230567932e-01
2.790164276957511902e-01
2.645471990108489990e-01
2.449262887239456177e-01
2.786483094096183777e-01
2.189188748598098755e-01
2.803253978490829468e-01
2.861600890755653381e-01
2.370764017105102539e-01
2.398408800363540649e-01
2.458732053637504578e-01
2.349037304520606995e-01
1.929410211741924286e-01
2.717065215110778809e-01
2.519620656967163086e-01
2.536398693919181824e-01
2.710358127951622009e-01
2.402643412351608276e-01
2.286183610558509827e-01
2.433757111430168152e-01
2.695083320140838623e-01
2.449656277894973755e-01
2.394878268241882324e-01
2.741373628377914429e-01
2.216595187783241272e-01
2.460967823863029480e-01
2.651800289750099182e-01
2.700188234448432922e-01
2.333481162786483765e-01
2.417514324188232422e-01
2.329393103718757629e-01
2.592081725597381592e-01
2.362471669912338257e-01
2.591449543833732605e-01
2.651895731687545776e-01
1.842456124722957611e-01
2.788111194968223572e-01
2.222532257437705994e-01
2.134064137935638428e-01
2.596356123685836792e-01
2.273522987961769104e-01
2.431146278977394104e-01
1.974932700395584106e-01
2.085733562707901001e-01
2.740129902958869934e-01
2.506256103515625000e-01
2.274209186434745789e-01
2.540919333696365356e-01
2.182828858494758606e-01
2.442298457026481628e-01
1.943322755396366119e-01
2.575396820902824402e-01
2.451274767518043518e-01
2.354384884238243103e-01
2.209158763289451599e-01
2.474831938743591309e-01
2.531926557421684265e-01
2.679931744933128357e-01
2.637754082679748535e-01
2.425648793578147888e-01
2.509179115295410156e-01
2.241755127906799316e-01
2.211726978421211243e-01
2.831721678376197815e-01
2.429390773177146912e-01
2.987141236662864685e-01
2.147359028458595276e-01
2.399789839982986450e-01
2.022331133484840393e-01
2.379774227738380432e-01
2.225887030363082886e-01
2.634078264236450195e-01
2.220153808593750000e-01
2.893219366669654846e-01
2.407072186470031738e-01
2.579036876559257507e-01
2.519250437617301941e-01
2.042251154780387878e-01
2.381059899926185608e-01
2.241631969809532166e-01
2.221319526433944702e-01
3.012867867946624756e-01
2.229928374290466309e-01
2.413163110613822937e-01
2.579367086291313171e-01
2.597556188702583313e-01
2.765786126255989075e-01
2.399015054106712341e-01
2.526219710707664490e-01
2.207140550017356873e-01
2.571911886334419250e-01
2.462400943040847778e-01
2.792661637067794800e-01
2.581203058362007141e-01
2.496520578861236572e-01
2.384417876601219177e-01
2.948197349905967712e-01
2.762996256351470947e-01
2.635978460311889648e-01
2.510510012507438660e-01
2.623726204037666321e-01
2.423390522599220276e-01
2.357749119400978088e-01
2.436233237385749817e-01
2.363172546029090881e-01
2.525940090417861938e-01
2.863097488880157471e-01
2.494113519787788391e-01
2.452846989035606384e-01
2.403240948915481567e-01
2.119766101241111755e-01
2.498431280255317688e-01
2.089977338910102844e-01
2.799432799220085144e-01
2.619094699621200562e-01
2.187144905328750610e-01
2.342673987150192261e-01
2.963411584496498108e-01
2.396649122238159180e-01
2.950012311339378357e-01
2.913571372628211975e-01
2.689292058348655701e-01
2.435624003410339355e-01
2.360607162117958069e-01
2.372298836708068848e-01
2.758314833045005798e-01
2.411051094532012939e-01
2.845231890678405762e-01
2.323471307754516602e-01
2.641662955284118652e-01
2.229807451367378235e-01
2.474658340215682983e-01
2.338453382253646851e-01
2.580168992280960083e-01
2.276966646313667297e-01
2.093305289745330811e-01
2.297134324908256531e-01
2.473563998937606812e-01
2.807386815547943115e-01
2.524532601237297058e-01
2.833668887615203857e-01
2.434826195240020752e-01
2.535013705492019653e-01
2.390484288334846497e-01
2.417006418108940125e-01
2.249336689710617065e-01
2.138824984431266785e-01
2.510198429226875305e-01
2.776775136590003967e-01
2.315530255436897278e-01
2.796252444386482239e-01
2.765156254172325134e-01
2.550511732697486877e-01
2.721493616700172424e-01
2.398760393261909485e-01
2.239188104867935181e-01
2.238502874970436096e-01
2.600740566849708557e-01
2.737565413117408752e-01
2.082022130489349365e-01
2.649991512298583984e-01
2.821859493851661682e-01
2.637187093496322632e-01
2.558867037296295166e-01
2.406003102660179138e-01
2.362926304340362549e-01
2.515941634774208069e-01
2.803906202316284180e-01
2.335415557026863098e-01
2.216667160391807556e-01
2.267257645726203918e-01
2.624809816479682922e-01
3.052093163132667542e-01
2.803166955709457397e-01
2.073807716369628906e-01
2.514691501855850220e-01
2.875039428472518921e-01
1.988351121544837952e-01
2.594104781746864319e-01
2.614673599600791931e-01
2.479393705725669861e-01
2.724006623029708862e-01
2.515826746821403503e-01
2.481762543320655823e-01
2.117197737097740173e-01
2.004844360053539276e-01
3.032593280076980591e-01
2.469039633870124817e-01
3.064466342329978943e-01
2.204951569437980652e-01
2.088143825531005859e-01
2.353131771087646484e-01
2.574473321437835693e-01
2.431363910436630249e-01
2.448185309767723083e-01
2.671561017632484436e-01
2.959781363606452942e-01
2.660525664687156677e-01
2.450629249215126038e-01
2.658919468522071838e-01
2.581543102860450745e-01
2.212940678000450134e-01
2.467898577451705933e-01
2.162060812115669250e-01
2.629782557487487793e-01
2.443803697824478149e-01
2.534817606210708618e-01
2.119435295462608337e-01
2.265875414013862610e-01
2.771393656730651855e-01
2.508559077978134155e-01
2.281443849205970764e-01
2.619649618864059448e-01
2.176930531859397888e-01
2.366848587989807129e-01
2.611495107412338257e-01
2.431643679738044739e-01
2.701182216405868530e-01
3.015251383185386658e-01
2.732982635498046875e-01
2.370693609118461609e-01
2.300543263554573059e-01
2.370426431298255920e-01
2.296117544174194336e-01
2.241119220852851868e-01
2.379621341824531555e-01
2.596907094120979309e-01
2.274047881364822388e-01
2.196947857737541199e-01
2.410134598612785339e-01
2.090349197387695312e-01
2.691924050450325012e-01
2.382285818457603455e-01
2.861010804772377014e-01
2.527206093072891235e-01
2.142019942402839661e-01
2.770745828747749329e-01
2.256132587790489197e-01
2.201390340924263000e-01
2.595552429556846619e-01
2.427641525864601135e-01
2.433282285928726196e-01
2.124789282679557800e-01
2.196010425686836243e-01
2.418549731373786926e-01
2.109771072864532471e-01
2.855872362852096558e-01
2.428621128201484680e-01
2.720963805913925171e-01
2.192460522055625916e-01
2.293407693505287170e-01
2.520450651645660400e-01
2.639183178544044495e-01
2.089757695794105530e-01
2.431926578283309937e-01
2.463772669434547424e-01
2.566580027341842651e-01
1.978527158498764038e-01
2.763540521264076233e-01
2.406664565205574036e-01
2.699259892106056213e-01
2.386132031679153442e-01
2.545851022005081177e-01
2.279604449868202209e-01
2.159978151321411133e-01
2.273209467530250549e-01
2.349826470017433167e-01
2.485794797539710999e-01
2.135741487145423889e-01
2.084661051630973816e-01
2.411969378590583801e-01
2.411396354436874390e-01
2.434574738144874573e-01
2.592758461833000183e-01
3.080567196011543274e-01
2.314059361815452576e-01
2.369789183139801025e-01
2.329921796917915344e-01
2.248624637722969055e-01
2.493115738034248352e-01
2.678751274943351746e-01
2.586566135287284851e-01
2.386884167790412903e-01
2.694713100790977478e-01
2.659049332141876221e-01
2.536680623888969421e-01
2.417719960212707520e-01
2.212713584303855896e-01
2.456385269761085510e-01
2.317085191607475281e-01
2.273819893598556519e-01
2.678858414292335510e-01
2.857876196503639221e-01
2.241528481245040894e-01
2.057558521628379822e-01
2.636430710554122925e-01
2.695602998137474060e-01
2.246742472052574158e-01
2.080960273742675781e-01
2.567876353859901428e-01
3.062437400221824646e-01
2.413714155554771423e-01
2.752374485135078430e-01
2.383699342608451843e-01
2.668860927224159241e-01
2.678842991590499878e-01
2.432412952184677124e-01
2.745218724012374878e-01
2.612654119729995728e-01
2.362044304609298706e-01
2.685483470559120178e-01
2.749488204717636108e-01
2.671369165182113647e-01
2.592571526765823364e-01
2.714011669158935547e-01
2.232342809438705444e-01
2.328931018710136414e-01
2.500254139304161072e-01
2.602877765893936157e-01
2.110422849655151367e-01
2.247887030243873596e-01
2.298557013273239136e-01
2.773133143782615662e-01
2.248591408133506775e-01
3.108874410390853882e-01
2.922823801636695862e-01
2.685459777712821960e-01
2.871003150939941406e-01
2.411295846104621887e-01
2.347049340605735779e-01
2.669754698872566223e-01
2.900614738464355469e-01
2.480958476662635803e-01
2.439649999141693115e-01
2.729327753186225891e-01
2.460950389504432678e-01
2.634907364845275879e-01
3.080931007862091064e-01
2.688339948654174805e-01
2.424720302224159241e-01
2.864658832550048828e-01
2.566260471940040588e-01
2.162383124232292175e-01
2.340927794575691223e-01
2.567755132913589478e-01
2.470392659306526184e-01
2.150566652417182922e-01
3.112380281090736389e-01
2.437719181180000305e-01
2.363271638751029968e-01
2.126123905181884766e-01
2.541120648384094238e-01
2.267248183488845825e-01
2.427104711532592773e-01
2.300188913941383362e-01
2.560773193836212158e-01
3.031966686248779297e-01
2.122384756803512573e-01
2.485586479306221008e-01
2.656746134161949158e-01
2.459602281451225281e-01
2.282325699925422668e-01
2.434524223208427429e-01
2.915315926074981689e-01
2.673825845122337341e-01
2.691646069288253784e-01
2.394367232918739319e-01
2.272081077098846436e-01
2.580890655517578125e-01
2.976685389876365662e-01
2.434304356575012207e-01
2.225340455770492554e-01
2.168081998825073242e-01
2.314392179250717163e-01
2.581430897116661072e-01
3.086167946457862854e-01
2.733285203576087952e-01
2.875970453023910522e-01
2.889075502753257751e-01
2.426251024007797241e-01
2.695234790444374084e-01
2.602323144674301147e-01
2.431671991944313049e-01
2.050583213567733765e-01
2.185885459184646606e-01
2.464168146252632141e-01
2.600122317671775818e-01
2.739836350083351135e-01
2.554643452167510986e-01
2.177699431777000427e-01
2.403029054403305054e-01
2.560216933488845825e-01
2.356122285127639771e-01
2.648035064339637756e-01
2.142702564597129822e-01
2.880359739065170288e-01
2.553736791014671326e-01
2.625370770692825317e-01
2.349772974848747253e-01
2.807975113391876221e-01
2.494167461991310120e-01
2.154583483934402466e-01
2.516850382089614868e-01
2.277062684297561646e-01
2.230425551533699036e-01
2.467519864439964294e-01
2.507789283990859985e-01
2.749059125781059265e-01
2.493508532643318176e-01
2.556935548782348633e-01
2.710010632872581482e-01
2.303127199411392212e-01
2.169369384646415710e-01
2.539295703172683716e-01
2.196207270026206970e-01
2.858074456453323364e-01
2.477147206664085388e-01
2.437340542674064636e-01
2.076037451624870300e-01
2.316865250468254089e-01
2.844292521476745605e-01
2.075202688574790955e-01
2.591476812958717346e-01
2.206404507160186768e-01
2.438363283872604370e-01
2.312843799591064453e-01
2.361188009381294250e-01
2.445965558290481567e-01
3.019412681460380554e-01
2.644523605704307556e-01
2.805546969175338745e-01
2.407108172774314880e-01
2.553772106766700745e-01
2.624807134270668030e-01
2.358643636107444763e-01
2.050313167273998260e-01
2.298540771007537842e-01
2.096817344427108765e-01
2.433094754815101624e-01
2.627814933657646179e-01
2.194169163703918457e-01
2.327088564634323120e-01
2.169420942664146423e-01
2.470560297369956970e-01
2.436359524726867676e-01
2.394220456480979919e-01
2.236590459942817688e-01
2.407091334462165833e-01
2.658892646431922913e-01
2.992179244756698608e-01
2.681536450982093811e-01
3.082970678806304932e-01
2.269426584243774414e-01
2.344545200467109680e-01
2.676180452108383179e-01
2.651625126600265503e-01
2.787045314908027649e-01
2.358445376157760620e-01
2.981533408164978027e-01
2.456920146942138672e-01
2.843653336167335510e-01
2.670805677771568298e-01
2.874410822987556458e-01
2.682669013738632202e-01
2.187280431389808655e-01
2.327903062105178833e-01
2.385962381958961487e-01
2.285653501749038696e-01
2.423695847392082214e-01
2.475329712033271790e-01
2.224113792181015015e-01
2.287323251366615295e-01
2.447937652468681335e-01
2.528943866491317749e-01
2.518503069877624512e-01
2.615519240498542786e-01
2.340492457151412964e-01
2.455377057194709778e-01
2.636442631483078003e-01
2.894358634948730469e-01
2.642647773027420044e-01
2.619223222136497498e-01
2.271734699606895447e-01
2.695580497384071350e-01
2.684807181358337402e-01
2.422003746032714844e-01
2.086404636502265930e-01
2.573142796754837036e-01
2.522553801536560059e-01
2.986833974719047546e-01
2.483389154076576233e-01
2.419883906841278076e-01
2.551636546850204468e-01
2.696988433599472046e-01
2.016204558312892914e-01
2.900351285934448242e-01
2.674530744552612305e-01
2.220178097486495972e-01
2.228784784674644470e-01
2.394474074244499207e-01
2.413080036640167236e-01
2.808145657181739807e-01
2.556717917323112488e-01
2.269513905048370361e-01
2.924584746360778809e-01
2.484723627567291260e-01
3.001329451799392700e-01
2.841299697756767273e-01
2.508217170834541321e-01
2.272325828671455383e-01
3.009363040328025818e-01
2.483660802245140076e-01
2.426443099975585938e-01
2.735925763845443726e-01
2.808015421032905579e-01
2.407604083418846130e-01
2.922070994973182678e-01
2.401477992534637451e-01
2.364094629883766174e-01
2.846541479229927063e-01
2.637176066637039185e-01
1.955333799123764038e-01
2.555707171559333801e-01
2.014667205512523651e-01
2.623123079538345337e-01
2.918510884046554565e-01
2.621827647089958191e-01
2.469526305794715881e-01
2.855210304260253906e-01
2.435689568519592285e-01
2.288347259163856506e-01
2.781209051609039307e-01
2.700063139200210571e-01
2.690670564770698547e-01
2.813396453857421875e-01
2.416002526879310608e-01
2.437961921095848083e-01
2.264817357063293457e-01
2.741954326629638672e-01
2.032417766749858856e-01
2.752237319946289062e-01
2.355546727776527405e-01
2.401981949806213379e-01
2.340650632977485657e-01
2.285147905349731445e-01
2.707962393760681152e-01
2.802724093198776245e-01
2.651616930961608887e-01
2.293357625603675842e-01
2.499224543571472168e-01
2.434612140059471130e-01
2.159425839781761169e-01
2.392709031701087952e-01
2.237824201583862305e-01
2.268873825669288635e-01
2.157310098409652710e-01
2.827231511473655701e-01
2.350546345114707947e-01
2.483418434858322144e-01
3.239440470933914185e-01
3.081656023859977722e-01
2.591992840170860291e-01
2.526704072952270508e-01
2.625958472490310669e-01
2.410610541701316833e-01
2.268572822213172913e-01
2.105551734566688538e-01
1.981560364365577698e-01
2.649384215474128723e-01
2.400915473699569702e-01
2.350821569561958313e-01
2.698773369193077087e-01
2.460191026329994202e-01
2.992309331893920898e-01
2.612552717328071594e-01
2.532785534858703613e-01
2.493982687592506409e-01
2.186575531959533691e-01
2.336776778101921082e-01
2.238187491893768311e-01
2.549282163381576538e-01
2.480066940188407898e-01
2.633990272879600525e-01
2.163225114345550537e-01
2.355458140373229980e-01
2.678008750081062317e-01
2.356109768152236938e-01
2.246465459465980530e-01
2.464440688490867615e-01
2.373747304081916809e-01
2.144021391868591309e-01
