1.853551278114318990e+01
2.058446646928787160e+01
1.910578162670135427e+01
1.945714349746704031e+01
1.929143826961517405e+01
1.961120415925979543e+01
1.952986592054367065e+01
1.945672481060028147e+01
1.978634397983551096e+01
1.935558588504791189e+01
1.960554336309433054e+01
1.971593768596649099e+01
1.934288510084152080e+01
1.930475237369537211e+01
1.934935276508331370e+01
1.926413261890411377e+01
1.925414929389953755e+01
1.812915946245193410e+01
1.021219358444213832e+01
1.758513361215591431e+01
1.820529066324234080e+01
1.408992378711700511e+01
8.730078077316283824e+00
5.623646402359009144e+00
7.302756959199905751e+00
6.389906525611877441e+00
7.739927208423614147e+00
4.514726150035857977e+00
4.620093411207198741e+00
3.654298889636993231e+00
3.706104505062103094e+00
3.112737786769867121e+00
4.749566572904586614e+00
3.326804983615875067e+00
3.270062172412872226e+00
3.481604516506195068e+00
3.047567903995513916e+00
3.318055924773216425e+00
3.917100644111633390e+00
3.151900160312652410e+00
3.233691915869712830e+00
2.570017343759536832e+00
3.804445958137512296e+00
4.738587248325347723e+00
3.225388705730438232e+00
3.963729259371757685e+00
2.530830857157707392e+00
2.818891769647598355e+00
2.022482180595397860e+00
2.293376269936561407e+00
2.340419554710388095e+00
2.117678737640380948e+00
2.712489107251167209e+00
2.151475664973259150e+00
1.723069368302822202e+00
2.385446573793887914e+00
1.932403258979320526e+00
2.146881473064422785e+00
1.749885737895965576e+00
2.030409656465053558e+00
2.337435719370842158e+00
4.645926985144614996e+00
3.116400882601737976e+00
2.310162457823753179e+00
2.196163929998874664e+00
2.521732321381568998e+00
2.996772268414497287e+00
2.930105727910995661e+00
1.956969138979911760e+00
1.176839917898178101e+00
2.423494642972946256e+00
1.939372733235359192e+00
2.587009580433368594e+00
2.426601001620292575e+00
2.305000922083854764e+00
1.886761875450611026e+00
2.003694655001163394e+00
1.159737999737262770e+00
1.431404972076415927e+00
1.122499580681324050e+00
2.153038148581981837e+00
1.614317110180854886e+00
1.747689843922853425e+00
1.688608889281749681e+00
3.126451244950294583e+00
2.557027503848075867e+00
1.649576404690742404e+00
1.782119935750961393e+00
1.630924077332019717e+00
3.021147675812244415e+00
2.443341290950775235e+00
1.419897098839282945e+00
9.989345595240592957e-01
3.697497269511222928e+00
2.253265079855919062e+00
1.624403329193591983e+00
1.671770937740802765e+00
2.287558221817016513e+00
1.694686123728752047e+00
1.138878810405731246e+00
1.049789789319038436e+00
1.798645578324794769e+00
1.694538798928260759e+00
7.961023665964603868e-01
8.282670043408870697e-01
9.999989934265614000e-01
6.784951828420162645e-01
1.305151613056659610e+00
1.413122829794883684e+00
8.521723546087741630e-01
1.262764547765254930e+00
1.859863497316837311e+00
1.013783907890319913e+00
1.233670112490653947e+00
1.330816175788640976e+00
1.497860806435346692e+00
1.526338519155979068e+00
8.794462740421294944e-01
1.570181387290358499e+00
1.276303219795227095e+00
3.109856926649809061e+00
6.675816468894482103e-01
2.085059787333011450e+00
9.309700906276703325e-01
1.426158209890127093e+00
2.236881419271230520e+00
1.289332839101553052e+00
8.539933469146490097e-01
7.763555951416492018e-01
1.057758513092994734e+00
5.415924333035946336e-01
7.908163294196128845e-01
1.010382752865552902e+00
7.276069745421409607e-01
7.069047447293996811e-01
9.643684156239032967e-01
1.144203749299049333e+00
5.774778671562671439e-01
1.335192120820283934e+00
1.652549623697996184e+00
1.073330432921647981e+00
1.516589377075433731e+00
2.463615535944700063e+00
1.369236192107200711e+00
8.439773000776767953e-01
7.429642546921968460e-01
1.021618226170539767e+00
8.851803161203861681e-01
1.262345074117183774e+00
1.193038307130336761e+00
1.397294167429208755e+00
1.748841587454080582e+00
1.863765540719032332e+00
1.868467633426189378e+00
8.946703158318995985e-01
1.126986208558082625e+00
8.189521580934524536e-01
7.662857852876185927e-01
1.528008159995078996e+00
9.818682901561259779e-01
1.193798576295375780e+00
6.392419703304768053e-01
1.017758276313543320e+00
1.038091054558754056e+00
1.590332551300525754e+00
8.143277414143085258e-01
7.129387054592370987e-01
6.807911433279514313e-01
1.920300766825675964e+00
6.823312181979417357e-01
9.598720632493495941e-01
7.325573761016130891e-01
1.012774967029690831e+00
8.868343941867351532e-01
1.255500117689371198e+00
5.730559214949607627e-01
1.000621117651462555e+00
5.513186626136302726e-01
7.156368710100651231e-01
6.027230083942413108e-01
1.464110279083251864e+00
1.728954066336154893e+00
9.723384067416190879e-01
9.802941009402275085e-01
7.506371542811394182e-01
6.597037710249423759e-01
1.339399694651365325e+00
1.199213839322328612e+00
7.986519053578376992e-01
1.179149416834115893e+00
1.288363173976540654e+00
1.132561171054839999e+00
5.848256587982177956e-01
6.173786863684653792e-01
8.429935418069363084e-01
1.124556806311011403e+00
1.170262810215354055e+00
9.434822846204042879e-01
6.996173817664385064e-01
6.697863347828387770e-01
6.726639963686465995e-01
9.153818365186452422e-01
1.254669546708464534e+00
5.702657882124185784e-01
4.352379012852907181e-01
7.440739743411540763e-01
9.285616528242826018e-01
1.306231134384870485e+00
7.574266314506530318e-01
8.883560255169868913e-01
6.354459870606661287e-01
5.359846800565719604e-01
1.237030996382236570e+00
1.307166983559727713e+00
6.361423928290605989e-01
1.276704271137714342e+00
9.958895176649094072e-01
4.164237182587385289e-01
1.256660914793610528e+00
5.167656347155571428e-01
3.819004442542791589e-01
1.233018634840846062e+00
7.023827239871025530e-01
6.239228136837482452e-01
6.190153256058692488e-01
5.427249081432818922e-01
6.783144652843475786e-01
1.227438423410057933e+00
6.656974658370018449e-01
8.353427032008766684e-01
4.788034323602914921e-01
5.162814248353242430e-01
7.995704181492329088e-01
1.160157041996717542e+00
5.089448209851979987e-01
6.049909099936485735e-01
9.883965842425823656e-01
4.562286626547574775e-01
8.824945796281099542e-01
9.931296706199645996e-01
1.344663123786449477e+00
3.308960516005754471e-01
5.531233545392751916e-01
7.424538381397723930e-01
8.964236330240964445e-01
6.124003510922193527e-01
5.868922483175993410e-01
6.396836727857589944e-01
1.372005986422300428e+00
4.290421787649393304e-01
5.032484866678714752e-01
8.924457818269729836e-01
9.201296593993901762e-01
7.476997014135122743e-01
4.325374258682131989e-01
9.264983676373959032e-01
9.551231335848570092e-01
1.048669532686471895e+00
4.944108489900827519e-01
5.483164809644222037e-01
4.193645637482404931e-01
5.105087563395500627e-01
6.560492932796477827e-01
4.460544746369123348e-01
6.180239543318748474e-01
4.642782460898161045e-01
7.134744074195623620e-01
5.400373682379722151e-01
3.687989629805087932e-01
3.461126407608389743e-01
5.248099777847528014e-01
4.924631696194410324e-01
8.005360644310712814e-01
7.861169498413801415e-01
6.412963274866342323e-01
4.982309196144342200e-01
3.969781052321195713e-01
4.557596392929553764e-01
7.744488704949616942e-01
4.232204638421535603e-01
5.036337699741124663e-01
1.051574110239744231e+00
6.936691723763942496e-01
8.813710466027260271e-01
6.742248505353927168e-01
4.635494805872440449e-01
4.013866111636161804e-01
3.637483645230531470e-01
3.104988899081945197e-01
1.015038882941007525e+00
5.339459076523780379e-01
1.431460106745362282e+00
5.601794123649597168e-01
4.279258955270052178e-01
4.165022585541010014e-01
6.289438825100660546e-01
5.715255551040172577e-01
7.118316587060690148e-01
6.966447461396455543e-01
5.496567530557513459e-01
4.242806795984506718e-01
6.053271774202585442e-01
3.933901369571685680e-01
2.826434060931205527e-01
4.803613066673279031e-01
4.726158216595649497e-01
7.314639396965503249e-01
5.115066718310117277e-01
3.239641267806291358e-01
4.659156819805502781e-01
5.209909420460462348e-01
3.847918424755334965e-01
4.236354451626539452e-01
3.239001296460628510e-01
7.321391860023140907e-01
4.420458078384399414e-01
5.686625750735402329e-01
2.640286307781934960e-01
4.654361052438616975e-01
6.202437162399292436e-01
2.750286273658275604e-01
6.129865687340497749e-01
5.133420530706643836e-01
5.150144061073660406e-01
2.807651821523904911e-01
7.590189233422279802e-01
6.514848459511994871e-01
3.791082251816987880e-01
4.709060745313763396e-01
4.828298799693584442e-01
2.753150749951601139e-01
3.411195326596498378e-01
5.713310234248638597e-01
4.854679521173238532e-01
3.650058537721633800e-01
7.811165057122707589e-01
4.194314420223236306e-01
8.282849553972482237e-01
3.424409991130232811e-01
3.909500833600759728e-01
4.378287319093942531e-01
3.128953220322728268e-01
7.081829804927111116e-01
4.692284503951668628e-01
9.032139750197529793e-01
3.315896060317754523e-01
6.649340253323317018e-01
3.730724014341831318e-01
3.864734038710594399e-01
3.412284452468156704e-01
4.993115533143281937e-01
2.597626294940710290e-01
4.040891870856285206e-01
4.086091345176100509e-01
4.625812517479062080e-01
4.552641049027442710e-01
4.119709014892578014e-01
5.710057798773050530e-01
4.606091734021902084e-01
4.687225591391325219e-01
4.826817806810140832e-01
4.507109794765710720e-01
2.875792182981967704e-01
4.090721916407346614e-01
5.699085433036088499e-01
5.275475278496741804e-01
2.475487196817994229e-01
3.146417256444692390e-01
5.327889360487461090e-01
5.743833009153604952e-01
2.870738666504621395e-01
3.719700433313846699e-01
6.910462399944663492e-01
1.131408805772662118e+00
2.743193387985229381e-01
4.582685241475701332e-01
5.696645583957433701e-01
3.406848533079028241e-01
2.653364621102810017e-01
4.215885035693645588e-01
4.304862892255186813e-01
6.037703240290284157e-01
4.699925810098647960e-01
4.463383372873067634e-01
7.067158849909901397e-01
5.581929251551628335e-01
2.930810643360018952e-01
2.984339872375130764e-01
2.522292815148830525e-01
3.412001341581344382e-01
1.222537376731634096e+00
6.380723051726817641e-01
3.243614943698048814e-01
4.231832284480333550e-01
6.422319717705249342e-01
3.457161009311676136e-01
5.662579342722893205e-01
3.632239239290356858e-01
2.722001273185014614e-01
4.339985700324177631e-01
2.830740751698613278e-01
3.149824475869536511e-01
3.346119435504079087e-01
3.463463693857192771e-01
4.081692021340131982e-01
3.831865444779395946e-01
3.083834446966647880e-01
2.654009871184825897e-01
3.106658842414617427e-01
4.844450246542691962e-01
2.685010604560374992e-01
4.424614250659942849e-01
2.451673438772559166e-01
3.154358338564634545e-01
3.510408520698547474e-01
4.193518431857228279e-01
2.832308107987046020e-01
2.790495540946721920e-01
3.361831283196806686e-01
2.803911965340376011e-01
4.084639187902212032e-01
2.906708156690001599e-01
2.354981349781155586e-01
4.071626208722591289e-01
3.795367386192083359e-01
2.698598990216851123e-01
3.058713680133223756e-01
2.662032008171081321e-01
3.747224815189838520e-01
3.252524085342883842e-01
2.755301939323544502e-01
4.351775325834751351e-01
3.520362738519907109e-01
3.794637793675065263e-01
2.985408345237374195e-01
3.670622982084751351e-01
2.977124277502298244e-01
2.901530023664236069e-01
3.892531173303723224e-01
3.061899561434984207e-01
3.737286251038313134e-01
3.067178258672356717e-01
2.919928528368472831e-01
4.296641150489449723e-01
2.587262742221355660e-01
2.771801358088851197e-01
3.008592240512371063e-01
3.599308434873819129e-01
2.960907137021422386e-01
4.480681013315915839e-01
2.668774174526333809e-01
2.488891018554568180e-01
2.768684437498450390e-01
3.082552105188369751e-01
3.365217596292495728e-01
3.346452195197343604e-01
2.574770078063011169e-01
2.325884282588958629e-01
2.826479710638523102e-01
3.154146675020456092e-01
2.541075626388192288e-01
3.607138359919190296e-01
4.846990283578634373e-01
3.497584637254476658e-01
3.204669602215289848e-01
3.178552210330963246e-01
3.165423726662993653e-01
3.196847751736641152e-01
2.730454087257385143e-01
2.887380946427583472e-01
2.404455916956066974e-01
2.515615087002515682e-01
3.891445184126496315e-01
1.912639802321791649e-01
4.894981823861598857e-01
3.613188613206148037e-01
4.155699834227561951e-01
2.706625768914818764e-01
3.015997111797332764e-01
4.293058812618255615e-01
2.606552217155694851e-01
2.574051445350050704e-01
2.958547879010439141e-01
2.671150524169206841e-01
2.935743257403373718e-01
3.118097539991140366e-01
3.540965957567095979e-01
2.299307309091091212e-01
2.178146082907915226e-01
2.856261752545833366e-01
4.005479244515299797e-01
2.343508323654532322e-01
3.443468844518065564e-01
2.652764201164245494e-01
2.823732297867536656e-01
2.999865978956222645e-01
3.203564073890447506e-01
4.232416290789842717e-01
3.546874001622200012e-01
2.063982440158724785e-01
3.427913319319486618e-01
2.399325283244252149e-01
2.364036178216338269e-01
2.443565726280212402e-01
2.437286658212542423e-01
2.644915433600544818e-01
2.397083625197410639e-01
2.491182582452893257e-01
2.786812882870435826e-01
2.273495139554143063e-01
2.352062055841088184e-01
2.383737113326787893e-01
2.203345485031604767e-01
2.390737613663077299e-01
2.362298002466559355e-01
2.452327869832515717e-01
2.760337363928556664e-01
2.647316187620162853e-01
2.215375054627656826e-01
2.797013936564326508e-01
2.641742117702960968e-01
2.573871603235602379e-01
2.377477759495377485e-01
2.488786416128277723e-01
2.659275958314538113e-01
2.190708247944712639e-01
2.643903801217675209e-01
2.931997427716851456e-01
2.307604588568210602e-01
2.365434046834707371e-01
2.329352410510182325e-01
2.346409702673554476e-01
2.349005520343780407e-01
2.242022760212421528e-01
2.299813577905297224e-01
2.294213376939296667e-01
2.232404891401529312e-01
2.269258404150605313e-01
2.896088302135467751e-01
3.002577599138021580e-01
3.010677635669708474e-01
2.197147011756896973e-01
2.244081126525998005e-01
3.151490256190300210e-01
2.203830861486494597e-01
2.570132454857230186e-01
2.403175124898552784e-01
2.252173585817217882e-01
2.403662441298365648e-01
2.375280203297734372e-01
2.168735682964325062e-01
2.394250696524977684e-01
2.444140262901783045e-01
2.197475794702768437e-01
2.343350874260067829e-01
2.591859232634305954e-01
2.239491244778037127e-01
2.274744011461734827e-01
2.481901349499821552e-01
2.427679389715194647e-01
2.019629616290330998e-01
2.719348244369029777e-01
2.325629582628607750e-01
2.684592159464955219e-01
2.218068312853574697e-01
2.159487035125494114e-01
2.383286627009510994e-01
2.543163266032933967e-01
2.370715916156768688e-01
2.496916677802801243e-01
2.714388534426689370e-01
2.429366886615753063e-01
2.506146963685750850e-01
2.736592380329966323e-01
2.273628545925021061e-01
2.225058808922767695e-01
2.364156149327754919e-01
2.440597932785749380e-01
2.183315020054578670e-01
2.297296106815338024e-01
2.482160827144980486e-01
2.403085142374038752e-01
2.445725789293646812e-01
2.334020234644413050e-01
2.314164526760578156e-01
2.502138657495379670e-01
2.225534770637750681e-01
2.277491763234138489e-01
2.171535074710845836e-01
2.360977470874786321e-01
3.208120839670300373e-01
2.331305777654051892e-01
2.460886005312204472e-01
2.254096847027540207e-01
2.338417142629623524e-01
2.518045119941234589e-01
2.391322012990713120e-01
2.289452049881219864e-01
2.706811539828777313e-01
2.098814228549599759e-01
2.207352440804243032e-01
2.089421030133962742e-01
2.103611849248409327e-01
2.150094730779528729e-01
2.090200852602720205e-01
2.103256795555353276e-01
2.118096528574824333e-01
2.213067606091499440e-01
2.161890771239995956e-01
2.208802441135048755e-01
2.097095642238855362e-01
2.154122332111000904e-01
2.232163235545158442e-01
2.109225481748580877e-01
2.145630573853850309e-01
2.095053238794207517e-01
2.173427967354655266e-01
2.058504672721028217e-01
2.186467412859201542e-01
2.295668208971619606e-01
2.078657908365130480e-01
2.267459127120673712e-01
2.120521210134029277e-01
2.099616887047886793e-01
2.191672714427113644e-01
2.148275591433048137e-01
2.225976236164569910e-01
2.129704821854829788e-01
2.103235661983489935e-01
2.047748094424605425e-01
2.076836736872792188e-01
2.130115479230880737e-01
2.107316214591264669e-01
2.121114388108253368e-01
2.130677396431565340e-01
2.162040749564766995e-01
2.097087785601615961e-01
2.244431126862764247e-01
2.018951222300529591e-01
2.315507488325238283e-01
2.085959499701857678e-01
2.267251081764697918e-01
1.999742601066827885e-01
2.246954534202814102e-01
2.148070700466632732e-01
2.067516488954424803e-01
2.135253969579934963e-01
2.062944734469056018e-01
2.082062292844057139e-01
2.041740825399756543e-01
2.169961899518966786e-01
2.110640943050384466e-01
2.091243807226419449e-01
2.067420892417430878e-01
2.195560032501816805e-01
2.260294478386640493e-01
2.065818762406706754e-01
2.351476257666945402e-01
2.107694264501333292e-01
2.121018020436167828e-01
2.073264200240373667e-01
2.173491798341274372e-01
2.046331312507390920e-01
2.105770429596304782e-01
2.093617660924792234e-01
2.041513405740261189e-01
2.090109659358859173e-01
2.059477243572473415e-01
2.099049253389239367e-01
2.031951693817973248e-01
2.094121091067790985e-01
2.030358903110027202e-01
2.100044289603829328e-01
2.136045834049582481e-01
2.109462222084403094e-01
2.070892218500375859e-01
2.020954584702849277e-01
2.171087114140391461e-01
2.190405402332544216e-01
2.059594556689262335e-01
2.093058656901121140e-01
2.087538355961441883e-01
2.117290567606687490e-01
2.142427887767553440e-01
2.679436717182397953e-01
2.038291128352284487e-01
2.219544075429439600e-01
2.078326741233468000e-01
2.151019129902124460e-01
2.018429744988679830e-01
2.051441198214888628e-01
2.140559691935777775e-01
2.161787528544664438e-01
2.062319526448845863e-01
2.202924313023686409e-01
2.076478298753499929e-01
2.061006341129541508e-01
2.067115355283021816e-01
2.036200972273945753e-01
2.180364169180393219e-01
2.012319359928369522e-01
2.013261107727885302e-01
2.004598725587129482e-01
2.043057842180132921e-01
2.023144694045186098e-01
1.989112986251711790e-01
2.057689324952662047e-01
2.038078753277659527e-01
2.005937423557043187e-01
1.998190326616167967e-01
2.008689286187291256e-01
2.052047828212380520e-01
1.993364088237285503e-01
2.015135221183300129e-01
2.044596765190362930e-01
1.994379399344325121e-01
2.022892981767654419e-01
2.006231734529137500e-01
2.063447803258895985e-01
2.078039001673460118e-01
1.999505832791328430e-01
2.016119772568344959e-01
2.019696492701768820e-01
2.031137922778725735e-01
1.996688526123762131e-01
2.045690625905990656e-01
1.985413692891597748e-01
2.010406771674752291e-01
1.996917288750409969e-01
1.988272929564118274e-01
2.000504197552800123e-01
2.010219143703579903e-01
1.999538423493504580e-01
1.989955108612775914e-01
1.996779793873429409e-01
2.015534374862909262e-01
1.998442972078919300e-01
2.024124423041939735e-01
2.007776321843266487e-01
1.989741880446672384e-01
2.027910521253943332e-01
2.008664462715387400e-01
2.010566772893071230e-01
2.004525862634181921e-01
2.030859638005494960e-01
2.054479978978633881e-01
2.004188530147075764e-01
2.048101577907800730e-01
1.980674114078283254e-01
1.985185798257589340e-01
2.049514509737491719e-01
2.002355541102588121e-01
2.040945528075099047e-01
1.970932560041546711e-01
2.048059158027172033e-01
1.984341589733958355e-01
2.025044426321983282e-01
2.002980636432766803e-01
2.035169066861271803e-01
2.026994738727808110e-01
2.043977176770567783e-01
2.011922290548682213e-01
1.996014870703220478e-01
2.078906180337071474e-01
2.012612216174602398e-01
2.032275354489684049e-01
2.007229344919324032e-01
2.011961786076426617e-01
1.990272874012589399e-01
1.993717428296804539e-01
1.983465408906340544e-01
2.003653237596154102e-01
2.042635524645447787e-01
2.016974464058876038e-01
2.065173240378498920e-01
1.990851284936070442e-01
1.974303297698497828e-01
2.015436213463544790e-01
1.984687956050038282e-01
2.008785320445895251e-01
1.960389275103807394e-01
1.988416001200676020e-01
1.990429949015379008e-01
1.986725576221942957e-01
1.958563759922981318e-01
2.021340517327189501e-01
2.023860994726419393e-01
1.957421700470149406e-01
2.062694439664483070e-01
1.962110174819827191e-01
2.038214204832911602e-01
1.996902151033282391e-01
2.009805958718061392e-01
2.092605158686637878e-01
2.017095103859901373e-01
1.975219940766692051e-01
1.993439689278602711e-01
1.969121407717466243e-01
2.009925683960318565e-01
1.964992735534906443e-01
1.971673358231783024e-01
1.965751776471734158e-01
1.983861118555068914e-01
1.976316636428236961e-01
1.955649551004171316e-01
1.983432495966553633e-01
1.967753076925873867e-01
1.972857154905796051e-01
1.961311350576579460e-01
1.952571211382746752e-01
1.976321417838335093e-01
1.953559111803770121e-01
1.992463752627372797e-01
1.992449853569269180e-01
1.982354819774627686e-01
1.955115670338272993e-01
1.961356170475482830e-01
1.983664838597178348e-01
1.958099309355020579e-01
1.945821080356836263e-01
1.981756679713725933e-01
1.968460800126194954e-01
1.953034410253167152e-01
1.949423659592866842e-01
1.972422737628221623e-01
1.951015995815396364e-01
1.959892161190509852e-01
1.968082722276449092e-01
1.960885029286146275e-01
1.962144900113344248e-01
1.977692978456616346e-01
2.022419376298785210e-01
1.952610729262232725e-01
1.952722176909446605e-01
1.968714147806167603e-01
1.953863037750124820e-01
1.967779632657766231e-01
1.960549529641866795e-01
1.947956942021846771e-01
1.964739460498094448e-01
1.964453505352139473e-01
1.943006908521056064e-01
1.971469148993492126e-01
1.957235669717192761e-01
1.945489233359694592e-01
1.960064552724361531e-01
1.945688122883439120e-01
1.984176967293024008e-01
1.942464054562151321e-01
1.963230585679411888e-01
1.946241024881601445e-01
1.975183680653572194e-01
1.980145702138543240e-01
1.957958035171031841e-01
1.942395532503723987e-01
1.965412277728319224e-01
1.952903177589178085e-01
1.960369979962706677e-01
1.959613699465990178e-01
1.949295246973633822e-01
1.964158643037080820e-01
1.978571198880672566e-01
1.977928988635540009e-01
1.996131464838981628e-01
1.957224249839782659e-01
1.950491711497306935e-01
1.950553961098194233e-01
1.967505848035216443e-01
2.009272255003452246e-01
1.954974595457315556e-01
1.958806158974766842e-01
1.963198125362396185e-01
1.972809344530105646e-01
1.949512174353003613e-01
1.948441702872514836e-01
1.958735277876257896e-01
1.967686813324689976e-01
1.938571298494934925e-01
1.960650410503149144e-01
1.977073185145855061e-01
1.965261405333876554e-01
1.983959414064884186e-01
1.936034544371068589e-01
1.946653552353382055e-01
1.959762072190642246e-01
1.965696396306157168e-01
1.941985316574573461e-01
1.937372215092182104e-01
1.943637687712907736e-01
1.946541925892233960e-01
1.931263355538249127e-01
1.970285855233669392e-01
1.943673659116029739e-01
1.933691943064332064e-01
1.975553397089243046e-01
1.949705360457301140e-01
1.947677347809076420e-01
1.967780336737632862e-01
2.017195869237184414e-01
1.946179326623678207e-01
1.946142707020044327e-01
1.943174276500940212e-01
1.946655906736850794e-01
1.937428958714008387e-01
1.927838718518614658e-01
1.944820042699575424e-01
1.946972640231251772e-01
1.945313094183802605e-01
1.941772695630788748e-01
1.940839802846312523e-01
1.929339690133929364e-01
1.927187636494636647e-01
1.939590433612465858e-01
1.937757439911365620e-01
1.940226847305893954e-01
1.936400342732667867e-01
1.938715359196066801e-01
1.936931772157549914e-01
1.926586193963885363e-01
1.926380454562604538e-01
1.934050219133496284e-01
1.941810553893446867e-01
1.940037732943892534e-01
1.932311750948429163e-01
1.929750101640820559e-01
1.929854897782206646e-01
1.937244238331913837e-01
1.932997193187475093e-01
1.929276153445243780e-01
1.932239644229412079e-01
1.938404737040400616e-01
1.947839562781155109e-01
1.927135095000266918e-01
1.935249457135796436e-01
1.931188976392149981e-01
1.943629130721092335e-01
1.928476192057132776e-01
1.929946532472968102e-01
1.939907144755124990e-01
1.926390111446380504e-01
1.928001981228590067e-01
1.933586861938238199e-01
1.936332816258072853e-01
1.938084861263632830e-01
1.926537944003939573e-01
1.934224739670753479e-01
1.941811136901378521e-01
1.938266830518841632e-01
1.932726599276065882e-01
1.929247199557721504e-01
1.935070941224694141e-01
1.932339152321219389e-01
1.933914450928568840e-01
1.941914632916450500e-01
1.925017576664686259e-01
1.928340714424848501e-01
1.946312706917524282e-01
1.950686680153012331e-01
1.933960629627108629e-01
1.936219394207000788e-01
1.938852172344923130e-01
1.937866924330592100e-01
1.930719632655382156e-01
1.935354001820087377e-01
1.929792331531643979e-01
1.923183321952819935e-01
1.920882377773523442e-01
1.924591178074478992e-01
1.934983825311064609e-01
1.922027029097080342e-01
1.940863827243447248e-01
1.927392531186342128e-01
1.935336116701364406e-01
1.927412807941436823e-01
1.939038410782814026e-01
1.931468874216079601e-01
1.927995234727859497e-01
1.923465916886925586e-01
1.938280381262302288e-01
1.926969906315207370e-01
1.922721436247229465e-01
1.923930235207080841e-01
1.927029998973011915e-01
1.926100550219416729e-01
1.931729046627879143e-01
1.932269696146249882e-01
1.937797755002975408e-01
1.929743286222219412e-01
1.944123813882470131e-01
1.921051088720560074e-01
1.921072270721197184e-01
1.918220339342951719e-01
1.932903647422790638e-01
1.921655736863613073e-01
1.920869849622249548e-01
1.929781153798103277e-01
1.927901729941368103e-01
1.924619639292359241e-01
1.920429527759552057e-01
1.925667053088545855e-01
