8.517211824655532837e-01
7.391715049743652344e-01
7.357391387224196944e-01
7.340183198451996072e-01
7.337441921234131303e-01
7.381876558065414429e-01
7.368952155113219771e-01
7.335394307971000449e-01
7.348649650812149048e-01
7.363436907529831155e-01
7.372136399149894492e-01
7.334112524986267090e-01
7.312203958630562051e-01
7.316059201955795732e-01
7.314254954457283242e-01
7.327675521373748779e-01
7.310490980744361877e-01
7.228963583707809226e-01
5.553819850087166055e-01
6.975228801369667275e-01
7.080692231655121294e-01
6.365071937441826311e-01
5.209067136049270186e-01
4.254907190799713246e-01
4.536589667201041953e-01
4.260414004325866477e-01
4.649970948696136586e-01
3.889096349477768055e-01
3.708441823720932118e-01
3.492710679769516213e-01
3.433782823383808025e-01
3.259439006447791831e-01
3.581634350121021271e-01
3.348275005817413219e-01
3.221363015472888947e-01
3.200431711971759574e-01
3.089802905917167775e-01
3.131028398871421592e-01
3.287893146276473777e-01
3.112105794250965007e-01
3.074512764811515586e-01
2.870349220931530110e-01
3.255783207714557648e-01
3.502165041863918304e-01
3.091307170689105988e-01
3.094339676201343647e-01
2.778024144470691570e-01
2.806662984192371257e-01
2.489343494176864680e-01
2.577444948256015778e-01
2.550855524837970512e-01
2.461390674114227184e-01
2.572800830006599648e-01
2.365105703473091014e-01
2.238937862217426356e-01
2.378428835421800558e-01
2.229321412742137909e-01
2.247054256498813574e-01
2.126495726406574249e-01
2.241494722664356121e-01
2.300673142075538580e-01
3.068318180739879608e-01
2.613957397639751212e-01
2.321726121008396149e-01
2.302088052034378107e-01
2.440376453101635035e-01
2.530371695756912231e-01
2.601833164691925160e-01
2.112677291035652272e-01
1.805863611400127522e-01
2.170807849615812302e-01
2.051889039576053619e-01
2.322027511894702856e-01
2.205735690891742762e-01
2.204975366592407116e-01
2.038117669522762354e-01
2.070081386715173777e-01
1.718032270669937189e-01
1.697568316012620926e-01
1.636164639145135935e-01
1.913671351969242207e-01
1.765017915517091696e-01
1.818490009754896164e-01
1.848146140575409047e-01
2.313123602420091574e-01
2.105710025876760538e-01
1.774322979152202495e-01
1.827333457767963409e-01
1.802534617483615986e-01
2.274016294628381785e-01
2.244611360132694189e-01
1.783551584929227718e-01
1.594947259873151779e-01
2.395231027156114467e-01
2.033259145915508326e-01
1.736478984355926403e-01
1.798264358192682155e-01
1.887155786156654302e-01
1.754559069871902410e-01
1.625144407153129578e-01
1.517129041254520472e-01
1.751037135720253102e-01
1.777776602655649074e-01
1.464074317365884892e-01
1.415484309196472223e-01
1.425497248768806402e-01
1.355801608413457759e-01
1.502632573246955872e-01
1.546069491654634420e-01
1.430063970386981909e-01
1.547566644847392925e-01
1.676877357065677532e-01
1.474834140390157700e-01
1.546912126243114582e-01
1.487177968025207575e-01
1.535812299698591232e-01
1.567211303859949167e-01
1.440548144280910381e-01
1.605750828981399592e-01
1.610301811248064097e-01
2.052209261804819052e-01
1.367410041391849407e-01
1.697551801800727955e-01
1.374189265072345845e-01
1.511059243232011906e-01
1.737340305000543705e-01
1.564607683569192997e-01
1.374111741781234852e-01
1.312376584857702366e-01
1.353080619126558193e-01
1.234364766627550070e-01
1.327362626791000477e-01
1.347206827253103201e-01
1.236787691712379483e-01
1.231091935187578201e-01
1.274857409298419952e-01
1.340686421841383036e-01
1.200895588845014572e-01
1.448302336037158855e-01
1.518924240022897776e-01
1.357999555766582489e-01
1.607640594244003351e-01
1.819890767335891613e-01
1.548888463526964243e-01
1.327301815152168163e-01
1.285821728408336750e-01
1.384986892342567333e-01
1.312534119933843613e-01
1.458353012800216730e-01
1.469140704721212387e-01
1.531711239367723465e-01
1.624526403844356592e-01
1.642986200749874115e-01
1.658284012228250504e-01
1.358533170074224528e-01
1.344061616808175930e-01
1.282623995095491520e-01
1.327293835580349024e-01
1.423827182501554434e-01
1.397799648344516810e-01
1.349467240273952429e-01
1.269011314958334025e-01
1.267012517899274715e-01
1.329808786511421093e-01
1.549661703407764490e-01
1.331937704235315323e-01
1.218729091808199855e-01
1.202725928276777295e-01
1.511209979653358459e-01
1.201907783746719305e-01
1.218686778098344858e-01
1.181550350040197345e-01
1.242396313697099741e-01
1.220261227339506094e-01
1.308775879442691803e-01
1.121740046888589915e-01
1.259738415479660090e-01
1.168837226927280371e-01
1.187845360487699564e-01
1.126246154308319092e-01
1.342393487691879161e-01
1.525021512061357498e-01
1.311451550573110580e-01
1.290684167295694240e-01
1.182910207659006174e-01
1.110868606716394480e-01
1.349600091576576288e-01
1.356676604598760494e-01
1.206654574722051676e-01
1.267172649502754100e-01
1.401831399649381693e-01
1.334577322006225697e-01
1.117320984601974515e-01
1.092354502528905813e-01
1.176530987024307223e-01
1.265939816832542530e-01
1.233824171125888769e-01
1.200834903866052628e-01
1.093679193407297162e-01
1.114955104887485476e-01
1.114063505083322525e-01
1.220468755811452838e-01
1.256093151867389568e-01
1.041026767343282700e-01
1.000030636787414551e-01
1.072455186396837207e-01
1.150604110211133901e-01
1.285627510398626439e-01
1.095569286495447214e-01
1.136179879307746832e-01
1.043303433805704145e-01
1.029299231246113833e-01
1.233091667294502203e-01
1.211078571155667361e-01
1.042537238448858206e-01
1.203171141445636694e-01
1.129970736801624298e-01
9.903434123843908587e-02
1.198685459792614011e-01
9.920787941664457876e-02
9.730946552008390427e-02
1.159783070906996727e-01
1.064510906115174321e-01
1.031929153949022321e-01
1.010405374690890312e-01
9.881234392523766119e-02
1.031703460961580221e-01
1.161468613892793628e-01
1.046313013881444987e-01
1.100201327353715897e-01
9.754940290004014691e-02
9.665185585618019104e-02
1.063637662678957041e-01
1.161623191088438090e-01
1.009111087769269943e-01
1.007632574066519709e-01
1.119164876639842932e-01
9.642840474843979159e-02
1.098468922078609522e-01
1.133122079074382754e-01
1.240543659776449231e-01
9.427561927586794455e-02
9.964571502059697827e-02
1.021358365193009432e-01
1.074621837586164502e-01
1.042796922847628593e-01
1.026749458163976614e-01
1.016417546197772026e-01
1.223010998219251633e-01
9.703166931867598932e-02
9.649386834353208819e-02
1.074970863759517614e-01
1.115379549562931089e-01
1.057080445811152403e-01
9.375366065651177805e-02
1.092758418992161723e-01
1.111272282898426028e-01
1.163626311346888514e-01
9.610009826719760617e-02
9.531981907784939367e-02
9.283744487911463339e-02
9.835208710283041555e-02
1.025527425110340091e-01
9.383661113679409027e-02
9.835260845720768252e-02
9.693663287907838821e-02
9.940474126487970630e-02
9.370373059064149301e-02
9.272287301719188413e-02
9.052176028490066528e-02
9.602014310657977503e-02
9.216548129916191101e-02
1.025638563558459310e-01
1.063557963818311664e-01
1.015444496646523420e-01
9.682773593813180646e-02
9.079340230673552115e-02
8.999750949442386627e-02
1.021629994735121783e-01
9.459284152835607806e-02
9.667842052876948755e-02
1.066152641549706487e-01
1.002729572355747223e-01
1.015194127336144503e-01
1.009825287386774961e-01
9.423360954970121106e-02
8.994662668555974960e-02
9.074040725827217657e-02
8.880772814154624939e-02
1.061568206176161794e-01
9.492397122085094452e-02
1.192503893747925703e-01
1.007000315934419576e-01
9.090362004935741147e-02
9.231591895222664157e-02
9.515894372016191205e-02
9.923691619187594015e-02
1.036731049418449374e-01
1.007823353633284513e-01
9.413586631417274198e-02
8.732163514941930493e-02
9.509399719536304474e-02
8.853322993963956555e-02
8.396711815148591440e-02
8.994051273912191669e-02
8.929957151412963590e-02
9.581902083009481708e-02
9.009500425308943072e-02
8.548952713608741483e-02
8.803632128983736316e-02
9.104097113013268072e-02
8.533586487174034396e-02
8.670847006142139157e-02
8.496036492288112918e-02
9.489981103688478747e-02
8.724775016307831366e-02
9.252687431871890744e-02
8.224198948591947278e-02
8.727616854012013037e-02
9.249329194426536560e-02
8.321017939597367963e-02
9.225387331098318378e-02
8.831411395221948346e-02
8.918558899313211441e-02
8.420504294335842688e-02
9.697341434657573422e-02
9.379737544804811478e-02
8.493624012917280752e-02
8.742201328277587891e-02
8.879745882004499991e-02
8.319514375180006582e-02
8.537197448313235681e-02
9.368847664445638379e-02
8.943683449178933820e-02
8.709234185516834259e-02
1.022314209491014536e-01
8.989745471626520157e-02
9.835685640573502142e-02
8.544690068811178207e-02
8.675911333411931436e-02
8.687098920345306952e-02
8.336505480110645294e-02
9.652407392859459201e-02
8.650797996670007983e-02
9.835412111133337576e-02
8.496966212987899780e-02
9.193810503929852884e-02
8.656810987740755359e-02
8.668544683605432233e-02
8.456667456775904257e-02
8.912087529897690097e-02
8.267378546297550479e-02
8.501228913664818365e-02
8.725407812744379044e-02
8.522503953427076895e-02
8.701008446514606198e-02
8.675575405359267633e-02
9.135384056717157919e-02
8.520678151398897171e-02
8.847203813493251245e-02
8.696581311523914060e-02
8.634181078523398001e-02
8.160125613212584894e-02
8.495902623981237134e-02
8.796430937945842743e-02
9.094711318612098971e-02
8.061807043850421906e-02
8.215895239263773520e-02
8.954483475536108295e-02
9.108261261135339182e-02
8.263633865863084793e-02
8.549634627997874936e-02
9.730357285588979444e-02
1.065624373033642741e-01
8.346317131072282514e-02
8.555376455187797824e-02
8.937629945576190671e-02
8.308436498045920771e-02
8.092821259051560800e-02
8.509873505681753159e-02
8.364783767610788068e-02
8.960772324353456775e-02
8.637949023395777304e-02
8.737347014248371402e-02
9.231332764029502591e-02
8.875842969864607135e-02
8.082732502371073324e-02
8.061089534312486371e-02
7.974307294934987467e-02
8.197159450501204092e-02
1.065565049648284912e-01
9.097030423581600744e-02
8.343959487974643430e-02
8.319354951381682794e-02
9.002552311867476065e-02
8.126605674624443054e-02
8.796839769929647168e-02
8.471098989248275479e-02
7.997972108423709314e-02
8.254507668316364566e-02
7.907474562525748651e-02
7.909600287675858099e-02
8.049369156360626498e-02
8.025080747902393896e-02
8.206913322210311612e-02
8.413566704839467447e-02
7.968590315431356430e-02
7.787713911384344656e-02
7.888545915484428128e-02
8.366084564477205276e-02
7.845780886709689816e-02
8.272789921611548025e-02
7.817394360899924954e-02
7.978867460042238235e-02
8.106891624629497528e-02
8.257456924766301554e-02
7.876909188926220495e-02
7.832522764801978787e-02
8.020813670009374619e-02
7.851066887378692349e-02
8.223785515874623697e-02
7.823171559721231461e-02
7.666652034968138296e-02
8.206374589353800098e-02
8.060326185077429373e-02
7.759580798447132666e-02
7.900537382811308185e-02
7.733638063073158819e-02
8.098903801292181570e-02
7.870476674288510999e-02
7.789959758520126343e-02
8.281274233013391495e-02
8.115089870989322662e-02
8.105283938348292749e-02
7.838364616036415378e-02
8.078844062983989160e-02
7.882188614457845410e-02
7.924420610070229132e-02
8.025077972561120432e-02
7.987238951027393619e-02
8.346918150782585422e-02
8.107781894505024234e-02
7.895129825919866562e-02
8.131567966192961017e-02
7.705249600112437647e-02
7.775783874094485681e-02
7.842962499707936685e-02
7.986466567963361463e-02
7.784769590944051743e-02
8.259351626038551053e-02
7.775844018906355459e-02
7.646159622818231305e-02
7.733046505600213449e-02
7.854509633034467697e-02
7.852656617760658819e-02
7.966518606990576068e-02
7.698656618595123291e-02
7.583634033799172003e-02
7.795809470117091855e-02
7.859141249209641855e-02
7.655087392777204514e-02
8.058008681982756216e-02
8.256317134946584979e-02
7.945911698043346683e-02
7.875333968549966257e-02
7.827702425420283994e-02
7.991676256060600836e-02
7.855016831308603287e-02
7.732147593051194590e-02
7.826467361301184256e-02
7.583625596016645154e-02
7.625804301351309100e-02
8.047270942479371747e-02
7.334148660302161615e-02
8.404738362878561020e-02
7.990122754126786908e-02
8.024667780846357623e-02
7.641361057758330744e-02
7.765986770391464233e-02
8.249340988695622046e-02
7.687047496438026428e-02
7.677092105150222501e-02
7.754564210772514621e-02
7.640869729220867157e-02
7.766451165080071051e-02
7.764342594891786298e-02
8.117746748030185699e-02
7.538648806512356082e-02
7.459033764898777286e-02
7.712870892137288492e-02
8.043594770133495608e-02
7.526122685521841049e-02
7.862929180264473239e-02
7.709409408271312991e-02
7.675288487225770395e-02
7.774754781275987348e-02
7.837707474827766696e-02
8.097586594521999359e-02
7.846778500825166147e-02
7.469324842095374783e-02
7.726702783256769735e-02
7.499985266476869028e-02
7.464405167847872058e-02
7.519960142672062198e-02
7.486537396907806674e-02
7.559415809810161868e-02
7.473817057907580774e-02
7.514882180839776993e-02
7.607463151216506403e-02
7.428635247051715296e-02
7.441328540444373807e-02
7.465361990034580231e-02
7.400663383305072784e-02
7.486110981553792398e-02
7.440578341484069269e-02
7.482189722359181006e-02
7.607376668602228165e-02
7.532481700181961615e-02
7.389949522912502011e-02
7.597302645444869995e-02
7.547857351601124087e-02
7.538911458104849417e-02
7.459551412612200338e-02
7.456516716629266184e-02
7.561228591948747357e-02
7.377807777374982556e-02
7.491581216454505643e-02
7.627084776759147922e-02
7.429785374552011490e-02
7.441702503710985461e-02
7.409608978778123300e-02
7.429503314197064001e-02
7.424686830490827283e-02
7.401254214346408844e-02
7.387444842606782913e-02
7.410087492316960733e-02
7.382567785680294037e-02
7.386434543877840042e-02
7.610517069697379788e-02
7.598047498613595685e-02
7.651060298085213263e-02
7.351003717631102163e-02
7.347705643624066751e-02
7.684568967670202255e-02
7.364587690681219379e-02
7.485289573669433316e-02
7.455064766108990271e-02
7.375739961862563809e-02
7.420223914086818140e-02
7.438310999423265735e-02
7.322571631520986835e-02
7.442024219781159800e-02
7.455949019640684128e-02
7.344452273100614270e-02
7.373565249145030975e-02
7.492071241140366156e-02
7.361142914742231647e-02
7.376376818865537643e-02
7.428789269179106314e-02
7.398523613810539801e-02
7.275783885270356577e-02
7.533829342573880594e-02
7.378813587129115503e-02
7.510809712111950198e-02
7.335002645850181857e-02
7.314646318554877957e-02
7.382146865129471380e-02
7.445952352136372965e-02
7.418729495257139761e-02
7.429888267070054730e-02
7.547440305352211276e-02
7.419111561030149182e-02
7.459839079529047290e-02
7.542325761169195453e-02
7.337705232203006744e-02
7.338023148477076929e-02
7.411347739398480017e-02
7.451306227594614584e-02
7.334167286753653925e-02
7.350978367030620853e-02
7.431666590273380835e-02
7.392025291919708530e-02
7.415042314678430002e-02
7.363200802356004160e-02
7.353341430425644476e-02
7.483910042792558948e-02
7.332076039165258408e-02
7.361334338784217279e-02
7.301973160356282910e-02
7.367167845368385870e-02
7.648558747023344317e-02
7.351902816444635946e-02
7.420138474553823749e-02
7.378893513232469281e-02
7.406052630394696634e-02
7.397931795567273816e-02
7.379154078662394922e-02
7.339183688163757047e-02
7.473830822855234701e-02
7.296215128153563101e-02
7.276196610182524005e-02
7.234352417290210169e-02
7.245858982205391485e-02
7.244602069258690435e-02
7.232514265924691599e-02
7.251437827944755277e-02
7.252262886613607129e-02
7.289946954697371084e-02
7.259818110615015585e-02
7.281136084347963888e-02
7.239962033927441198e-02
7.252935972064733505e-02
7.273002173751592914e-02
7.238526605069636743e-02
7.255399599671363831e-02
7.231722213327884674e-02
7.254257984459400177e-02
7.199826277792453766e-02
7.266008835285901746e-02
7.302474919706583578e-02
7.215258162468671244e-02
7.301001995801925659e-02
7.235557083040475290e-02
7.234293129295110703e-02
7.264444734901190359e-02
7.250452935695647638e-02
7.289873380213976461e-02
7.233431469649076462e-02
7.220681663602590561e-02
7.200677618384361545e-02
7.213221359997987192e-02
7.244573775678872507e-02
7.218919806182384769e-02
7.225949205458163938e-02
7.240711096674204428e-02
7.246263157576322833e-02
7.216308489441872198e-02
7.274881470948457718e-02
7.188486754894256314e-02
7.330189496278763372e-02
7.203520108014345447e-02
7.300211340188980658e-02
7.179122399538755139e-02
7.276370003819465637e-02
7.226513139903545380e-02
7.221582084894180575e-02
7.240884322673082907e-02
7.198368012905120850e-02
7.204308807849883756e-02
7.190411575138569433e-02
7.240944653749466220e-02
7.225694563239812296e-02
7.196538634598255435e-02
7.193173412233591635e-02
7.242461238056421835e-02
7.279127780348063070e-02
7.193841300904750546e-02
7.325148507952690402e-02
7.209377381950617114e-02
7.214522399008274633e-02
7.200364973396063129e-02
7.248716279864311773e-02
7.175206448882817667e-02
7.200534194707870761e-02
7.198763880878686350e-02
7.184848338365554254e-02
7.211239878088235300e-02
7.184420693665742597e-02
7.204770278185605725e-02
7.192907314747572223e-02
7.203586567193269452e-02
7.170102037489414770e-02
7.213654816150665006e-02
7.217396926134825308e-02
7.202767618000507910e-02
7.187638580799102228e-02
7.168997377157211581e-02
7.244086209684610922e-02
7.224648036062716883e-02
7.199471890926360806e-02
7.211276534944772998e-02
7.191911656409502585e-02
7.197259888052939814e-02
7.220748700201511106e-02
7.398184593766927997e-02
7.175830304622650424e-02
7.249279431998729983e-02
7.173004858195781985e-02
7.211602069437503260e-02
7.155928295105695724e-02
7.162536308169364929e-02
7.212553415447472971e-02
7.217066660523414889e-02
7.168455123901366910e-02
7.211134824901818674e-02
7.182064764201641360e-02
7.166824173182248514e-02
7.183368522673845569e-02
7.172164693474769592e-02
7.223231084644794742e-02
7.132156435400247019e-02
7.132590264081954678e-02
7.128713186830282211e-02
7.148708719760180075e-02
7.142472267150878906e-02
7.120346408337355215e-02
7.158613298088312149e-02
7.147507537156343183e-02
7.127103749662637433e-02
7.127740234136581421e-02
7.128669824451208670e-02
7.149065937846899033e-02
7.121478132903576175e-02
7.133231721818447668e-02
7.148195337504148483e-02
7.118367962539196014e-02
7.129966616630553644e-02
7.127405256032944003e-02
7.154575698077678125e-02
7.158085070550442019e-02
7.121939081698655527e-02
7.127815317362547198e-02
7.124255336821079532e-02
7.133286986500024518e-02
7.118334006518126089e-02
7.144229765981435776e-02
7.109702881425619680e-02
7.121316492557525080e-02
7.119300961494445801e-02
7.117149718105793277e-02
7.120585553348064700e-02
7.122315391898155490e-02
7.120009865611791333e-02
7.118707336485385895e-02
7.113026306033135016e-02
7.123101130127906799e-02
7.115219291299582083e-02
7.122736684978007993e-02
7.124370001256466467e-02
7.108915839344262522e-02
7.119484301656484049e-02
7.114669214934110641e-02
7.123208213597535809e-02
7.118112649768590372e-02
7.125119213014841080e-02
7.137815151363610666e-02
7.136148400604724884e-02
7.135433778166770658e-02
7.108463365584612170e-02
7.104010786861181259e-02
7.138471771031618118e-02
7.112639658153056821e-02
7.124142535030841827e-02
7.095281928777694147e-02
7.128011658787727911e-02
7.102759592235088904e-02
7.123307362198830206e-02
7.112991027534007471e-02
7.132948227226734716e-02
7.116920109838247022e-02
7.130661029368638715e-02
7.115371301770209711e-02
7.118738703429698667e-02
7.148693557828664225e-02
7.107432428747414987e-02
7.125962562859058935e-02
7.099823169410228452e-02
7.114213071763515750e-02
7.101520132273435315e-02
7.103205639868974408e-02
7.102062460035085678e-02
7.103049904108046930e-02
7.117199283093214590e-02
7.121697384864092428e-02
7.137775495648383817e-02
7.109992112964391708e-02
7.095005121082068045e-02
7.106608711183071136e-02
7.100108824670314789e-02
7.105694040656089505e-02
7.089268807321787158e-02
7.092004101723432818e-02
7.094468604773282450e-02
7.097018901258707324e-02
7.083954345434903543e-02
7.102332357317209244e-02
7.109410539269447882e-02
7.079062517732381821e-02
7.125492431223393042e-02
7.080218512564898092e-02
7.120808102190494260e-02
7.096937112510204315e-02
7.102925069630146304e-02
7.146781235933304111e-02
7.102569863200187961e-02
7.082532867789267939e-02
7.084549237042665759e-02
7.081832401454449255e-02
7.100816629827022552e-02
7.082162257283926288e-02
7.076585423201323111e-02
7.073704935610294897e-02
7.077073175460099619e-02
7.076703906059264582e-02
7.066212780773639679e-02
7.077714670449494760e-02
7.069215942174196521e-02
7.073690388351679126e-02
7.069699205458164493e-02
7.064115367829799930e-02
7.076220493763685226e-02
7.063987441360949915e-02
7.089251838624477386e-02
7.081489227712153833e-02
7.077157404273748398e-02
7.064567934721707743e-02
7.067665327340363901e-02
7.078223899006844122e-02
7.063347361981868466e-02
7.058143895119428635e-02
7.071091979742050171e-02
7.067143004387617389e-02
7.062463574111461917e-02
7.062896601855754575e-02
7.068977747112512033e-02
7.054689023643731516e-02
7.060470134019851407e-02
7.070002574473618906e-02
7.063549049198628027e-02
7.063911892473698217e-02
7.068780716508626938e-02
7.094243764877319891e-02
7.061129193753004629e-02
7.056249696761369983e-02
7.063674461096525192e-02
7.059023659676313955e-02
7.061612680554389676e-02
7.060104478150605600e-02
7.055221833288669031e-02
7.066347673535347540e-02
7.060634512454271039e-02
7.053227405995129984e-02
7.067557312548160275e-02
7.059259656816721518e-02
7.053974419832229059e-02
7.059216834604739588e-02
7.052384652197360437e-02
7.073722556233405512e-02
7.049284633249044973e-02
7.059868909418583194e-02
7.051118742674589157e-02
7.070275582373142242e-02
7.067422885447741110e-02
7.057844046503305990e-02
7.050701770931482038e-02
7.058400306850672046e-02
7.053354401141405383e-02
7.056606244295834940e-02
7.056390047073364535e-02
7.055213078856467646e-02
7.058029472827911932e-02
7.061927970498800555e-02
7.063014488667249124e-02
7.073240671306849081e-02
7.053723260760307034e-02
7.050532680004835406e-02
7.054646965116262436e-02
7.062381859868764600e-02
7.075381726026534757e-02
7.047791387885808667e-02
7.059586886316537857e-02
7.056999597698450366e-02
7.056550439447165091e-02
7.047476153820753098e-02
7.048993334174155634e-02
7.050348911434412003e-02
7.062827665358781259e-02
7.044702880084514895e-02
7.055410370230674744e-02
7.062719520181418020e-02
7.055117003619670868e-02
7.062933240085840503e-02
7.041592393070458811e-02
7.044964339584111612e-02
7.049051821231841486e-02
7.052513659000396451e-02
7.046932540833950043e-02
7.040767949074507037e-02
7.044953852891921997e-02
7.042929213494061869e-02
7.035866882652044851e-02
7.054981421679258624e-02
7.040473464876413623e-02
7.038327027112245560e-02
7.053514178842305860e-02
7.046980373561381739e-02
7.042876854538918097e-02
7.051482461392880041e-02
7.077632695436478216e-02
7.042620498687028607e-02
7.038797084242105762e-02
7.038032282143831531e-02
7.038102485239505768e-02
7.032858505845070163e-02
7.030326686799526215e-02
7.037441395223140161e-02
7.037097159773111898e-02
7.036700528115033548e-02
7.036170773208141882e-02
7.035512197762727737e-02
7.029776647686958313e-02
7.028179019689559381e-02
7.033836785703898031e-02
7.033564411103725156e-02
7.032636329531669062e-02
7.031452115625143329e-02
7.034328654408454617e-02
7.032437212765216272e-02
7.026370074599981586e-02
7.026280481368303577e-02
7.030909657478331964e-02
7.034305538982152384e-02
7.034008782356977740e-02
7.029854748398065012e-02
7.027016319334507266e-02
7.025461662560701648e-02
7.029295936226845343e-02
7.027983628213405054e-02
7.027644999325274866e-02
7.029826268553733548e-02
7.033175230026245117e-02
7.035344839096069336e-02
7.025741357356310446e-02
7.028094790875911990e-02
7.026768662035465240e-02
7.034264933317899149e-02
7.026299703866242807e-02
7.026561349630355835e-02
7.032747454941272458e-02
7.023873701691626947e-02
7.026912439614534100e-02
7.025892268866300305e-02
7.031958866864443380e-02
7.029871232807635706e-02
7.024251855909824371e-02
7.028303258121013086e-02
7.032347079366445264e-02
7.029961235821247101e-02
7.026588376611471454e-02
7.025021500885486603e-02
7.030939273536204737e-02
7.027183268219232282e-02
7.025708220899104517e-02
7.031390853226185400e-02
7.021561469882726947e-02
7.023679036647081930e-02
7.035978026688098630e-02
7.033831644803285876e-02
7.027024403214454651e-02
7.027446310967207233e-02
7.028109561651944837e-02
7.027157992124558050e-02
7.024613413959741870e-02
7.026734501123428622e-02
7.023251391947268885e-02
7.019964382052421015e-02
7.018969208002090454e-02
7.021550629287957868e-02
7.025658786296844205e-02
7.020019870251417715e-02
7.028355244547128400e-02
7.022674530744552057e-02
7.025828622281551916e-02
7.021880242973566055e-02
7.026041429489851553e-02
7.022396549582481107e-02
7.020995859056711197e-02
7.021673042327165881e-02
7.026480529457330981e-02
7.021977901458739679e-02
7.018647771328687113e-02
7.020231466740370352e-02
7.019571624696255285e-02
7.019504122436046045e-02
7.021252531558275223e-02
7.022862248122692386e-02
7.023531608283520300e-02
7.022929079830646237e-02
7.027984634041786749e-02
7.016036640852689465e-02
7.017074879258870801e-02
7.015723455697298050e-02
7.024246435612439832e-02
7.016948498785495481e-02
7.015526480972766876e-02
7.019383646547794342e-02
7.019989714026450556e-02
7.018048316240310669e-02
7.015148606151341837e-02
7.016923762857914249e-02
