1.313559463024139440e+01
1.269160518646240199e+01
1.290416355133056570e+01
1.286294586658477712e+01
1.332100620269775426e+01
1.332472434043884313e+01
1.266461634635925293e+01
1.312433290481567383e+01
1.259256248474121165e+01
1.330932464599609411e+01
1.319756088256835902e+01
1.294477658271789622e+01
1.287391080856323278e+01
1.261315684318542552e+01
1.295580272674560618e+01
1.278970661163330114e+01
1.282386436462402379e+01
1.044635877609252894e+01
9.617679405212403054e+00
1.239557213783264089e+01
1.229007408618926966e+01
8.627238249778747203e+00
3.058713722229003729e+00
7.233848857879638494e+00
3.798369646072387695e+00
6.429581165313720703e+00
5.585572481155395508e+00
1.013456854820251429e+01
2.803131461143493652e+00
3.630783295631408780e+00
3.202876710891723544e+00
3.278739523887634455e+00
3.613366627693176181e+00
2.939428806304931641e+00
2.656384789943694980e+00
5.698959875106811346e+00
6.140880465507507324e+00
6.663406610488891602e+00
2.861956405639648260e+00
7.494750559329986572e+00
4.334856486320495250e+00
2.406647503376007080e+00
3.275797772407531561e+00
3.599408459663391291e+00
2.645564913749694824e+00
4.850589919090270818e+00
2.923750853538513272e+00
2.303431499004363836e+00
4.092888092994689586e+00
2.305262732505798162e+00
5.207382333278656183e+00
2.234752458333969294e+00
3.277798599004745572e+00
2.299608254432678134e+00
2.159611809253692449e+00
2.197009766101837069e+00
2.158569490909576505e+00
2.253957182168960571e+00
2.837281668186187655e+00
2.739005917310714633e+00
2.927247703075408936e+00
2.803525054454803378e+00
2.657443475723266779e+00
3.658536326885223566e+00
4.354255837202072321e+00
2.415898150205612271e+00
4.935790491104126154e+00
2.225842499732971103e+00
2.181185233592986883e+00
4.385706186294555664e+00
2.710581088066100985e+00
4.307848298549652455e+00
2.152050060033798395e+00
2.134969723224640070e+00
2.082678568363189875e+00
1.980697548389434903e+00
2.302207517623901190e+00
2.123758465051651001e+00
2.079222309589385809e+00
1.977552357316017195e+00
1.948680907487869263e+00
2.086851215362548917e+00
4.909198349714278820e+00
2.459921514987945645e+00
5.906672027707100092e+00
1.944018656015396029e+00
2.184347331523895264e+00
2.368585968017578036e+00
2.754373931884765536e+00
7.747978901863097789e+00
1.956933510303497270e+00
2.072659933567047030e+00
2.070983290672302246e+00
6.082457280158996227e+00
1.697717380523681596e+00
2.162447428703308194e+00
2.220306754112243652e+00
2.603183495998382391e+00
2.092295801639556974e+00
2.200004434585571378e+00
2.306891107559204013e+00
2.527833366394042880e+00
2.163002783060073764e+00
2.140555262565612793e+00
2.032060050964355380e+00
2.313441169261932551e+00
2.070928525924682795e+00
2.142865419387817383e+00
2.209804099798202692e+00
2.482919740676879705e+00
2.034385287761688144e+00
2.512591886520385565e+00
2.318185484409332364e+00
2.124625027179718018e+00
2.442036056518554599e+00
2.318064802885055453e+00
2.559405344724654974e+00
2.292900216579437433e+00
1.888520503044128329e+00
3.674538350105285733e+00
2.111678433418274103e+00
2.042432880401611417e+00
2.170034849643707187e+00
2.160451126098632990e+00
1.990145587921142489e+00
2.513658845424652011e+00
2.055330038070678711e+00
2.179841202497482477e+00
2.148731565475463956e+00
2.138558936119079767e+00
2.381379091739654452e+00
2.216431778669357477e+00
2.252674984931945623e+00
2.272368705272674649e+00
2.347481650114059626e+00
2.461087656021118342e+00
2.480784761905669988e+00
2.277870368957519709e+00
2.398421835899353205e+00
2.292624497413635165e+00
2.205774950981139959e+00
2.163127034902572632e+00
2.938076257705688477e+00
2.561850106716156095e+00
2.385732793807983310e+00
2.369615554809570312e+00
2.468455153703689398e+00
2.499479138851165683e+00
2.419200521707534968e+00
2.230016469955444336e+00
2.266194498538971036e+00
2.435325163602828802e+00
5.056147480010986683e+00
2.199209129810333341e+00
2.172134327888488592e+00
2.420203858613967807e+00
2.068386471271514981e+00
2.237906992435455322e+00
2.280660161375999362e+00
1.941839671134948819e+00
2.498663938045501798e+00
2.436726617813110174e+00
2.384422433376312433e+00
2.581233334541320978e+00
1.960273575782775834e+00
2.430491173267364413e+00
2.472559368610382169e+00
2.692204415798187256e+00
2.655511355400085538e+00
2.597524821758270264e+00
2.242372465133667170e+00
2.378821527957916349e+00
2.466768360137939542e+00
2.811980020999908625e+00
2.519151443243026645e+00
2.286781990528106601e+00
2.213120806217193426e+00
2.270730328559875666e+00
2.684971117973327548e+00
2.376204353570938288e+00
3.875480365753174006e+00
2.375773677229881198e+00
2.594903492927551181e+00
2.805547821521758856e+00
2.504598981142044156e+00
2.551283729076385676e+00
2.307626152038574130e+00
2.407956206798553378e+00
2.734487390518188565e+00
2.738198745250701727e+00
3.316166353225708185e+00
2.341375136375427157e+00
2.505472624301910312e+00
2.908296799659729093e+00
2.916687661409377963e+00
2.432275766134261996e+00
2.419084763526916593e+00
2.526168119907379328e+00
2.593183517456054688e+00
2.747274827957153498e+00
2.670841288566589533e+00
2.863022589683532626e+00
2.598324793577194036e+00
2.555818617343902588e+00
2.606618279218673617e+00
2.790142738819122226e+00
2.562468981742858976e+00
2.459702306985855014e+00
2.634937429428100497e+00
2.627405804395675837e+00
2.698630678653716863e+00
2.835634326934814542e+00
2.684591627120971769e+00
2.680613422393798739e+00
2.623961758613586603e+00
2.814436411857605069e+00
2.639943063259124756e+00
2.798614370822906317e+00
2.664691567420959473e+00
2.569688963890075506e+00
2.694663393497466863e+00
2.599413144588470281e+00
2.642645740509033114e+00
2.678661012649536044e+00
2.667693662643432440e+00
2.774203538894653320e+00
2.766436040401458740e+00
2.673877316713332952e+00
2.606312227249145685e+00
2.557645326852798551e+00
2.807528948783874601e+00
2.710697400569915594e+00
2.658154761791229337e+00
2.693398499488830478e+00
2.689285254478454679e+00
2.781385529041290106e+00
2.616258239746093839e+00
2.621917688846588046e+00
2.477831923961639315e+00
2.672529602050781161e+00
2.718268096446990967e+00
2.684312295913696467e+00
2.649021792411804022e+00
2.937191462516784757e+00
2.582164973020553589e+00
2.654052156209945501e+00
2.736012029647826971e+00
2.446854686737060636e+00
2.666772657632827670e+00
2.573111772537231445e+00
2.667935490608215332e+00
2.998681616783142267e+00
2.566862714290619074e+00
2.620730465650558560e+00
2.625764739513397394e+00
2.989814671874046148e+00
2.710073459148406805e+00
2.694897854328155429e+00
2.643714809417724521e+00
2.752783584594726385e+00
2.773855352401733310e+00
2.888328683376312433e+00
2.831461381912231623e+00
2.759265249967575162e+00
2.704863762855529874e+00
2.593783468008041382e+00
2.717763704061508356e+00
2.841405922174453647e+00
2.663247954845428644e+00
2.763178169727325439e+00
2.749796175956725985e+00
2.835150814056396573e+00
3.094155359268188299e+00
2.695766890048980624e+00
2.846271336078643799e+00
2.696107351779937655e+00
2.750313031673431219e+00
2.775054782629013062e+00
2.910938191413879217e+00
2.553582572937011630e+00
2.802938628196716131e+00
2.795920717716216863e+00
2.774130594730377375e+00
2.775896465778350919e+00
2.725141048431396484e+00
2.555606865882873446e+00
2.658953511714935214e+00
2.650094020366668524e+00
2.714334964752197266e+00
2.771323525905609042e+00
2.809560668468475519e+00
2.571473067998886197e+00
2.746167254447937189e+00
2.788072872161865057e+00
2.866054570674896329e+00
2.697099089622497559e+00
2.752492678165435969e+00
2.702044725418090820e+00
2.663375091552734553e+00
2.813254117965698242e+00
2.793116092681884766e+00
2.911258184909820468e+00
2.749178141355514526e+00
2.825187742710113525e+00
2.861178958415985019e+00
2.772383737564086736e+00
2.783451020717620850e+00
2.817945820093155085e+00
2.818186533451080500e+00
2.880262887477874845e+00
2.863238489627838224e+00
2.771032726764679044e+00
2.763840669393539340e+00
2.874436676502227783e+00
2.828601932525634854e+00
2.783379399776458651e+00
2.829055047035217374e+00
2.727739721536636353e+00
2.828236389160156072e+00
2.890190148353576571e+00
2.713711315393447787e+00
2.848744153976440430e+00
2.761452686786651789e+00
2.743612730503082187e+00
2.820958054065704435e+00
2.711558258533477872e+00
2.894802880287170588e+00
2.810459131002426059e+00
2.817579388618469238e+00
2.835548901557922274e+00
2.791589128971099676e+00
2.910613965988159357e+00
2.652898669242858887e+00
2.796086758375167847e+00
2.822498512268066584e+00
2.826171320676803767e+00
2.849806797504425226e+00
2.652086126804351629e+00
2.795554935932159424e+00
2.766352808475494474e+00
2.899904865026473821e+00
2.693761742115020841e+00
2.907530021667480646e+00
2.781200146675109952e+00
2.803993070125579745e+00
2.758744710683822543e+00
2.864642179012298673e+00
2.795956587791442960e+00
2.849290871620178134e+00
2.739489293098449796e+00
3.092436003684997381e+00
2.763589572906494318e+00
2.859774839878082453e+00
2.891970652341842474e+00
2.767998313903808683e+00
2.823709452152252108e+00
2.869233572483062655e+00
2.934319376945495605e+00
2.834555834531784058e+00
2.792617857456207275e+00
2.771108496189117254e+00
2.725823789834976196e+00
2.843484592437744318e+00
2.818402338027953924e+00
3.074467951059341342e+00
2.749098569154739380e+00
2.859166908264159979e+00
2.734680020809173495e+00
2.943707036972045721e+00
2.650621390342712491e+00
2.881324088573455899e+00
2.706232059001922430e+00
2.939812397956848233e+00
2.740562939643859774e+00
2.704262197017669678e+00
2.838314616680145175e+00
2.809026217460632413e+00
2.830239200592040927e+00
2.719025123119354070e+00
2.792071855068206876e+00
2.783379828929901212e+00
2.814795356988907038e+00
2.723903810977935880e+00
2.754650938510894598e+00
2.821794402599334894e+00
2.850114572048187078e+00
2.817691731452941717e+00
2.830578756332397639e+00
2.821524566411972135e+00
2.685187298059463323e+00
3.042082524299621671e+00
2.879919451475143610e+00
2.779018354415893732e+00
2.838412451744079412e+00
2.897744953632354736e+00
2.695338177680969061e+00
2.836669766902923495e+00
2.760154336690902710e+00
2.813708353042602361e+00
2.856182885169983088e+00
2.852894294261932195e+00
2.775714516639709473e+00
2.830029189586639404e+00
2.767455446720123113e+00
2.750961709022521795e+00
2.923920369148254483e+00
2.800344109535217285e+00
2.803314268589019775e+00
2.799511587619781583e+00
2.887243705987930120e+00
2.762305152416229426e+00
2.873938071727752508e+00
2.787460565567016602e+00
2.889444220066070379e+00
2.917878687381744385e+00
2.750923275947570801e+00
2.891733443737030118e+00
2.829580736160278498e+00
2.809841930866241455e+00
2.836428010463714511e+00
2.791440796852111994e+00
2.843348789215087713e+00
2.802701449394226163e+00
2.867865467071533114e+00
2.803283798694610418e+00
2.834886372089385986e+00
2.802425265312194824e+00
2.756150364875793457e+00
2.798122912645339966e+00
2.814491617679595770e+00
2.803976607322693049e+00
2.787663412094116389e+00
2.770187181234359919e+00
2.870605993270873846e+00
2.817586672306060969e+00
2.817566394805908203e+00
2.816761410236358731e+00
2.887718713283538907e+00
2.771671390533447354e+00
2.850701367855072110e+00
2.758695197105407892e+00
2.892875087261200129e+00
2.787865781784057528e+00
2.748515653610229315e+00
2.835759711265564142e+00
2.826760518550872625e+00
2.830142354965210050e+00
2.787293779850005926e+00
2.773532199859618963e+00
2.880844926834106534e+00
2.804038298130035578e+00
2.779692721366882502e+00
2.814475178718566895e+00
2.796813070774078369e+00
2.835258704423904597e+00
2.869272875785827459e+00
2.772064149379730225e+00
2.805075299739837824e+00
2.757975697517395020e+00
2.846857285499572843e+00
2.812524801492691129e+00
2.810355389118194491e+00
2.814633071422576904e+00
2.818369758129120051e+00
2.808266663551330478e+00
2.857851052284240634e+00
2.746966177225112826e+00
2.867488861083984375e+00
2.829649978876113803e+00
2.755321270227432340e+00
2.891530835628509433e+00
2.805650836229324430e+00
2.830816721916198819e+00
2.742709249258041382e+00
2.876358926296234131e+00
2.789480066299438565e+00
2.822503221035003840e+00
2.841515320539474310e+00
2.738565945625305087e+00
2.824077790975570768e+00
2.785970699787140070e+00
2.785151433944702326e+00
2.869142079353332431e+00
2.755755710601806463e+00
2.943765485286712558e+00
2.751707446575164973e+00
2.805767267942428589e+00
2.766339492797851740e+00
2.747720158100128263e+00
2.792463016510009943e+00
2.746632885932922541e+00
2.793216079473495483e+00
2.861618053913116633e+00
2.812901914119720459e+00
2.812794303894043058e+00
2.822438979148864657e+00
2.849106967449188232e+00
2.773364984989166171e+00
2.837674081325531006e+00
2.726483190059661776e+00
2.757987189292907537e+00
2.854830121994018644e+00
2.803207194805145352e+00
2.801196277141571045e+00
2.795723032951355158e+00
2.774190080165863215e+00
2.816276150941848577e+00
2.783872473239898504e+00
2.817106652259826483e+00
2.777704274654388517e+00
2.794553530216217219e+00
2.828926515579223810e+00
2.808087676763534546e+00
2.765607607364654719e+00
2.810064244270324529e+00
2.799369287490844904e+00
2.769399952888488947e+00
2.876338750123977661e+00
2.781090497970581055e+00
2.806718742847442716e+00
2.794375431537628351e+00
2.800018858909607111e+00
2.804994642734527588e+00
2.811735391616821289e+00
2.776042652130127131e+00
2.787882828712463290e+00
2.801426923274993985e+00
2.768076550960540949e+00
2.785193848609924139e+00
2.815017294883728205e+00
2.789267063140869141e+00
2.791436207294464289e+00
2.818573677539825351e+00
2.785454785823822110e+00
2.785767614841461182e+00
2.799975436925888239e+00
2.782741749286651523e+00
2.770731592178344638e+00
2.769442558288574219e+00
2.801528775691985995e+00
2.765145778656005859e+00
2.811559462547302157e+00
2.800747042894363492e+00
2.749378073215484442e+00
2.822846579551696600e+00
2.792295211553573520e+00
2.760074496269226074e+00
2.801419222354888827e+00
2.815551918745041071e+00
2.790750110149383456e+00
2.815224134922027499e+00
2.766867578029632568e+00
2.751855254173278809e+00
2.802606165409088135e+00
2.752846801280975253e+00
2.773708963394164950e+00
2.787644922733306885e+00
2.768985968828201472e+00
2.797837662696838201e+00
2.813157188892364324e+00
2.734403097629547030e+00
2.784427499771118253e+00
2.809508872032165705e+00
2.784139728546142667e+00
2.785107827186584561e+00
2.758624303340911688e+00
2.777011656761169345e+00
2.779100304841995328e+00
2.764458990097045987e+00
2.856159889698028476e+00
2.713425958156585605e+00
2.785710716247558505e+00
2.795203626155853271e+00
2.761670112609863281e+00
2.815472519397735685e+00
2.760201597213745028e+00
2.776165235042571844e+00
2.773106062412261874e+00
2.765611910820007235e+00
2.747502756118774592e+00
2.804652404785156428e+00
2.760838568210601807e+00
2.766918790340423762e+00
2.811097204685211182e+00
2.763322877883910955e+00
2.776967442035675138e+00
2.756844472885132014e+00
2.799488985538482577e+00
2.751338303089141846e+00
2.804558980464935125e+00
2.721282011270523160e+00
2.772531551122665583e+00
2.794508892297744573e+00
2.768900847434997647e+00
2.781598114967346103e+00
2.767466044425964444e+00
2.789567911624908358e+00
2.772240066528320224e+00
2.730581343173980713e+00
2.791745805740356356e+00
2.770707762241363614e+00
2.771155858039855868e+00
2.774476367235183538e+00
2.783370232582092374e+00
2.756430208683013916e+00
2.774372076988220304e+00
2.768540203571319580e+00
2.762709498405456543e+00
2.777119302749633700e+00
2.760096466541290372e+00
2.782349258661270142e+00
2.764600348472595392e+00
2.796706891059875577e+00
2.759268260002136319e+00
2.774225330352783292e+00
2.755770772695541382e+00
2.765163004398345947e+00
2.771648716926574885e+00
2.774495857954025091e+00
2.801105344295501620e+00
2.727740395069122137e+00
2.765974819660186768e+00
2.768410015106200994e+00
2.755551564693450750e+00
2.765719926357269376e+00
2.768877744674682617e+00
2.767114228010177701e+00
2.761739367246627719e+00
2.752465206384658636e+00
2.777419334650039762e+00
2.753080856800079523e+00
2.765807878971100031e+00
2.780448710918426602e+00
2.765773069858551203e+00
2.767605632543563843e+00
2.751046335697174161e+00
2.764710426330566406e+00
2.775238859653472723e+00
2.758655023574829279e+00
2.759639465808868319e+00
2.758008146286010653e+00
2.742804229259490967e+00
2.800072413682937800e+00
2.770432925224304288e+00
2.768016088008880438e+00
2.730984795093536199e+00
2.767391610145568670e+00
2.760425359010696411e+00
2.758076226711273282e+00
2.742850863933563144e+00
2.754420185089111239e+00
2.782835793495178400e+00
2.782682847976684748e+00
2.754286390542984186e+00
2.778589034080505282e+00
2.765571361780166715e+00
2.772406071424484253e+00
2.774110490083694369e+00
2.760055899620056152e+00
2.774825495481491267e+00
2.757047319412231356e+00
2.744083857536316007e+00
2.770720863342285067e+00
2.773088169097900568e+00
2.746408081054687589e+00
2.770419013500213801e+00
2.759501302242278964e+00
2.752881908416747958e+00
2.767466348409652888e+00
2.775319033861160190e+00
2.797509229183197110e+00
2.755466854572296231e+00
2.745863473415374845e+00
2.769526815414428800e+00
2.754455608129501520e+00
2.764646363258361994e+00
2.776674586534499944e+00
2.757304501533508478e+00
2.801163595914840876e+00
2.750641244649886907e+00
2.760647964477539240e+00
2.773450291156768888e+00
2.749360793828964145e+00
2.743207895755767733e+00
2.775781917572021307e+00
2.745888042449950994e+00
2.745476150512695224e+00
2.771132850646972567e+00
2.757192552089691162e+00
2.781607466936111273e+00
2.761367893218994229e+00
2.753478080034255981e+00
2.755887502431869418e+00
2.757136297225952326e+00
2.767618882656097234e+00
2.751758408546447932e+00
2.751659607887268155e+00
2.748871594667434692e+00
2.754546254873275757e+00
2.759511649608612061e+00
2.765672087669372559e+00
2.761949998140335261e+00
2.747306361794471741e+00
2.742879319190978826e+00
2.742157149314880193e+00
2.761652421951294123e+00
2.767183595895767123e+00
2.762119174003601074e+00
2.751957440376281649e+00
2.756838852167129428e+00
2.752693939208984197e+00
2.753299510478973477e+00
2.752023082971573054e+00
2.758792388439178289e+00
2.755200481414795011e+00
2.757406544685363947e+00
2.763416206836700528e+00
2.763697946071624667e+00
2.758955234289169223e+00
2.762258756160735906e+00
2.750660872459411710e+00
2.759166669845581232e+00
2.761818474531173795e+00
2.753099930286407648e+00
2.759237337112426580e+00
2.744319009780883611e+00
2.756772398948669434e+00
2.757858550548553556e+00
2.757122874259948730e+00
2.758384537696838557e+00
2.773201882839202881e+00
2.762590754032134832e+00
2.769557106494903387e+00
2.759326112270355402e+00
2.764740228652954102e+00
2.760313820838928400e+00
2.762495130300521851e+00
2.762727308273315252e+00
2.747726595401764005e+00
2.752355229854583918e+00
2.757596158981323153e+00
2.752695691585540949e+00
2.749302124977111905e+00
2.761748743057251154e+00
2.758936977386474698e+00
2.731711697578430353e+00
2.751812839508056552e+00
2.764271175861358731e+00
2.752724319696426392e+00
2.755200529098510653e+00
2.743505036830902188e+00
2.754324495792388916e+00
2.759743213653564453e+00
2.748060786724090487e+00
2.764123082160949707e+00
2.748547744750976740e+00
2.752268087863922297e+00
2.757984483242034823e+00
2.753658485412597834e+00
2.752002477645874023e+00
2.759710985422134222e+00
2.748873692750930964e+00
2.748450946807861506e+00
2.742333811521530329e+00
2.759181821346282870e+00
2.744615024328231900e+00
2.759907341003418058e+00
2.755774819850921542e+00
2.756653141975403010e+00
2.749711680412292303e+00
2.752175307273864835e+00
2.761967128515243619e+00
2.756459379196166903e+00
2.744260740280151545e+00
2.765124881267547519e+00
2.745304799079895108e+00
2.740892672538757235e+00
2.752589654922485529e+00
2.739724838733673007e+00
2.753375571966171442e+00
2.750387310981750488e+00
2.750237131118774325e+00
2.751460230350494474e+00
2.759144103527069181e+00
2.748710453510284424e+00
2.760802757740020930e+00
2.743852674961090088e+00
2.745739507675170721e+00
2.762340617179870783e+00
2.741927284002303900e+00
2.757211685180664062e+00
2.751876819133758367e+00
2.749818730354308904e+00
2.752344888448715388e+00
2.758382523059844882e+00
2.749775123596191584e+00
2.752922946214675815e+00
2.752371430397033691e+00
2.752243983745574774e+00
2.738856303691863836e+00
2.746402871608734308e+00
2.748595201969146640e+00
2.754916083812713801e+00
2.750285160541534601e+00
2.747203159332275213e+00
2.761454141139984220e+00
2.746961486339569269e+00
2.742398941516876132e+00
2.749532270431518377e+00
2.751793205738067627e+00
2.751552045345306396e+00
2.752623403072357089e+00
2.738460946083068670e+00
2.752916359901428134e+00
2.745864450931549072e+00
2.752021354436874567e+00
2.747775197029113770e+00
2.748342633247375488e+00
2.747908437252044589e+00
2.749566960334777654e+00
2.752488648891449063e+00
2.748893558979034424e+00
2.741521334648132413e+00
2.742748963832855047e+00
2.749299812316894354e+00
2.754586327075958074e+00
2.755053818225860596e+00
2.747853279113769531e+00
2.750752425193786710e+00
2.747714066505432040e+00
2.750767910480499179e+00
2.745461201667785733e+00
2.755694448947906494e+00
2.748660290241241366e+00
2.745700097084045499e+00
2.744330114126205533e+00
2.749896574020385565e+00
2.754719293117523282e+00
2.747274339199066162e+00
2.753879785537719727e+00
2.741477322578430353e+00
2.745986866950988592e+00
2.753684437274932950e+00
2.738631188869476318e+00
2.745531702041625888e+00
2.746291422843933017e+00
2.745881342887878329e+00
2.742066550254821600e+00
2.747189503908157526e+00
2.749397146701812567e+00
2.752906012535095037e+00
2.748012614250183283e+00
2.754746776819229304e+00
2.742714732885360718e+00
2.740489768981933416e+00
2.750441420078277410e+00
2.743336367607116522e+00
2.750272464752197443e+00
2.749025535583496271e+00
2.746230792999267756e+00
2.749563282728195279e+00
2.755477464199066251e+00
2.751120972633361639e+00
2.749389815330505193e+00
2.746436333656311124e+00
2.741461366415023804e+00
2.746634274721145630e+00
2.737929451465606512e+00
2.750940704345703036e+00
2.747284197807311923e+00
2.735621058940887362e+00
2.739009785652160467e+00
2.752667903900146484e+00
2.752508789300918579e+00
2.751147770881652743e+00
2.753766179084777832e+00
2.739962947368622004e+00
2.751195096969604403e+00
2.751475018262863337e+00
2.747371792793273926e+00
2.748164725303650080e+00
2.744499599933624356e+00
2.741391420364379883e+00
2.742545866966247470e+00
2.745199835300445645e+00
2.751731026172637762e+00
2.740535306930541815e+00
2.749985426664352417e+00
2.744733142852783025e+00
2.753287887573242276e+00
2.748106098175048917e+00
2.747505205869674505e+00
2.752018284797668635e+00
2.743496954441070557e+00
2.751165097951889127e+00
2.748887622356414706e+00
2.746707510948181330e+00
2.749748581647872836e+00
2.742610156536102295e+00
2.746228194236755460e+00
2.745927953720092685e+00
2.744574189186096191e+00
2.749905568361282526e+00
2.744306600093841642e+00
2.743784892559051336e+00
2.739263784885406672e+00
2.751492428779601873e+00
2.743556404113769442e+00
2.744799590110778897e+00
2.743785583972930819e+00
2.741490018367767512e+00
2.743205296993255438e+00
2.742343318462372004e+00
2.742329573631286710e+00
2.748543465137481601e+00
2.743285906314850031e+00
2.745044589042663574e+00
2.744274854660034180e+00
2.745064866542816340e+00
2.745868659019470304e+00
2.745687019824981867e+00
2.746601176261902033e+00
2.742303836345672430e+00
2.744604992866515936e+00
2.745735085010528653e+00
2.745513951778411954e+00
2.748776245117187322e+00
2.742925286293029785e+00
2.745893025398254306e+00
2.741991156339645297e+00
2.740761399269104004e+00
2.749370372295379727e+00
2.744852638244628995e+00
2.742414534091949463e+00
2.748924529552459806e+00
2.750560951232910334e+00
2.742251837253570468e+00
2.744375073909759433e+00
2.741074997186660589e+00
2.747344940900802612e+00
2.743502551317214877e+00
2.744321507215500056e+00
2.743964409828186124e+00
2.746245801448822021e+00
2.744543248414993197e+00
2.739205598831176758e+00
2.741216576099395841e+00
2.746519672870635809e+00
2.745563149452209473e+00
2.739113688468933105e+00
2.742379319667816340e+00
2.741390860080719083e+00
2.745906662940979182e+00
2.741592144966125577e+00
2.744147396087646573e+00
2.746835494041442782e+00
2.739280879497528076e+00
2.743228673934936523e+00
2.742127490043640314e+00
2.747975456714629949e+00
2.742363518476486295e+00
2.743589663505554110e+00
2.741591858863830389e+00
2.746174710988998235e+00
2.742226600646972656e+00
2.742345917224883856e+00
2.744704973697662531e+00
2.743463641405105680e+00
2.747577679157257258e+00
2.742263472080230802e+00
2.740990293025970637e+00
2.743892264366150080e+00
2.742794966697692960e+00
2.743428349494934082e+00
2.746728253364563166e+00
2.743791151046752752e+00
2.747331655025482267e+00
2.742249512672424228e+00
2.747626960277557373e+00
2.742643839120864957e+00
2.741888409852981656e+00
2.745157349109649481e+00
2.744206857681274592e+00
2.742764580249786199e+00
2.745142388343810858e+00
2.745065152645111084e+00
2.743495464324951172e+00
2.740535593032837003e+00
2.740811491012573153e+00
2.740995073318481356e+00
2.743038594722747803e+00
2.743573713302612127e+00
2.742240655422210516e+00
2.745055472850799649e+00
2.740608394145965576e+00
2.741688776016235174e+00
2.746151065826416104e+00
2.741104996204376310e+00
2.744321584701538086e+00
2.744077891111373901e+00
