5.205959498882293257e-01
5.373162925243377686e-01
5.272551894187926802e-01
5.288384854793548584e-01
5.173154950141907182e-01
5.172613650560379250e-01
5.396960437297820823e-01
5.208471536636352095e-01
5.443008422851562944e-01
5.171116828918457253e-01
5.185944080352783425e-01
5.224402964115142378e-01
5.240139961242675781e-01
5.358133673667907493e-01
5.137945353984832986e-01
5.281664848327636275e-01
5.197072505950928178e-01
4.654206275939941628e-01
4.429537057876586914e-01
5.411323130130767378e-01
4.834434598684310691e-01
4.380230337381362804e-01
3.205729722976684570e-01
3.822330325841903909e-01
3.263383507728576660e-01
3.607201159000396617e-01
3.520468980073928611e-01
4.234667986631393544e-01
2.893210500478744507e-01
2.903911978006362693e-01
2.785978585481643788e-01
2.811322778463363758e-01
3.051499903202056774e-01
2.717415332794189675e-01
2.696333289146423118e-01
3.222114533185959084e-01
3.354933977127075306e-01
3.371095448732376321e-01
2.767158567905426136e-01
3.522421389818191639e-01
2.944515824317932018e-01
2.464573740959167536e-01
2.894195765256881714e-01
2.972117543220519909e-01
2.540358960628509299e-01
2.998778253793716320e-01
2.560261160135269276e-01
2.330301553010940552e-01
2.696472018957137839e-01
2.333640903234481812e-01
2.944456160068512074e-01
2.390279471874237061e-01
2.443724095821380726e-01
2.199145823717117421e-01
2.121295362710952648e-01
2.254552960395813099e-01
2.225912660360336304e-01
2.247042536735534557e-01
2.536400735378265270e-01
2.354569822549819891e-01
2.338207215070724487e-01
2.609035730361938255e-01
2.588734656572341808e-01
2.563252627849578746e-01
2.641471326351165771e-01
2.191272735595703181e-01
2.881011724472045676e-01
2.109472751617431641e-01
2.124152690172195490e-01
2.589472949504852406e-01
2.298119872808456476e-01
2.624690800905227772e-01
2.045748189091682323e-01
2.190443783998489435e-01
2.194503158330917414e-01
2.260586023330688477e-01
2.175029635429382435e-01
1.991763755679130665e-01
2.092609673738479725e-01
1.940625384449958801e-01
2.007671281695365961e-01
2.084532439708709772e-01
2.714659124612808228e-01
2.160377949476242065e-01
2.837230607867241017e-01
2.110707625746726934e-01
2.013263791799545233e-01
2.073156237602233887e-01
2.194015145301818903e-01
3.258884340524673684e-01
2.020637810230255238e-01
1.948802918195724487e-01
1.969815358519554083e-01
2.921531289815902932e-01
1.961720854043960682e-01
1.961650341749191229e-01
2.053429216146469005e-01
2.199817359447479304e-01
2.178601235151290949e-01
2.223541170358657726e-01
2.070552825927734486e-01
2.468126565217971802e-01
1.984788611531257685e-01
2.004015833139419500e-01
2.040994316339492798e-01
2.129038602113723644e-01
2.070108503103256226e-01
2.291938692331313976e-01
2.236508488655090388e-01
2.053029745817184504e-01
2.210803866386413519e-01
2.184748992323875538e-01
1.999743074178695623e-01
1.931165635585784801e-01
2.187171846628189198e-01
2.277372106909751892e-01
2.253559261560439952e-01
1.995746195316314697e-01
2.050989627838134821e-01
2.850165665149688721e-01
2.112648367881774791e-01
2.135093361139297485e-01
2.064645051956176813e-01
2.096585541963577326e-01
2.072507202625274714e-01
2.131992042064666804e-01
1.932440876960754284e-01
2.197325989603996221e-01
2.008193016052245983e-01
2.052778601646423340e-01
2.315040469169616644e-01
2.157925158739089910e-01
2.190561488270759694e-01
2.207695513963699452e-01
2.188782989978790283e-01
2.247184425592422541e-01
2.258663803339004406e-01
1.986963331699371227e-01
2.212223917245864924e-01
2.302607357501983698e-01
2.122728317975997869e-01
2.179366856813430842e-01
2.300666511058807318e-01
2.148830145597457886e-01
2.000175505876541082e-01
2.170294597744941711e-01
2.256455212831497137e-01
2.205795422196388245e-01
2.209367245435714666e-01
2.128342926502227728e-01
2.195717483758926336e-01
2.174764573574066162e-01
2.630381837487220653e-01
1.946659743785858210e-01
2.103008717298507635e-01
2.243800759315490723e-01
1.930303424596786499e-01
2.091132283210754284e-01
2.069608360528945867e-01
1.979696363210678156e-01
2.374802529811859131e-01
2.040590077638625988e-01
2.203075975179672186e-01
2.196469575166702382e-01
1.970960766077041737e-01
2.204477608203888050e-01
2.282380461692810059e-01
2.376366078853607289e-01
2.456571459770202637e-01
2.266031861305236872e-01
2.039586991071700994e-01
2.110433846712112538e-01
2.095045417547226063e-01
2.498452186584472767e-01
2.251148432493209894e-01
2.115131422877311596e-01
2.042368143796920721e-01
2.040033042430877686e-01
2.442692697048187145e-01
2.024833008646965138e-01
2.666566133499145286e-01
2.091468781232833918e-01
2.262874349951743969e-01
2.509355843067169189e-01
2.192745879292488098e-01
2.237992435693740845e-01
2.246117740869522095e-01
2.194932013750076349e-01
2.443650424480438288e-01
2.355082720518112127e-01
2.887945353984832653e-01
2.140886992216110285e-01
2.226188182830810547e-01
2.526173382997513039e-01
2.476481437683105413e-01
2.148814439773559515e-01
2.156916677951812855e-01
2.294495940208435003e-01
2.405534178018569891e-01
2.393137544393539318e-01
2.371853619813918956e-01
2.450704127550125122e-01
2.223424851894378607e-01
2.175308406352996771e-01
2.271012783050537220e-01
2.368114024400710949e-01
2.227675944566726574e-01
2.113003954291343689e-01
2.303847223520278931e-01
2.244916990399360712e-01
2.381133407354354969e-01
2.372541636228561457e-01
2.452687203884124645e-01
2.281923234462737982e-01
2.267482399940490834e-01
2.351990804076194708e-01
2.229122549295425304e-01
2.364175230264663752e-01
2.255429074168205372e-01
2.238996118307113592e-01
2.289945602416992299e-01
2.274446606636047474e-01
2.284926712512969915e-01
2.272339522838592585e-01
2.299927890300750843e-01
2.346171200275421198e-01
2.356868475675582830e-01
2.256820574402809143e-01
2.224837183952331487e-01
2.168649643659591730e-01
2.399438470602035522e-01
2.302519112825393566e-01
2.287213712930679377e-01
2.354586452245712169e-01
2.320556819438934215e-01
2.372759997844696156e-01
2.247687309980392345e-01
2.192537575960159246e-01
2.127346187829971258e-01
2.298772707581520081e-01
2.335749387741088978e-01
2.248471260070800670e-01
2.243475675582885798e-01
2.390898168087005615e-01
2.179007366299629267e-01
2.378319025039672963e-01
2.219010323286056408e-01
2.078589931130409296e-01
2.307655334472656361e-01
2.121898889541626032e-01
2.257946819067001287e-01
2.517953842878341564e-01
2.149640887975692860e-01
2.210959345102310181e-01
2.197786688804626576e-01
2.468058854341506902e-01
2.248549729585647694e-01
2.259769976139068548e-01
2.201508045196533259e-01
2.314313888549804632e-01
2.314497798681259266e-01
2.455364167690277100e-01
2.405059844255447443e-01
2.243529483675956726e-01
2.211271420121193043e-01
2.190818488597869873e-01
2.258617177605629078e-01
2.350874409079551641e-01
2.195806711912155207e-01
2.316824108362197931e-01
2.300707906484603937e-01
2.321603298187255859e-01
2.475444018840789739e-01
2.217036932706832886e-01
2.350806802511215265e-01
2.266368091106414906e-01
2.268429428339004406e-01
2.299091607332229559e-01
2.414069175720214844e-01
2.130641207098960821e-01
2.281418263912201039e-01
2.355164885520935059e-01
2.316237270832061657e-01
2.340970695018768366e-01
2.347863882780075184e-01
2.188416302204131969e-01
2.178321570158004705e-01
2.230006128549575917e-01
2.230112910270690973e-01
2.257409274578094371e-01
2.297773212194442749e-01
2.150996997952461243e-01
2.301516950130462758e-01
2.322852462530136108e-01
2.403331071138382069e-01
2.247567981481552180e-01
2.300580501556396540e-01
2.191715031862258856e-01
2.210046499967575073e-01
2.301779389381408691e-01
2.298390239477157704e-01
2.379398778080940302e-01
2.288441061973571777e-01
2.324840754270553478e-01
2.315928548574447687e-01
2.277737349271774236e-01
2.287775501608848572e-01
2.302070856094360352e-01
2.301127374172210749e-01
2.335917174816131703e-01
2.368786364793777355e-01
2.252551406621932928e-01
2.256180211901664678e-01
2.371455609798431285e-01
2.290027245879173168e-01
2.256211131811141912e-01
2.301143199205398504e-01
2.221135705709457453e-01
2.322908848524093683e-01
2.377996265888214222e-01
2.223606213927268871e-01
2.362172871828079335e-01
2.277512714266776983e-01
2.269349157810211237e-01
2.303386986255645807e-01
2.203794777393341120e-01
2.344826608896255493e-01
2.284276008605957142e-01
2.302867203950881847e-01
2.305810570716858021e-01
2.252543359994888250e-01
2.360769629478454701e-01
2.210548073053359985e-01
2.295950487256050165e-01
2.284631252288818470e-01
2.303297430276870783e-01
2.335024118423461859e-01
2.168857932090759166e-01
2.311685174703597967e-01
2.231474325060844310e-01
2.395052343606948742e-01
2.211326152086257879e-01
2.371571511030197144e-01
2.275655388832092396e-01
2.270314127206802257e-01
2.258242160081863348e-01
2.330553695559501592e-01
2.308728188276290838e-01
2.346956878900527954e-01
2.229397624731063732e-01
2.431103587150573730e-01
2.262190103530883900e-01
2.329227000474929921e-01
2.359675079584121760e-01
2.268710434436798096e-01
2.296879827976226751e-01
2.302485406398773193e-01
2.381684333086013794e-01
2.288992196321487371e-01
2.260790467262268066e-01
2.236832991242408697e-01
2.237328365445137024e-01
2.322369366884231567e-01
2.268090635538101141e-01
2.445971161127090399e-01
2.245173647999763600e-01
2.320275545120239202e-01
2.215399950742721613e-01
2.458976715803146418e-01
2.160321295261383168e-01
2.375844061374664251e-01
2.192503511905670166e-01
2.417651295661926159e-01
2.238323420286178478e-01
2.217957183718681224e-01
2.335294634103775024e-01
2.249247848987579457e-01
2.319820076227188110e-01
2.227969020605087280e-01
2.285054922103881836e-01
2.257820338010788075e-01
2.261649876832962092e-01
2.247281700372695812e-01
2.260881215333938599e-01
2.316145539283752386e-01
2.303267866373062134e-01
2.292031645774841309e-01
2.290792375802993830e-01
2.270080208778381403e-01
2.187751501798629872e-01
2.459281861782073864e-01
2.315652087330818121e-01
2.243963629007339478e-01
2.330495089292526356e-01
2.344625592231750488e-01
2.170791864395141546e-01
2.340069234371185414e-01
2.198523044586181696e-01
2.280342549085617176e-01
2.312270849943161011e-01
2.302293062210082897e-01
2.258268207311630305e-01
2.286526620388031061e-01
2.223501443862914984e-01
2.238164186477661077e-01
2.354392945766448919e-01
2.259522110223770031e-01
2.254386246204376221e-01
2.261682838201522772e-01
2.307124882936477661e-01
2.245235830545425360e-01
2.326474666595458873e-01
2.286160498857498224e-01
2.348447471857070812e-01
2.353204756975174061e-01
2.256241261959076039e-01
2.320172786712646484e-01
2.276539266109466608e-01
2.289761692285537664e-01
2.309134557843208202e-01
2.257063895463943537e-01
2.303456664085388184e-01
2.288564324378967174e-01
2.310724288225173839e-01
2.280374199151992687e-01
2.298749834299087524e-01
2.263271301984786932e-01
2.238769203424453846e-01
2.271394342184066828e-01
2.268130332231521606e-01
2.257165521383285578e-01
2.257370203733444214e-01
2.245869949460029547e-01
2.318688482046127319e-01
2.284724414348602295e-01
2.298417180776596014e-01
2.328560471534729115e-01
2.348916590213775690e-01
2.234651356935501154e-01
2.304753243923187145e-01
2.250651329755783137e-01
2.327702641487121582e-01
2.234211981296539418e-01
2.235377490520477350e-01
2.301740705966949518e-01
2.301446795463562012e-01
2.276946157217025757e-01
2.256447941064834706e-01
2.241188719868660029e-01
2.335217952728271540e-01
2.261724919080734253e-01
2.236508220434188787e-01
2.254114329814910778e-01
2.270388245582580511e-01
2.274302408099174444e-01
2.336142659187316895e-01
2.242325246334075928e-01
2.267033666372299250e-01
2.242907196283340510e-01
2.282501667737960871e-01
2.256247460842132624e-01
2.280623942613601574e-01
2.272698849439621083e-01
2.276976287364959606e-01
2.290217220783233587e-01
2.312998145818710438e-01
2.228182941675186102e-01
2.298409342765808105e-01
2.284831345081329290e-01
2.242462366819381603e-01
2.316695779561996349e-01
2.270212471485137939e-01
2.284181207418441717e-01
2.227026313543319647e-01
2.313355207443237305e-01
2.260531723499298040e-01
2.256557554006576594e-01
2.281960204243659862e-01
2.229624718427657970e-01
2.282929480075836237e-01
2.243250757455825806e-01
2.235072433948516735e-01
2.310119271278381348e-01
2.258188039064407404e-01
2.340120226144790649e-01
2.234407156705856268e-01
2.280925959348678589e-01
2.223935201764106750e-01
2.237954735755920410e-01
2.265640854835510309e-01
2.250680088996887263e-01
2.262001678347587696e-01
2.298624694347381481e-01
2.275111705064773449e-01
2.252658694982528631e-01
2.293955564498901256e-01
2.333697140216827448e-01
2.226166635751724299e-01
2.259889096021652222e-01
2.234958082437515370e-01
2.256220549345016591e-01
2.306754052639007624e-01
2.255950137972831671e-01
2.276254057884216364e-01
2.254175469279289246e-01
2.256909221410751398e-01
2.267604231834411677e-01
2.263753712177276611e-01
2.278590410947799738e-01
2.239063352346420399e-01
2.261221438646316417e-01
2.292857438325882069e-01
2.273735374212265126e-01
2.229644030332565419e-01
2.272818714380264171e-01
2.251739442348480169e-01
2.257770538330078069e-01
2.329786151647567638e-01
2.244026362895965576e-01
2.279621392488479503e-01
2.261807680130004938e-01
2.266941949725151118e-01
2.265705481171607916e-01
2.271063238382339533e-01
2.247235029935836792e-01
2.260005265474319402e-01
2.263131886720657349e-01
2.257498919963836781e-01
2.249054968357086237e-01
2.292252480983734131e-01
2.264284074306487926e-01
2.258611887693405262e-01
2.279051423072814830e-01
2.261180281639099121e-01
2.250550478696823065e-01
2.263371825218200573e-01
2.251736640930175892e-01
2.261817395687103216e-01
2.263785809278488215e-01
2.273591279983520619e-01
2.234583228826522716e-01
2.278540730476379395e-01
2.274858474731445424e-01
2.242336139082908575e-01
2.279983311891555786e-01
2.271371692419052180e-01
2.256832927465438898e-01
2.253173828124999944e-01
2.277834117412567139e-01
2.270901083946227916e-01
2.279318869113922119e-01
2.245236545801162775e-01
2.236240178346634022e-01
2.268194645643234197e-01
2.233445942401885986e-01
2.259913891553878840e-01
2.258503243327140697e-01
2.246789410710334778e-01
2.260051488876342884e-01
2.272333860397338923e-01
2.242843836545944103e-01
2.259989783167838939e-01
2.284018576145172008e-01
2.266861647367477417e-01
2.252732604742050115e-01
2.251575469970703014e-01
2.261178016662597767e-01
2.254321306943893322e-01
2.240676015615463146e-01
2.310436248779296764e-01
2.221574395895004328e-01
2.265267312526702825e-01
2.310256034135818592e-01
2.266768097877502330e-01
2.292477965354919323e-01
2.249566197395324596e-01
2.245405852794647161e-01
2.235525310039520319e-01
2.251246184110641535e-01
2.234685629606247004e-01
2.285686388611793407e-01
2.257535308599472046e-01
2.236997067928314098e-01
2.287857890129089411e-01
2.264730811119079479e-01
2.249292165040969738e-01
2.235972136259078979e-01
2.266464710235595592e-01
2.239058345556259044e-01
2.280128508806228693e-01
2.226875424385070801e-01
2.263757660984992981e-01
2.278419554233551136e-01
2.261129349470138439e-01
2.268383949995040894e-01
2.262263566255569569e-01
2.252341687679290660e-01
2.246930241584777777e-01
2.210563451051711925e-01
2.239570826292038019e-01
2.256516665220260620e-01
2.256453245878219660e-01
2.264365583658218273e-01
2.271328419446945190e-01
2.238359868526458851e-01
2.260685503482818548e-01
2.254607468843460027e-01
2.254235029220580944e-01
2.248836040496826061e-01
2.248340129852294811e-01
2.272012129426002613e-01
2.249566659331321827e-01
2.270595580339431763e-01
2.246308326721191406e-01
2.260839700698852595e-01
2.244161829352378790e-01
2.254337698221206554e-01
2.262046113610267639e-01
2.270729944109916576e-01
2.278955847024917714e-01
2.227881148457527272e-01
2.270312428474426381e-01
2.245461463928222767e-01
2.251046448945999146e-01
2.254544541239738575e-01
2.255483120679855347e-01
2.252865925431251637e-01
2.244046866893768255e-01
2.247476994991302601e-01
2.263286441564559826e-01
2.246544331312179676e-01
2.257661819458007812e-01
2.275712996721267756e-01
2.246683180332183782e-01
2.265363454818725697e-01
2.244215458631515503e-01
2.260119706392288152e-01
2.264799207448959240e-01
2.255307823419570867e-01
2.261190384626388661e-01
2.256838053464889637e-01
2.246653646230697687e-01
2.276743710041046198e-01
2.262523651123046764e-01
2.260944694280624390e-01
2.231824159622192438e-01
2.271140903234481756e-01
2.253349319100380055e-01
2.254225939512252697e-01
2.236357003450393788e-01
2.253406614065170399e-01
2.274235039949417114e-01
2.265465915203094538e-01
2.252634629607200567e-01
2.261847585439681896e-01
2.269709005951881520e-01
2.260242611169815119e-01
2.281426578760147039e-01
2.249609246850013677e-01
2.267883419990539551e-01
2.248924374580383301e-01
2.251591280102729908e-01
2.269394576549529918e-01
2.275303483009338268e-01
2.247882246971130427e-01
2.268025293946266119e-01
2.258830606937408392e-01
2.253404527902603260e-01
2.270922809839248657e-01
2.266705796122550909e-01
2.284600675106048528e-01
2.254889965057373102e-01
2.251001685857772772e-01
2.270614922046661488e-01
2.255896076560020558e-01
2.270971536636352539e-01
2.268751218914985546e-01
2.259670346975326538e-01
2.280439406633377186e-01
2.254952907562255970e-01
2.263447552919387873e-01
2.268617689609527532e-01
2.241915136575698964e-01
2.253008961677551159e-01
2.274995505809783991e-01
2.241667032241821400e-01
2.253261029720306508e-01
2.266955077648162842e-01
2.252266764640808161e-01
2.287815690040588268e-01
2.269201010465621837e-01
2.249428659677505382e-01
2.265014275908470154e-01
2.256071865558624268e-01
2.264382660388946644e-01
2.261365771293640248e-01
2.249952405691146851e-01
2.260006770491599926e-01
2.266403749585151617e-01
2.257990092039108276e-01
2.268964260816574152e-01
2.265157401561737061e-01
2.249261811375617981e-01
2.247180074453353771e-01
2.250621646642684826e-01
2.258991390466690008e-01
2.271059244871139471e-01
2.274498254060745295e-01
2.259053826332092230e-01
2.258815541863441467e-01
2.254139482975006104e-01
2.266247451305389293e-01
2.259884536266326960e-01
2.259878903627395574e-01
2.258172243833541926e-01
2.265217751264572144e-01
2.268901824951171931e-01
2.277258425951003973e-01
2.269408911466598566e-01
2.265413343906402532e-01
2.256247639656066839e-01
2.261043787002563477e-01
2.266455441713333130e-01
2.264869868755340632e-01
2.264190167188644409e-01
2.251063644886016901e-01
2.257604062557220514e-01
2.257946580648422241e-01
2.261071532964706310e-01
2.267622679471969493e-01
2.277996689081192017e-01
2.272558033466339222e-01
2.274582505226135365e-01
2.269910663366317694e-01
2.272398918867111206e-01
2.266285508871078436e-01
2.269223392009735163e-01
2.268787622451782227e-01
2.251228213310241810e-01
2.264023333787918146e-01
2.262485355138778576e-01
2.258594244718551691e-01
2.255070924758911244e-01
2.267324149608612172e-01
2.265825361013412420e-01
2.238974153995513805e-01
2.254608273506164551e-01
2.271020948886871282e-01
2.262776479125022944e-01
2.268147796392440685e-01
2.255447566509246882e-01
2.264808088541030995e-01
2.262611597776413019e-01
2.249554663896560780e-01
2.267818629741668590e-01
2.260485112667083851e-01
2.260872989892959706e-01
2.262165784835815374e-01
2.266759634017944391e-01
2.254201680421829279e-01
2.265756815671920721e-01
2.260880529880523737e-01
2.259390324354171864e-01
2.243899330496788025e-01
2.266533702611923107e-01
2.260072529315948486e-01
2.262797206640243530e-01
2.270156562328338734e-01
2.252843901515007019e-01
2.262681066989898626e-01
2.268414705991745051e-01
2.269241169095039257e-01
2.267925262451171986e-01
2.256277173757553212e-01
2.275283128023147527e-01
2.258714795112609919e-01
2.250240951776504572e-01
2.252764642238616888e-01
2.249939382076263372e-01
2.275316327810287531e-01
2.257982462644577137e-01
2.256921261548995861e-01
2.262629300355911144e-01
2.269379407167434748e-01
2.263458132743835505e-01
2.261536359786987249e-01
2.254169046878814753e-01
2.255700260400771984e-01
2.275487810373306163e-01
2.256851896643638500e-01
2.268122613430023082e-01
2.262315630912780651e-01
2.260876417160034291e-01
2.260769590735435541e-01
2.267007857561111339e-01
2.260705247521400396e-01
2.264070600271224920e-01
2.267404198646545410e-01
2.261462137103080750e-01
2.250282898545265253e-01
2.261803776025771984e-01
2.260969787836074885e-01
2.267030447721481434e-01
2.265461772680282537e-01
2.262831807136535534e-01
2.274981051683425959e-01
2.260859727859497181e-01
2.253297746181487926e-01
2.262725606560707092e-01
2.265554875135421808e-01
2.260778456926345881e-01
2.263705909252166637e-01
2.252892255783081055e-01
2.266041040420532227e-01
2.260758966207504217e-01
2.266812443733215443e-01
2.259040400385856628e-01
2.258144974708557184e-01
2.254498511552810724e-01
2.258877992630004827e-01
2.261331379413604736e-01
2.261052131652832031e-01
2.254147350788116566e-01
2.254519701004028265e-01
2.262455910444259588e-01
2.264257639646530262e-01
2.267290860414505060e-01
2.264320284128188976e-01
2.261200994253158569e-01
2.261325269937515259e-01
2.258599460124969538e-01
2.265536487102508545e-01
2.273420065641403309e-01
2.259421169757843129e-01
2.257570087909698542e-01
2.257445678114891052e-01
2.261827468872070201e-01
2.265871375799179133e-01
2.263879716396331732e-01
2.265257596969604548e-01
2.251230031251907349e-01
2.259935915470123180e-01
2.263053953647613525e-01
2.252194315195083507e-01
2.259639441967010443e-01
2.260485380887985174e-01
2.259303689002990778e-01
2.252996772527694758e-01
2.261792868375778198e-01
2.267110615968704335e-01
2.268658041954040583e-01
2.261772841215133611e-01
2.263942927122116200e-01
2.255002573132514898e-01
2.255397379398345892e-01
2.266203105449676458e-01
2.255138486623763927e-01
2.266808360815048273e-01
2.266703784465789739e-01
2.264053344726562611e-01
2.264463961124420222e-01
2.270867466926574652e-01
2.268003582954406794e-01
2.262103945016860906e-01
2.258843570947647039e-01
2.256154060363769476e-01
2.263119995594024547e-01
2.254258155822753962e-01
2.267339318990707342e-01
2.261393845081329235e-01
2.250546514987945557e-01
2.252891778945922963e-01
2.265730097889900319e-01
2.273615732789039667e-01
2.269039571285247914e-01
2.270125716924667469e-01
2.253167122602462713e-01
2.270687639713287465e-01
2.272692516446113697e-01
2.264711767435073908e-01
2.261338651180267445e-01
2.264408588409423939e-01
2.254509747028350941e-01
2.258988827466964777e-01
2.258124917745590321e-01
2.264245808124542292e-01
2.258453637361526600e-01
2.270972371101379339e-01
2.262479752302169744e-01
2.273043364286422841e-01
2.266221225261688121e-01
2.267804771661758312e-01
2.270265847444534191e-01
2.259693831205367986e-01
2.267282471060752813e-01
2.264139980077743419e-01
2.267866864800453242e-01
2.266943752765655518e-01
2.267491459846496527e-01
2.266330584883689825e-01
2.263741672039031871e-01
2.261445492506027333e-01
2.268239855766296387e-01
2.259074240922927801e-01
2.263591170310974010e-01
2.256669878959655651e-01
2.268609821796417347e-01
2.257860213518142756e-01
2.263504326343536432e-01
2.259296357631683239e-01
2.258369833230972346e-01
2.262311697006225697e-01
2.260525643825531117e-01
2.257447555661201422e-01
2.267435938119888306e-01
2.260376363992691040e-01
2.261340618133544922e-01
2.262155324220657404e-01
2.263045251369476263e-01
2.264394193887710460e-01
2.263463780283928029e-01
2.266696617007255554e-01
2.262055307626724132e-01
2.262358397245406993e-01
2.262638658285140991e-01
2.263063549995422419e-01
2.265866041183471624e-01
2.259935259819030873e-01
2.264814883470535334e-01
2.257083564996719416e-01
2.260383784770965687e-01
2.268875539302825928e-01
2.263117909431457409e-01
2.258061990141868591e-01
2.270031630992889460e-01
2.268481433391570934e-01
2.260766357183456310e-01
2.264453083276748713e-01
2.256300166249275152e-01
2.266225397586822399e-01
2.262023806571960560e-01
2.260409712791442982e-01
2.264468133449554499e-01
2.266034170985221918e-01
2.262105897068977245e-01
2.257212787866592352e-01
2.258829772472381592e-01
2.264179646968841608e-01
2.262358844280242809e-01
2.255219250917434581e-01
2.261097073554992620e-01
2.260444134473800770e-01
2.265437945723533519e-01
2.261251360177993774e-01
2.260709315538406428e-01
2.264992177486419567e-01
2.256230860948562622e-01
2.260132282972335815e-01
2.260052651166915838e-01
2.267463564872741755e-01
2.261712089180946406e-01
2.260824650526046808e-01
2.259266018867492620e-01
2.267589867115020752e-01
2.259665131568908691e-01
2.260861426591873058e-01
2.265641286969184987e-01
2.259349957108497675e-01
2.268450617790222223e-01
2.260319650173187311e-01
2.260291725397109985e-01
2.262864023447036799e-01
2.264150679111480713e-01
2.264438629150390681e-01
2.266133964061737005e-01
2.259806782007217352e-01
2.267039000988006481e-01
2.260244190692901611e-01
2.267724841833114735e-01
2.261217415332794078e-01
2.260016262531280573e-01
2.263898968696594349e-01
2.263800919055938832e-01
2.262082159519195612e-01
2.266376793384551891e-01
2.266303420066833607e-01
2.261403173208236805e-01
2.256501927971839849e-01
2.262051522731781117e-01
2.260459944605827387e-01
2.264171689748764038e-01
2.264882773160934448e-01
2.260205805301666315e-01
2.263680070638656727e-01
2.258694916963577271e-01
2.260524988174438532e-01
2.268003076314926147e-01
2.260912626981735341e-01
2.263727337121963501e-01
2.264941960573196300e-01
