6.180080801248550859e-01
5.614865630865096824e-01
5.334830552339553389e-01
5.034433424472808394e-01
4.814540386199951394e-01
4.548299580812454335e-01
4.485418111085891502e-01
4.497634023427963257e-01
4.478769510984420554e-01
4.470476835966110118e-01
4.450940907001495472e-01
4.517885595560073853e-01
4.499707937240600697e-01
4.456217169761657604e-01
4.425024032592773660e-01
4.429357379674911388e-01
4.498682618141174316e-01
4.468748390674591175e-01
4.532945930957794078e-01
4.464349210262298362e-01
4.433486819267272727e-01
4.412326768040656932e-01
4.412623226642608532e-01
4.456976175308227650e-01
4.447359442710876465e-01
4.446270763874053955e-01
4.494517177343368419e-01
4.435982376337051503e-01
4.426226079463958518e-01
4.478574097156524658e-01
4.456210464239120372e-01
4.458218902349472268e-01
4.449696987867355347e-01
4.477666512131691090e-01
4.500015348196029774e-01
4.402361422777175681e-01
4.557402163743972667e-01
4.487438142299652322e-01
4.388861656188964844e-01
4.410518497228622659e-01
4.362421810626983532e-01
4.329261094331741111e-01
4.284571945667267068e-01
4.365897268056869729e-01
4.295207560062408447e-01
4.475072652101516613e-01
4.391358897089958080e-01
4.304882973432541116e-01
4.332371830940246471e-01
4.319839268922806008e-01
4.506914108991623147e-01
4.424022793769836204e-01
4.408647775650024192e-01
4.518926471471786388e-01
4.451649963855743297e-01
4.347393125295638816e-01
4.383992314338683860e-01
4.310337990522384866e-01
4.237616389989852794e-01
4.119032114744186623e-01
4.216852664947509655e-01
4.158897787332535012e-01
4.245364695787429699e-01
4.223794609308242909e-01
4.342040449380874523e-01
4.251152873039245605e-01
4.273113101720810159e-01
4.241588145494460949e-01
4.183644965291023476e-01
4.257924616336822288e-01
4.313209831714630016e-01
4.197224259376525768e-01
4.143742650747299083e-01
4.140906870365143044e-01
4.009550005197525246e-01
4.031658083200454490e-01
3.918873786926269642e-01
4.039993211627006531e-01
4.278446450829506142e-01
4.480044066905975453e-01
4.357032194733619912e-01
4.312785059213638528e-01
4.292510956525802390e-01
4.233373433351516613e-01
3.982501685619354026e-01
4.042708069086075051e-01
3.996643632650375144e-01
4.045285537838935741e-01
4.493511676788329856e-01
4.490065842866897694e-01
4.286828219890594371e-01
4.354407757520675770e-01
4.342519730329513772e-01
4.629596084356307761e-01
4.392411977052688710e-01
4.360871732234954945e-01
4.108680278062820657e-01
4.144351989030837791e-01
4.708882451057433971e-01
4.560861885547637939e-01
4.219374567270278709e-01
4.045880287885665894e-01
4.087516576051711814e-01
4.021946117281913757e-01
3.747407019138336293e-01
3.621134459972381592e-01
3.844642370939254650e-01
3.813836082816123851e-01
3.842257127165794595e-01
3.640529140830039978e-01
3.556708544492721558e-01
3.701994016766548268e-01
3.651543736457824596e-01
3.643923461437225120e-01
3.515324369072914124e-01
3.375608846545219421e-01
3.617186591029167286e-01
3.499369025230407715e-01
3.469034433364868164e-01
3.333842366933822410e-01
3.256566837430000527e-01
3.162145242094993591e-01
3.138729006052017323e-01
3.089040756225586160e-01
3.136104971170425304e-01
2.995843693614005931e-01
3.085349306464195140e-01
2.969364613294601662e-01
3.761870041489601135e-01
4.092401146888732799e-01
3.923111498355865701e-01
3.749270766973495372e-01
3.749548256397247092e-01
3.610656008124351612e-01
3.441872641444206349e-01
3.387864530086517334e-01
3.334819331765174755e-01
3.149586901068687217e-01
3.093141734600067250e-01
2.912575438618659751e-01
2.950590670108795277e-01
2.871210843324661366e-01
2.760147854685783275e-01
2.655225194990634696e-01
2.932495780289173237e-01
2.641075462102889793e-01
2.953066989779472573e-01
3.085598751902580150e-01
2.876666739583015331e-01
3.001676507294178120e-01
2.835376881062984245e-01
2.880175270140171162e-01
2.994376257061958091e-01
2.891305215656757577e-01
3.247035562992096058e-01
3.700856387615203968e-01
3.472935467958450095e-01
3.270749196410179249e-01
2.976915940642356762e-01
3.050190553069114796e-01
3.752241998910904042e-01
3.431316792964935192e-01
3.197484254837036355e-01
3.008615881204604880e-01
2.807474076747894509e-01
2.840081065893172996e-01
2.751398220658302085e-01
2.777446135878562927e-01
4.220818966627121194e-01
4.049870103597640880e-01
4.361634820699691883e-01
4.032968997955322377e-01
3.578631326556205861e-01
3.165642201900482067e-01
3.019056409597397073e-01
2.760634750127792247e-01
2.713111251592635886e-01
2.876672953367233054e-01
2.821226090192794911e-01
2.845018342137336509e-01
3.096833199262619130e-01
3.060002177953720093e-01
2.887514822185039409e-01
2.825533300638198853e-01
2.705622509121894947e-01
2.953824020922183879e-01
2.778159320354461892e-01
2.731842905282974021e-01
2.824644699692726024e-01
2.618313595652580483e-01
2.594435006380081399e-01
2.569823876023292764e-01
2.543953068554401509e-01
2.690248928964137920e-01
3.438092947006225475e-01
3.058181121945381387e-01
3.133419483900070079e-01
3.227278202772140281e-01
2.648374453186989053e-01
2.644689992070198281e-01
2.615979164838790894e-01
2.540027588605880959e-01
2.505935385823249706e-01
2.480202808976173512e-01
2.534357078373432048e-01
2.476902797818184010e-01
2.456670083105564062e-01
2.444952905178069957e-01
2.422273918986320440e-01
2.437936022877693065e-01
2.465248174965381511e-01
2.479639679193496593e-01
2.504558302462100983e-01
2.491726066917180904e-01
2.430099122226238306e-01
2.425766345113515854e-01
2.407569691538810619e-01
2.544105783104896323e-01
2.371966104954481014e-01
2.356671914458274841e-01
2.373530030250549372e-01
2.416688784956932123e-01
2.387066368013620321e-01
2.342377811670303400e-01
2.361766777932644001e-01
2.380360916256904491e-01
2.367387630045413860e-01
2.444732412695884705e-01
2.383663527667522486e-01
2.345253270119428690e-01
2.422982867807149943e-01
2.343191877007484436e-01
2.359714418649673517e-01
2.327483348548412267e-01
2.356826327741146088e-01
2.486507199704647009e-01
2.389264188706874958e-01
2.299129590392112732e-01
2.373911231756210272e-01
2.403322979807853699e-01
2.365521311759948841e-01
2.329885039478540310e-01
2.371479734778404180e-01
2.405468389391899053e-01
2.342302262783050593e-01
2.313260860741138403e-01
2.315077789127826802e-01
2.325200155377387945e-01
2.336920768022537342e-01
2.331800036132335718e-01
2.281600750982761272e-01
2.372248210012912750e-01
2.238374780863523483e-01
2.276083234697580393e-01
2.316364828497171346e-01
2.270719781517982483e-01
2.275313196703791507e-01
2.266198366880416981e-01
2.236700261011719815e-01
2.223736524581909069e-01
2.248924605548381916e-01
2.263979144394397680e-01
2.226738646626472418e-01
2.370682835578918346e-01
2.575510375201702229e-01
2.296406581997871288e-01
2.245572149753570501e-01
2.242902643978595678e-01
2.249000899493694416e-01
2.297892075031995884e-01
2.322966210544109289e-01
2.265191480517387279e-01
2.226545013487339075e-01
2.281222902238368988e-01
2.230683632194995769e-01
2.249931000173091833e-01
2.221853308379650171e-01
2.307442158460616954e-01
2.260814167559146992e-01
2.150905288755893818e-01
2.155051276087761036e-01
2.216973453760147095e-01
2.216873891651630346e-01
2.285622119903564509e-01
2.192395288497209493e-01
2.184863511472940334e-01
2.219385512173175923e-01
2.223881587386131176e-01
2.272737506777048055e-01
2.176993889734148979e-01
2.136543504893779755e-01
2.220213308930397145e-01
2.140191622078418676e-01
2.334097038954496273e-01
2.217779271304607391e-01
2.246007164940237999e-01
2.451792575418949016e-01
2.378144528716802653e-01
2.217956386506557409e-01
2.189459893852472305e-01
2.178036637604236492e-01
2.169349811971187647e-01
2.238775201141834370e-01
2.237347975373268072e-01
2.195977993309497778e-01
2.269484169781207927e-01
2.198835007846355327e-01
2.195929475128650665e-01
2.124996468424797114e-01
2.151878863573074285e-01
2.165871679782867543e-01
2.148741137236356846e-01
2.150006808340549358e-01
2.136673144996166229e-01
2.122959611937403623e-01
2.116927251219749562e-01
2.144902592524886020e-01
2.146764405071735493e-01
2.134085148572921753e-01
2.120706439018249512e-01
2.148142658174037878e-01
2.111515432596206554e-01
2.104040130972862355e-01
2.110655128955841175e-01
2.096549164503812845e-01
2.098515421152114813e-01
2.129293091595172993e-01
2.122535392642021235e-01
2.092480689287185558e-01
2.135289885103702490e-01
2.108588635921478383e-01
2.123135544359683879e-01
2.090839102864265331e-01
2.107515685260295812e-01
2.081317901611328125e-01
2.096820944920182173e-01
2.108852177858352717e-01
2.095085347071289905e-01
2.066567972302436884e-01
2.100585460662841852e-01
2.082298621535301208e-01
2.113960318267345539e-01
2.133154127746820505e-01
2.076370187103748211e-01
2.037178911268711090e-01
2.079551610164344366e-01
2.098144896328449360e-01
2.040010157972574345e-01
2.038490839302539714e-01
2.002231270074844305e-01
2.132507398724556025e-01
2.124894257634878103e-01
2.043597005307674352e-01
2.040232986211776844e-01
2.045063832774758339e-01
2.059948150068521555e-01
2.037929281592369135e-01
2.061862185597419794e-01
2.016538474708795547e-01
2.041388474404811915e-01
2.022433436475694069e-01
2.024156484752893392e-01
2.069834284484386444e-01
2.014351405203342327e-01
2.014966409653425328e-01
2.030902959406375996e-01
2.011473160237073898e-01
2.035471916198730580e-01
2.015266085043549427e-01
2.025537177920341547e-01
2.023581616580486242e-01
2.017583781853318214e-01
2.110840158537030109e-01
2.033904721960425321e-01
2.014978179708123152e-01
2.013416141271591187e-01
1.996865177527070156e-01
1.958647660911083110e-01
2.025601327419281061e-01
2.007331524044275173e-01
1.975862458348274231e-01
2.041281092911958750e-01
2.005333717912435587e-01
1.997749337926507107e-01
2.019917862489819527e-01
2.011031672358512823e-01
1.991813562810421101e-01
2.013716658577323071e-01
1.983132205903530010e-01
1.979038387537002674e-01
2.009407073259353582e-01
1.993680374696850666e-01
2.012561492621898762e-01
1.971805038861930426e-01
2.101991133764386233e-01
2.136272862553596497e-01
1.967792586423456613e-01
1.929831753484904655e-01
1.935030788183212391e-01
1.995816186070442089e-01
1.980257309973239843e-01
2.015043810009956304e-01
1.939243629574775585e-01
1.932618547230958994e-01
1.943580277264118084e-01
1.961608089506626240e-01
1.938990518450736944e-01
1.944110449403524399e-01
1.937936894595622961e-01
1.956129752099514119e-01
1.935459841974079553e-01
1.964043088257312886e-01
1.932537721469998471e-01
1.958724342286586872e-01
1.943713553249835913e-01
1.947623267769813538e-01
1.938984140753746144e-01
1.941517919301986583e-01
1.937418565154075678e-01
1.934942401945591028e-01
1.947705857455730438e-01
1.935834279283881187e-01
1.950088024139404186e-01
1.932722270488738958e-01
1.944597430527210125e-01
1.932342313230037689e-01
1.938582141883671284e-01
1.959113277494907435e-01
2.019831582903862111e-01
1.927789602428674753e-01
1.934467986226081904e-01
1.929897492751479204e-01
1.928865201771259308e-01
1.934980526566505432e-01
1.948036305606365148e-01
1.916471168398857228e-01
1.934017382562160381e-01
1.922113373875617981e-01
1.933488845825195312e-01
1.930967107415199335e-01
1.949174964800476917e-01
1.943075589835643879e-01
1.947068891488015763e-01
1.944485224783420452e-01
1.954198407940566651e-01
1.922922588884830586e-01
1.910248912870883831e-01
1.914385244250297602e-01
1.916619889438152258e-01
1.899221999570727404e-01
1.915943428874015697e-01
1.973831288516521565e-01
1.892870455980300848e-01
1.887871917337179128e-01
1.928177867084741592e-01
1.926082171499729212e-01
1.917474346235394367e-01
1.933311901986599080e-01
1.919792212545871624e-01
1.939689867198467199e-01
1.955003961920738220e-01
1.913337975740432850e-01
1.915099710226058904e-01
1.900241568684578053e-01
1.957823632284999005e-01
1.888395888730883543e-01
1.919689144939184244e-01
1.895006746053695679e-01
1.885200288146734182e-01
1.897801257669925745e-01
1.886869452893734089e-01
1.904431656002998352e-01
1.904906937852501869e-01
1.879100762307643890e-01
1.902754842769354693e-01
1.885220628231763784e-01
1.895626589655876049e-01
1.899152800440788158e-01
1.879002943634986988e-01
1.909520670771598927e-01
1.931439027190208491e-01
1.895615696907043402e-01
1.907178178429603521e-01
1.858289040625095423e-01
1.890561297535896246e-01
1.886808723211288452e-01
1.890349835157394409e-01
1.897372776642441694e-01
1.883498877286911011e-01
1.909045614302158356e-01
1.879182428121566883e-01
1.872039160691201798e-01
1.898363165557384602e-01
1.912380993366241400e-01
1.884373478591442053e-01
1.915380135178565979e-01
1.897479552775621359e-01
1.873035350814461764e-01
1.900572180747985840e-01
1.898866826668381691e-01
1.862477883696556091e-01
1.889984844252467211e-01
1.878953441977500860e-01
1.867199192289263066e-01
1.871709883213043268e-01
1.880408268421888407e-01
1.872197046875953563e-01
1.855429668910801300e-01
1.895080253481865040e-01
1.876613117754459270e-01
1.871042555198073332e-01
1.880681954324245342e-01
1.872826186940073911e-01
1.880540005862712805e-01
1.875061034224927425e-01
1.878606103360652979e-01
1.869716616347432137e-01
1.854822278022766058e-01
1.858528047800064031e-01
1.894620880484580994e-01
1.866998896002769470e-01
1.864436746574938408e-01
1.880606241524219457e-01
1.854357831180095673e-01
1.888547539710998535e-01
1.877558332867920454e-01
1.899405792355537415e-01
1.857021853327751049e-01
1.859667472541332300e-01
1.872661591507494561e-01
1.863111034035682678e-01
1.853237829171121009e-01
1.867230720818042755e-01
1.872508877888321988e-01
1.852472677826881298e-01
1.863848224282264598e-01
1.863086916506290491e-01
1.871909068431705236e-01
1.856467796489596478e-01
1.868264511227607783e-01
1.860002325847744942e-01
1.848120875656604767e-01
1.861847459338605293e-01
1.862176870927214622e-01
1.861108712852001246e-01
1.876542061567306463e-01
1.849017049185931738e-01
1.851027525961398967e-01
1.845209392951801530e-01
1.847568660974502619e-01
1.852951176464557592e-01
1.851360604166984447e-01
1.862945938948541991e-01
1.861297391355037634e-01
1.845606330782175175e-01
1.853723157197237070e-01
1.850893236696720123e-01
1.850299246609211079e-01
1.850759901106357463e-01
1.848117046058178059e-01
1.856126345694065205e-01
1.858933508396148626e-01
1.859330169856548420e-01
1.853253237903118023e-01
1.839815249666571506e-01
1.851110354065895192e-01
1.836629798635840416e-01
1.851795928552746884e-01
1.854158770292997360e-01
1.849799505434930325e-01
1.842022754251956829e-01
1.857278883457183782e-01
1.853360988199710957e-01
1.839961856603622437e-01
1.856248743832111248e-01
1.849884986877441406e-01
1.863467901945114191e-01
1.853303708136081751e-01
1.841359145939350239e-01
1.840232410933822504e-01
1.835723079741001240e-01
1.842840030789375250e-01
1.839571334421634674e-01
1.838457189500331823e-01
1.835239224135875591e-01
1.846795048564672526e-01
1.843774870038032421e-01
1.832777491770684608e-01
1.845866312272846643e-01
1.840070553123950847e-01
1.850316891446709688e-01
1.843582071363925878e-01
1.829841613769531139e-01
1.841802641749382130e-01
1.834278367459774017e-01
1.839058027835562825e-01
1.843191022984683458e-01
1.833316430449485890e-01
1.829188592731952612e-01
1.839556947350501903e-01
1.833559587597846929e-01
1.826703738421201761e-01
1.829899229109287206e-01
1.831110820174217113e-01
1.828622266650200001e-01
1.833797461353242342e-01
1.832712881267070659e-01
1.830489601939916666e-01
1.832013666629791204e-01
1.831461668014526256e-01
1.832112105097621624e-01
1.831904251128435024e-01
1.826359950937330723e-01
1.839568486902862787e-01
1.830833032727241516e-01
1.835580363869667164e-01
1.830187631770968382e-01
1.829821005463600214e-01
1.830658890306949560e-01
1.825906381011009327e-01
1.823506202083081118e-01
1.835852945921942481e-01
1.836520478129387013e-01
1.823535203933715765e-01
1.827747069299220928e-01
1.842082671821117512e-01
1.826099202036857716e-01
1.815328709781169891e-01
1.834217973053455242e-01
1.830489061772823389e-01
1.827532932162284907e-01
1.822155758738517872e-01
1.825690020807087532e-01
1.836004130542278345e-01
1.834879457950591986e-01
1.836994931101799122e-01
1.825947150588035639e-01
1.822109739296138287e-01
1.826013684272766169e-01
1.822215206921100616e-01
1.822137504816055409e-01
1.835470225661993138e-01
1.830522315576672554e-01
1.821787148714065496e-01
1.821824409067630823e-01
1.824298419058322795e-01
1.822950302623212449e-01
1.824312768876552582e-01
1.827154450118541607e-01
1.818585169501602539e-01
1.822431333363056238e-01
1.825875192880630493e-01
1.833095677196979467e-01
1.816315482370555456e-01
1.821229037828743513e-01
1.825563721358776093e-01
1.828212242573499791e-01
1.822328792884945758e-01
1.823000736534595434e-01
1.825624933466315214e-01
1.821716122329234966e-01
1.820365560008213035e-01
1.821863215416669735e-01
1.819953470025211517e-01
1.815587379038333948e-01
1.825996666215360109e-01
1.821520492434501592e-01
1.819852024316787609e-01
1.819892178289592155e-01
1.817430013790726773e-01
1.827975658699870221e-01
1.826862998306751362e-01
1.816923089325427898e-01
1.817554086446762085e-01
1.823568508028984014e-01
1.820148356258869116e-01
1.819298766553401892e-01
1.818330429494380840e-01
1.818314710631966646e-01
1.813432410359382685e-01
1.821523211896419470e-01
1.811127636581659206e-01
1.832278273999690954e-01
1.821227561682462748e-01
1.814901027129963151e-01
1.819289356470107921e-01
1.820120409131050221e-01
1.811958339065313228e-01
1.809442073106765636e-01
1.826338654384017102e-01
1.828074499499052763e-01
1.803991712629794963e-01
1.818320931866765078e-01
1.820306735113263186e-01
1.810588642954826244e-01
1.808380234986543544e-01
1.814969829050823991e-01
1.813588165678083897e-01
1.803131047636270523e-01
1.807182893157005255e-01
1.821302376687526647e-01
1.815694034099578913e-01
1.812072169035673086e-01
1.809366106986999567e-01
1.807669475674629211e-01
1.811057373881340138e-01
1.809013155754655711e-01
1.811276957392692621e-01
1.809662602841854151e-01
1.811328120529651642e-01
1.805148020386695973e-01
1.809064596891403198e-01
1.806256474927067646e-01
1.811059430241584722e-01
1.806881338357925471e-01
1.811569272540509701e-01
1.813327878713607844e-01
1.809531574137508980e-01
1.806731829419732094e-01
1.808357402682304327e-01
1.806982710957527050e-01
1.804424732923507746e-01
1.812117978930473383e-01
1.812934476882219204e-01
1.805563636124133953e-01
1.798846118152141460e-01
1.808625854551792200e-01
1.809579811990261189e-01
1.808173554018139839e-01
1.805456511676311604e-01
1.808964860625565108e-01
1.805721078068018015e-01
1.806820330675691366e-01
1.806562408804893438e-01
1.807325549423694500e-01
1.804032839834689983e-01
1.805933266412466653e-01
1.806457243859767858e-01
1.803873429074883405e-01
1.808193961158394703e-01
1.808515835553407558e-01
1.807329535484313854e-01
1.809092950075864847e-01
1.806853286921978052e-01
1.804069630801677648e-01
1.808457696810364668e-01
1.806506594642996733e-01
1.801049239933490698e-01
1.804625265300273951e-01
1.804079629480838665e-01
1.804657523520290796e-01
1.805626261048018932e-01
1.806418827269226368e-01
1.806131660938262995e-01
1.802294015884399470e-01
1.804376371204853002e-01
1.805102393031120245e-01
1.804725886788219325e-01
1.802847229875624291e-01
1.803841665387153625e-01
1.805770494043827112e-01
1.807291444391012081e-01
1.804807588458061107e-01
1.811036676168441828e-01
1.802647508680820521e-01
1.803860210813582055e-01
1.804911894258111604e-01
1.805241055786609705e-01
1.801460511982440893e-01
1.802720822393894251e-01
1.803083509206771795e-01
1.799095191061496624e-01
1.805974837392568533e-01
1.801742987707257160e-01
1.801505655050277821e-01
1.800118762534111683e-01
1.804208878427743801e-01
1.802057068794965800e-01
1.804378807544708141e-01
1.797155298059806283e-01
1.802023609168827423e-01
1.797116801142692455e-01
1.799897916615009197e-01
1.804805793566629235e-01
1.804320834577083643e-01
1.805130496621131786e-01
1.801070518791675623e-01
1.803710306063294466e-01
1.806286486331373509e-01
1.801726236939430181e-01
1.798803451471030768e-01
1.803197728469967953e-01
1.793628066778182872e-01
1.800222769379615784e-01
1.807716391980647985e-01
1.797347545623779186e-01
1.793380461633205525e-01
1.802247140556573757e-01
1.799503020942211096e-01
1.800782375037670024e-01
1.798575863242149464e-01
1.796645052731037084e-01
1.801312655210494940e-01
1.800852418411523215e-01
1.795354202389717047e-01
1.795144155621528625e-01
1.796520546078682057e-01
1.799960524775087722e-01
1.799038605764508303e-01
1.797373339533805958e-01
1.799189381301403157e-01
1.797858239617198817e-01
1.797742313705384676e-01
1.798001594841480144e-01
1.798086613416671753e-01
1.796421529492363278e-01
1.797573386225849446e-01
1.796170167624950298e-01
1.797585919499397333e-01
1.797712765634059962e-01
1.797081626253202447e-01
1.796512144617736229e-01
1.796591192483902033e-01
1.796170242130756267e-01
1.796708270907401983e-01
1.796208597719669287e-01
1.796433836221695002e-01
1.796337011270225104e-01
1.796085864305496105e-01
1.796567078679799923e-01
1.796527743339538519e-01
1.794979259371757563e-01
1.795462608337402288e-01
1.794526994228363148e-01
1.797646626830101124e-01
1.796325012575835101e-01
1.797993771731853374e-01
1.797876834869384655e-01
1.794481851160526220e-01
1.797345586121082417e-01
1.798792108893394470e-01
1.796406187117099706e-01
1.795071866363286972e-01
1.795318420976400320e-01
1.794938653707504328e-01
1.795784503221511952e-01
1.795927561819553320e-01
1.796910512261092607e-01
1.795737937092781178e-01
1.796325493603944667e-01
1.794505387544632069e-01
1.793976306915283092e-01
1.794480727985501289e-01
1.795242244377732166e-01
1.796132326126098633e-01
1.795567769557237514e-01
1.795560173690319006e-01
1.795205430593341533e-01
1.794919338077306803e-01
1.794233098626136780e-01
1.794072456657886394e-01
1.795087173581123297e-01
1.794889673590659984e-01
1.795207582414150294e-01
1.795759819447994288e-01
1.792516374727711193e-01
1.797110412735491991e-01
1.791632688604295198e-01
1.792518138885497991e-01
1.798225201666355244e-01
1.789233304560184368e-01
1.794647783041000422e-01
1.792425332590937559e-01
1.791617499431595317e-01
1.792519018054008484e-01
1.797629751265049092e-01
1.791822351515293121e-01
1.793064250610768851e-01
1.793871695175766889e-01
1.794079375453293268e-01
1.792640898376703373e-01
1.792913839221000616e-01
1.793105985969304927e-01
1.794090015813708250e-01
1.792687624692916870e-01
1.793797299265861567e-01
1.795525446534156910e-01
1.793910920619964655e-01
1.792425232473760788e-01
1.792241908609867040e-01
1.793800849467515890e-01
1.792908899486064800e-01
1.793396066175773629e-01
1.790922224521636907e-01
1.793528935872018282e-01
1.789199864491820280e-01
1.794585900381207577e-01
1.787418527062982210e-01
1.794400490820407812e-01
1.791676402091980091e-01
1.793908130377531163e-01
1.794631160795688574e-01
1.793965898454189245e-01
1.795294387731701247e-01
1.792099948972463719e-01
1.794274300336837769e-01
1.792969642207026537e-01
1.793279115110635868e-01
1.795037575066089630e-01
1.793710343539714758e-01
1.789688393007963785e-01
1.795342721976339873e-01
1.789568066596984863e-01
1.794947758316993713e-01
1.790956608019769192e-01
1.792574308812618367e-01
1.792228473350405693e-01
1.791531026363372692e-01
1.792973374947905429e-01
1.791503846645355336e-01
1.791983082890510615e-01
1.791351059451699312e-01
1.791912615299224854e-01
1.791931115090847071e-01
1.790155567228794153e-01
1.791066701989620924e-01
1.792926058173179571e-01
1.788988493382930867e-01
1.795120455324649700e-01
1.790749192237854059e-01
1.793142889626324066e-01
1.791931509971618763e-01
1.792186055332422312e-01
1.791360244154930059e-01
1.791123732924461420e-01
1.791268616914749034e-01
1.791130479425191990e-01
1.791327580809593256e-01
1.791424447670579012e-01
1.790988169610500391e-01
1.790652140974998419e-01
1.790130227804183904e-01
1.790541195310652312e-01
1.790496101602911949e-01
1.790290057659149059e-01
1.792230740189552363e-01
1.790750727057456859e-01
1.790848847478628270e-01
1.790764470584690626e-01
1.791510649025440105e-01
1.788750376552343258e-01
1.790751354303211085e-01
1.790259458124637548e-01
1.790127418935298920e-01
1.791171007789671421e-01
1.790912614203989395e-01
1.791033084504306261e-01
1.790597446262836567e-01
1.790144823491573445e-01
1.790008209645748138e-01
1.790590204298496135e-01
1.790513527113944403e-01
1.790983367711305729e-01
1.790482804179191478e-01
1.790211066603660528e-01
1.790279484353959616e-01
1.789821021258831135e-01
1.789906269637867864e-01
1.789745718240737804e-01
1.790498195216059796e-01
1.790621608495712169e-01
1.789651714265346472e-01
1.789863571524620001e-01
1.790113382041454426e-01
1.789246611297130585e-01
1.790095700882375351e-01
1.789975770749151762e-01
1.788849406410008558e-01
1.789890602231025696e-01
1.789059199392795674e-01
1.790434241294860951e-01
1.790072557050734758e-01
1.789777439087629207e-01
1.789643605239689406e-01
1.789127231575548538e-01
1.789458197541534956e-01
1.789154722355306149e-01
1.788905227556824573e-01
1.788450429216027204e-01
1.788882590830326025e-01
1.789127208292484172e-01
1.789814693620428443e-01
1.789176203310489655e-01
1.788673583418130819e-01
1.789749085903167836e-01
1.789114087820053156e-01
1.789463497698307037e-01
1.789303407073020991e-01
1.787958845496177562e-01
1.789170928299426977e-01
