2.095791065692901523e+00
1.966246485710144043e+00
1.686108815670013472e+00
1.527383768558502108e+00
1.344187736511230469e+00
1.146062356233596757e+00
1.122103822231292680e+00
1.057467371225357056e+00
1.002462446689605713e+00
9.876992523670196089e-01
1.024091923236846835e+00
1.004931235313415439e+00
9.855348467826843262e-01
9.709437370300293413e-01
9.590427458286285844e-01
1.014025145769119174e+00
1.022042512893676758e+00
1.015891391038894698e+00
1.015183913707733199e+00
9.977125048637389693e-01
9.735122501850128618e-01
9.852702796459198442e-01
9.909663736820221169e-01
9.860038936138153520e-01
9.808808386325835738e-01
9.957077383995056596e-01
1.032094228267669722e+00
1.007656723260879517e+00
1.029185420274734586e+00
1.042795819044113115e+00
1.013401246070861905e+00
1.024511390924453647e+00
1.019889265298843384e+00
1.058435326814651578e+00
1.019187057018279940e+00
1.024914830923080444e+00
1.067641675472259521e+00
1.046584129333496094e+00
9.916399121284484863e-01
1.018080157041549638e+00
9.922250151634216531e-01
9.683520793914794922e-01
9.467271625995635764e-01
9.777599155902862993e-01
9.842459142208099809e-01
1.085128420591354281e+00
1.026404583454131991e+00
9.782213449478149858e-01
9.907056629657745583e-01
1.003831332921981900e+00
1.053497940301895142e+00
1.015465092658996538e+00
1.003587275743484497e+00
1.061740392446517856e+00
1.002245724201202393e+00
9.963708579540252464e-01
1.024172723293304443e+00
1.016615462303161577e+00
1.021100538969039961e+00
9.562013030052185503e-01
1.046016311645507901e+00
9.869974493980407937e-01
1.013634413480758667e+00
1.006114608049392789e+00
1.028817385435104370e+00
1.012279295921325595e+00
1.027015662193298429e+00
1.003288769721984774e+00
9.610140800476074663e-01
1.019599992036819502e+00
1.034997451305389449e+00
9.992670834064483198e-01
9.577683806419372559e-01
9.311247050762176958e-01
9.039211571216583252e-01
9.899860322475433350e-01
9.215638339519500732e-01
9.520582139492035356e-01
1.094658696651458651e+00
1.067623889446258634e+00
9.820120394229888694e-01
1.067542952299117998e+00
1.004467350244522050e+00
9.696668326854706033e-01
9.303585827350616677e-01
9.808815479278564231e-01
9.793280601501465066e-01
9.611181914806365967e-01
1.106549519300460860e+00
1.141909676790237471e+00
1.029882413148879960e+00
1.043599438667297319e+00
1.074311238527297929e+00
1.110333609580993697e+00
1.016168737411498935e+00
1.015973389148712158e+00
9.162150382995605247e-01
9.590321362018585649e-01
1.158881294727325484e+00
1.012151485681533902e+00
9.415725111961364968e-01
8.978437125682831033e-01
9.994665086269378662e-01
9.622640252113342507e-01
8.826137363910675493e-01
8.423480212688445601e-01
8.919439077377319114e-01
9.011960446834563765e-01
9.371366918087005171e-01
8.843838214874267800e-01
8.433311104774474654e-01
9.857856690883636253e-01
9.067787647247314009e-01
8.737700402736663374e-01
8.171602487564086914e-01
7.665474534034728560e-01
9.077904164791107400e-01
8.632392108440398726e-01
8.234978318214416504e-01
8.462055325508117676e-01
7.588005959987640381e-01
7.448533535003661887e-01
7.771877110004424827e-01
7.804644942283630593e-01
8.076651871204376665e-01
7.578826844692230225e-01
7.867624342441559282e-01
7.499239921569824663e-01
1.041982781887054399e+00
1.093575721979141324e+00
9.228946149349213091e-01
9.811122059822082742e-01
9.104463100433349831e-01
8.619240045547484907e-01
8.359926342964172363e-01
9.059742152690887229e-01
8.659966945648193137e-01
7.630825221538544145e-01
7.568869411945342573e-01
7.141004085540771928e-01
7.177526116371154563e-01
6.852863013744354692e-01
6.218492269515991655e-01
6.189137816429137740e-01
7.676118135452270064e-01
6.700212985277176347e-01
7.811159610748290572e-01
8.048365533351897749e-01
7.503294765949248823e-01
7.798949241638183372e-01
7.807472765445708784e-01
7.312777042388916016e-01
8.457191944122314231e-01
7.849431872367859109e-01
9.892910003662109819e-01
9.960875153541565163e-01
8.660672008991241455e-01
8.184847533702850342e-01
7.876955389976501021e-01
8.025112509727477805e-01
9.192044258117675337e-01
8.156419217586516890e-01
7.275258123874663863e-01
6.678556203842163086e-01
6.403263986110687700e-01
6.687204778194427712e-01
6.944621443748474343e-01
6.782920062541961670e-01
1.217245090007782027e+00
1.101930320262908936e+00
1.168823689222335815e+00
1.089094310998916626e+00
9.247405052185058150e-01
8.255755007266998291e-01
7.666126430034637673e-01
6.877720713615417258e-01
7.242208540439605269e-01
7.607881486415862815e-01
7.835797488689422163e-01
8.973348557949065718e-01
8.407639324665069358e-01
8.080656409263611284e-01
6.783537566661834717e-01
7.429514467716217263e-01
6.936632901430129783e-01
7.875756144523620161e-01
6.895388543605804887e-01
6.426344662904739380e-01
7.033382296562195046e-01
5.959410637617110762e-01
5.962241590023040771e-01
5.914226979017257468e-01
6.994039416313171387e-01
6.760460853576659712e-01
9.180128455162048784e-01
7.543676316738128218e-01
8.475092291831970437e-01
8.525987982749938521e-01
6.851612567901611550e-01
6.310230106115340964e-01
5.452568411827087846e-01
5.336257338523864302e-01
5.259692102670670000e-01
5.495182424783706665e-01
5.210004866123199019e-01
4.990424543619155773e-01
4.975850939750671165e-01
5.205153077840805054e-01
4.611801505088806152e-01
5.579777002334594949e-01
4.905229628086090199e-01
5.154372632503509966e-01
5.109174728393555132e-01
5.480583339929581133e-01
5.315919756889343484e-01
4.922366738319396973e-01
4.934988737106323353e-01
5.448969841003418191e-01
5.147976636886596458e-01
4.829830139875411765e-01
4.798911571502685325e-01
5.543134212493896484e-01
5.637295812368392500e-01
5.149313360452651978e-01
5.102456241846085039e-01
5.076144754886626753e-01
4.622472941875457875e-01
5.674883157014847246e-01
4.897960692644119374e-01
5.756319969892501609e-01
5.881680428981781450e-01
5.211218476295471635e-01
4.556374043226242287e-01
4.493063509464264027e-01
5.141764044761657493e-01
5.997423917055130227e-01
5.687947452068329302e-01
4.856837481260299905e-01
5.606708914041519387e-01
4.815945446491241566e-01
5.578842461109161377e-01
4.769812136888503806e-01
5.327002972364425215e-01
5.742024749517440352e-01
4.766757637262344360e-01
4.739175528287887795e-01
4.851887196302414051e-01
5.052660375833510908e-01
5.237048000097275224e-01
5.591795891523361206e-01
5.204080432653427346e-01
4.882565826177597268e-01
4.521767020225525013e-01
4.604250401258468406e-01
4.981384694576263539e-01
4.443323552608490212e-01
4.219542711973190419e-01
4.776611626148223877e-01
4.515914857387542947e-01
4.221623510122299305e-01
4.071082323789596558e-01
4.356404572725295909e-01
5.024634391069412453e-01
5.218013316392898782e-01
6.169093906879424827e-01
5.792305856943130715e-01
4.792637169361114724e-01
4.632700771093368752e-01
4.901485115289688221e-01
4.528462201356887595e-01
4.829973161220550426e-01
4.779546886682510265e-01
4.480010330677032249e-01
4.533326476812362671e-01
5.062280595302581787e-01
5.123950749635696189e-01
4.385450482368469238e-01
5.121957510709762573e-01
4.902014374732971413e-01
4.916634261608123779e-01
4.645491212606430165e-01
4.506844282150268555e-01
4.527878284454345814e-01
4.741625607013702504e-01
4.708343267440796009e-01
5.145111590623855369e-01
5.279213219881058183e-01
5.039100229740143266e-01
4.867008864879608376e-01
4.307273000478744618e-01
4.316647499799728394e-01
4.318603783845901267e-01
4.016545206308365090e-01
5.208466380834579912e-01
5.421877771615981612e-01
4.970804095268249734e-01
6.443697124719619529e-01
5.927931010723114236e-01
6.063271909952163696e-01
4.516183078289032204e-01
3.982280790805816650e-01
3.905985325574874989e-01
4.750545501708984264e-01
4.443899989128112793e-01
4.336253672838211171e-01
4.506662666797637828e-01
4.385056614875793568e-01
4.097431331872939952e-01
4.068402856588363425e-01
3.575175553560256958e-01
3.713309526443481223e-01
3.600832402706146129e-01
3.622848868370056041e-01
3.663599461317062489e-01
3.707780689001083374e-01
3.603431582450866699e-01
3.712877243757247703e-01
4.038942366838454978e-01
4.106590986251831277e-01
3.751001179218292347e-01
3.936400532722473256e-01
3.680338948965072854e-01
3.729634374380111916e-01
3.653220921754837258e-01
3.487968221306800842e-01
3.475202873349189647e-01
4.127045094966888539e-01
4.761452317237854226e-01
3.995737046003341453e-01
4.400405853986740223e-01
3.843262046575546265e-01
3.745998889207839966e-01
3.837244868278503196e-01
3.539959728717804177e-01
3.443794593214988820e-01
3.512728899717331155e-01
3.542306244373321644e-01
3.659663811326027139e-01
3.519367903470992931e-01
3.834350541234016196e-01
3.833633393049240001e-01
4.398626565933227428e-01
3.942060023546218872e-01
3.702269211411476357e-01
3.552250355482101662e-01
3.761950284242630005e-01
3.851871848106384055e-01
3.591027021408080833e-01
3.708645999431610107e-01
4.057466268539428600e-01
3.890098065137863048e-01
3.816162660717964394e-01
3.593413293361663596e-01
3.677371948957443015e-01
3.602614879608154186e-01
3.593101829290389904e-01
3.922515958547592163e-01
3.753844469785690419e-01
4.135684341192245594e-01
3.429055720567703025e-01
3.356953501701355203e-01
3.367049768567085266e-01
3.573448002338409646e-01
3.316020041704177967e-01
3.518617734313010947e-01
3.465787559747696145e-01
3.244385108351707236e-01
3.322441533207893261e-01
3.390879139304160961e-01
3.351969525218009838e-01
3.268560886383056752e-01
3.341476887464523426e-01
4.450634092092514149e-01
3.960281103849411233e-01
3.621057629585265891e-01
3.413213610649108998e-01
3.659561961889267190e-01
3.696039766073226929e-01
3.681465014815330505e-01
3.450416743755340687e-01
3.528626233339309803e-01
3.413917109370231406e-01
3.698953181505203469e-01
3.631246015429496765e-01
3.486821889877319558e-01
3.502724796533584484e-01
3.437308683991432412e-01
3.960801333189010731e-01
3.321271717548370250e-01
3.311614573001861461e-01
3.824540376663208008e-01
3.776671096682548412e-01
3.353976041078567394e-01
3.584553375840187073e-01
5.663045078516006914e-01
4.226304322481155284e-01
3.892592266201972961e-01
3.462648183107376321e-01
3.281235069036483876e-01
3.642677024006843456e-01
3.975174069404602273e-01
3.562108367681503518e-01
3.110120281577110068e-01
3.012182861566543579e-01
3.011376336216926575e-01
3.109343886375427468e-01
3.017709940671920998e-01
2.960937768220901489e-01
2.946258947253227456e-01
2.939483389258384927e-01
3.128757849335670471e-01
3.110208213329315186e-01
3.304249092936515919e-01
3.202336952090263367e-01
3.107763826847076416e-01
2.946777701377868430e-01
2.979040533304214700e-01
2.825340479612350464e-01
2.830544814467430004e-01
2.858244329690933228e-01
3.015488564968109020e-01
3.111176878213882668e-01
2.955391764640807883e-01
2.944045901298523171e-01
2.920296996831893699e-01
2.814328670501708984e-01
2.806846201419830322e-01
2.997786507010459789e-01
4.039858400821685902e-01
3.397096142172813527e-01
3.050777092576026917e-01
3.144257366657257080e-01
3.119210734963416831e-01
3.077745124697685020e-01
2.994102850556373818e-01
2.968393027782439964e-01
2.930236369371413963e-01
2.906470432877540366e-01
2.816509857773780712e-01
2.866635099053382874e-01
2.996545493602752464e-01
3.499541610479354747e-01
3.127488449215888866e-01
3.412261635065078624e-01
3.237816616892814636e-01
3.078615918755531200e-01
3.079230338335037231e-01
2.904932722449302673e-01
3.116409093141555564e-01
3.065561622381210438e-01
3.123999759554862976e-01
3.152265250682830811e-01
2.784714505076408275e-01
2.867822006344795116e-01
2.886372312903404125e-01
3.005270346999168174e-01
2.930158182978629955e-01
3.034930706024169811e-01
3.104622051119804160e-01
3.247977212071418984e-01
3.648843631148338540e-01
3.587165206670760997e-01
3.373536795377731212e-01
3.399940565228461997e-01
3.326703041791915783e-01
3.261020511388778576e-01
3.204352647066116555e-01
3.120488524436950684e-01
2.831739604473114125e-01
3.106143996119499207e-01
2.961094900965690613e-01
2.894826933741569408e-01
3.158930554986000283e-01
2.918241441249847523e-01
2.826863802969455941e-01
2.844194486737251504e-01
2.866550564765930065e-01
2.833606839179992898e-01
2.887327522039413452e-01
2.747435510158539040e-01
3.622060626745223777e-01
3.044254302978515736e-01
2.919194266200065835e-01
2.729840114712714927e-01
2.766202837228775024e-01
2.784273341298103555e-01
2.858403757214545982e-01
2.863206714391708374e-01
2.876682534813880809e-01
2.861513108015060203e-01
2.805972337722778542e-01
2.843259707093238609e-01
2.931056112051010354e-01
3.074205398559570201e-01
3.289222627878188865e-01
3.461545944213867410e-01
3.164725065231323020e-01
2.849810868501663208e-01
2.796833887696266174e-01
3.103404805064201577e-01
2.882269665598869435e-01
2.688007965683937295e-01
2.617016494274139182e-01
2.702491953969001770e-01
2.602651372551917919e-01
2.586783125996589550e-01
2.596931993961334451e-01
2.810064896941185109e-01
2.909192353487014548e-01
2.896063476800918579e-01
2.764845848083495872e-01
2.774553537368774636e-01
2.806989341974258645e-01
2.892093464732169994e-01
2.603025317192077526e-01
2.651040002703666798e-01
2.706124454736709706e-01
2.627313435077667236e-01
2.687029078602790610e-01
2.665813222527503856e-01
2.751487866044044495e-01
2.693833902478218190e-01
2.808482989668846241e-01
2.826453804969787376e-01
2.998276919126510731e-01
2.731284290552139504e-01
3.068583577871322743e-01
2.865619376301765664e-01
2.733632817864418141e-01
2.828832462430000416e-01
2.550317183136939780e-01
2.595144152641296609e-01
2.620955660939216503e-01
2.623132139444351307e-01
2.703816056251525657e-01
2.677166178822517617e-01
2.863612845540046692e-01
2.900269761681556480e-01
2.649277687072754128e-01
2.571547508239745983e-01
2.615444898605346902e-01
2.651985943317413108e-01
2.587051600217818992e-01
2.601264849305152671e-01
2.747458979487419350e-01
2.915381640195846558e-01
2.665066137909889443e-01
2.514800056815147400e-01
2.549156621098518372e-01
2.492428228259086498e-01
2.558758810162544139e-01
2.611474022269248962e-01
2.620415382087230571e-01
2.671045035123825184e-01
2.723908916115760914e-01
2.543259173631667869e-01
2.504129618406295554e-01
2.476698145270347651e-01
2.518981039524078591e-01
2.522777408361435159e-01
2.737329438328742759e-01
2.882275894284248574e-01
2.544010609388351329e-01
2.623479217290878296e-01
2.566466346383095010e-01
2.556713908910751565e-01
2.527914762496948353e-01
2.825003147125244030e-01
2.650667473673820607e-01
2.751302339136600383e-01
2.816647350788116233e-01
2.561164438724518044e-01
2.575528755784034507e-01
2.531396776437759288e-01
2.797866418957710155e-01
2.703901514410972373e-01
3.065279826521873363e-01
2.785461843013763428e-01
2.567396715283393749e-01
2.504402324557304382e-01
2.509863317012787087e-01
2.493435218930244446e-01
2.597191348671913369e-01
2.494249925017356928e-01
2.559239014983177296e-01
2.628091409802436607e-01
2.532964169979095570e-01
2.476527802646160126e-01
2.696105957031250111e-01
2.600845247507095337e-01
2.803394839167595021e-01
2.664279714226722717e-01
2.519437834620475991e-01
2.527317285537719616e-01
2.598737865686416848e-01
2.574003875255584939e-01
2.699379384517669456e-01
2.601194843649864419e-01
2.481337964534759410e-01
2.473197549581527821e-01
2.469301789999008290e-01
2.482410460710525457e-01
2.441397011280059814e-01
2.445183679461479243e-01
2.469465449452400152e-01
2.401134639978408924e-01
2.418594762682914623e-01
2.397472247481346186e-01
2.414429321885109003e-01
2.449005544185638428e-01
2.428110443055629675e-01
2.432177618145942577e-01
2.486980363726615795e-01
2.506623663008212821e-01
2.599254012107848899e-01
2.483408227562904358e-01
2.434262618422508295e-01
2.498695522546768299e-01
2.504553243517875782e-01
2.557050347328185813e-01
2.503749586641788594e-01
2.482210457324981745e-01
2.502285376191138999e-01
2.438645675778388922e-01
2.406685829162597545e-01
2.487345993518829401e-01
2.502920225262642018e-01
2.516833186149597390e-01
2.420580923557281439e-01
2.405703634023666493e-01
2.416027963161468395e-01
2.515340238809585793e-01
2.503513105213642231e-01
2.603446155786514060e-01
2.535443276166916005e-01
2.451737195253372303e-01
2.436364606022834722e-01
2.437210500240326039e-01
2.434864237904548756e-01
2.411539658904075512e-01
2.409935921430587658e-01
2.396814346313476674e-01
2.442999660968780407e-01
2.434659317135810797e-01
2.419006884098053034e-01
2.395535752177238575e-01
2.380505718290805706e-01
2.375287577509880010e-01
2.380326628684997503e-01
2.416791386902332195e-01
2.444000303745269831e-01
2.420356214046478216e-01
2.485760301351547241e-01
2.413267105817794855e-01
2.431216940283775219e-01
2.426375493407249562e-01
2.377557694911956732e-01
2.435737445950508229e-01
2.472072198987007030e-01
2.392404794692993275e-01
2.381783142685890142e-01
2.378341890871524811e-01
2.357701271772384699e-01
2.398591108620166668e-01
2.377919226884842030e-01
2.366324394941329845e-01
2.469667643308639526e-01
2.407937020063400380e-01
2.371198125183582306e-01
2.401457920670509449e-01
2.379369825124740545e-01
2.387693986296653692e-01
2.427091225981712341e-01
2.427452102303505055e-01
2.419572129845619091e-01
2.447932422161102350e-01
2.364585354924201854e-01
2.372828811407089178e-01
2.393918007612228505e-01
2.372976616024971008e-01
2.417858332395553533e-01
2.518115743994712719e-01
2.494231298565864618e-01
2.414156123995780945e-01
2.364274308085441700e-01
2.385613575577735790e-01
2.373998060822486988e-01
2.379856839776039179e-01
2.468064114451408442e-01
2.614350646734237560e-01
2.673185005784034507e-01
2.531384915113449319e-01
2.432718917727470509e-01
2.370864294469356426e-01
2.388509884476661682e-01
2.337292462587356456e-01
2.389967314898967798e-01
2.493114575743675121e-01
2.417181715369224604e-01
2.477733030915260370e-01
2.368996948003768976e-01
2.454355537891387828e-01
2.439344838261604254e-01
2.393787369132041876e-01
2.384933680295944214e-01
2.327124997973442078e-01
2.335622034966945704e-01
2.329549655318260137e-01
2.318854138255119213e-01
2.335867956280708313e-01
2.332691699266433716e-01
2.336018219590187128e-01
2.368686437606811468e-01
2.388706624507904164e-01
2.396667659282684382e-01
2.346288777887821086e-01
2.346108913421630915e-01
2.361032932996749989e-01
2.330952815711498372e-01
2.329698294401168768e-01
2.322652533650398365e-01
2.343360871076583807e-01
2.342169493436813410e-01
2.415603876113891491e-01
2.328047454357147217e-01
2.402197092771530262e-01
2.406867787241935841e-01
2.340405598282813970e-01
2.319543398916721344e-01
2.331355050206184443e-01
2.336304433643817957e-01
2.336242049932479858e-01
2.338546819984912983e-01
2.324322894215583857e-01
2.324347347021102905e-01
2.314985454082489069e-01
2.310156174004077967e-01
2.315524697303771862e-01
2.378250800073146709e-01
2.334629245102405604e-01
2.321541756391525269e-01
2.324926763772964533e-01
2.307295531034469493e-01
2.303476452827453724e-01
2.298402279615402166e-01
2.315569639205932728e-01
2.322065085172653198e-01
2.332380041480064392e-01
2.324545279145240895e-01
2.312168434262275585e-01
2.324893206357955822e-01
2.330468058586120661e-01
2.312925532460212708e-01
2.307556033134460505e-01
2.330725371837615856e-01
2.311871036887168940e-01
2.300727725028991755e-01
2.317752271890640148e-01
2.300130173563957325e-01
2.297875180840492360e-01
2.333941549062728826e-01
2.455715358257293812e-01
2.395979404449462835e-01
2.422510474920272772e-01
2.339163601398467907e-01
2.305079691112041362e-01
2.309499308466911316e-01
2.312706053256988470e-01
2.308887943625450023e-01
2.307250574231147766e-01
2.304691463708877508e-01
2.319888606667518671e-01
2.333980783820152338e-01
2.315966084599495045e-01
2.339225515723228344e-01
2.342528998851776123e-01
2.314827293157577515e-01
2.296272426843643244e-01
2.334423318505287059e-01
2.312115810811519734e-01
2.316993787884712164e-01
2.393097072839736883e-01
2.317976593971252386e-01
2.386523783206939697e-01
2.336990423500537872e-01
2.362320572137832642e-01
2.349384814500808660e-01
2.430061861872672979e-01
2.452469192445278223e-01
2.391662940382957570e-01
2.364495746791362707e-01
2.331485196948051564e-01
2.332044064998626820e-01
2.299801573157310430e-01
2.363805070519447438e-01
2.311615407466888483e-01
2.304939121007919256e-01
2.292110733687877655e-01
2.295142650604247991e-01
2.293552726507187001e-01
2.295639723539352473e-01
2.282685592770576366e-01
2.287936776876449696e-01
2.303039245307445526e-01
2.289532929658889826e-01
2.300758987665176281e-01
2.279583603143691961e-01
2.286005690693855286e-01
2.285602308809757122e-01
2.275727510452270619e-01
2.291868686676025446e-01
2.285776637494564001e-01
2.291701413691043798e-01
2.283476993441581615e-01
2.285949900746345465e-01
2.286990270018577631e-01
2.278627984225750081e-01
2.282403185963630676e-01
2.279986776411533356e-01
2.280816331505775563e-01
2.274141609668731689e-01
2.270935662090778351e-01
2.269838288426399286e-01
2.273459151387214605e-01
2.271295234560966603e-01
2.266787037253379933e-01
2.273324653506278992e-01
2.280288480222225078e-01
2.269642129540443420e-01
2.272091612219810375e-01
2.274105384945869501e-01
2.268335461616516058e-01
2.283206954598426819e-01
2.297290608286857716e-01
2.322197347879409735e-01
2.296924211084842571e-01
2.287376001477241516e-01
2.285612568259239308e-01
2.277829959988594000e-01
2.268845498561859186e-01
2.272479563951492199e-01
2.278664425015449468e-01
2.269531205296516363e-01
2.266020983457565363e-01
2.271931514143943898e-01
2.275420203804969788e-01
2.266848176717758123e-01
2.268231429159641155e-01
2.269183352589607128e-01
2.262937508523464314e-01
2.265146449208259583e-01
2.262150526046752819e-01
2.273975990712642781e-01
2.274048961699008942e-01
2.283511862158775219e-01
2.269908413290977478e-01
2.261147022247314564e-01
2.261156901717185919e-01
2.263135164976119995e-01
2.265482485294341986e-01
2.261399969458580128e-01
2.263530552387237604e-01
2.261813923716545216e-01
2.262761801481247004e-01
2.273673251271247919e-01
2.295741513371467590e-01
2.295420162379741558e-01
2.295752219855785314e-01
2.302336260676383917e-01
2.301967859268188588e-01
2.298891201615333446e-01
2.296617314219474848e-01
2.280189827084541376e-01
2.287479452788829803e-01
2.269486963748931774e-01
2.294975176453590282e-01
2.297518655657768138e-01
2.285647295415401403e-01
2.287575528025627136e-01
2.269246034324169103e-01
2.280997723340988104e-01
2.263871893286704962e-01
2.276962339878082220e-01
2.267732948064803966e-01
2.266566485166549572e-01
2.264725029468536432e-01
2.277097463607788141e-01
2.268872618675231989e-01
2.262994728982448689e-01
2.260537162423133795e-01
2.271166771650314220e-01
2.260388553142547718e-01
2.270094782114028820e-01
2.269859895110130366e-01
2.292053334414959065e-01
2.273256860673427693e-01
2.285573363304138073e-01
2.290913477540016119e-01
2.283644735813140925e-01
2.284539237618446461e-01
2.265902876853942982e-01
2.274706944823265131e-01
2.267887666821479797e-01
2.262945063412189484e-01
2.259423375129699652e-01
2.262441143393516541e-01
2.255808509886264857e-01
2.273300848901271820e-01
2.286891713738441467e-01
2.281708851456642206e-01
2.278253056108951458e-01
2.270057022571563832e-01
2.268797993659973089e-01
2.291755944490432850e-01
2.261226519942283741e-01
2.254665642976760864e-01
2.257619798183441162e-01
2.257173910737037548e-01
2.254053518176078741e-01
2.257346466183662304e-01
2.252947628498077337e-01
2.255817182362079565e-01
2.250565394759178051e-01
2.253928646445274298e-01
2.255034834146499578e-01
2.254055872559547480e-01
2.264605358242988697e-01
2.297213539481162969e-01
2.273382455110549982e-01
2.266308784484863392e-01
2.260926276445388849e-01
2.261105746030807606e-01
2.249717466533183996e-01
2.249086409807205256e-01
2.248914718627929576e-01
2.248932182788848932e-01
2.251614272594451849e-01
2.250481158494949396e-01
2.249741002917289845e-01
2.246578171849250849e-01
2.248545020818710216e-01
2.253761395812034496e-01
2.249794147908687481e-01
2.253387436270713751e-01
2.253890715539455525e-01
2.257670372724533137e-01
2.253328546881675776e-01
2.245425902307033594e-01
2.249413236975669750e-01
2.247120216488838196e-01
2.263199575245380402e-01
2.256311587989330292e-01
2.250000596046447809e-01
2.244672343134880010e-01
2.247406736016273610e-01
2.246263846755027771e-01
2.244875565171241816e-01
2.247163258492946569e-01
2.245873525738716070e-01
2.243868380784988514e-01
2.248406469821929987e-01
2.245707340538501684e-01
2.245843134820461329e-01
2.246167019009590038e-01
2.247290760278701782e-01
2.247948162257671356e-01
2.243249371647834667e-01
2.249895773828029522e-01
2.247152827680110876e-01
2.243553102016448975e-01
2.244515433907508795e-01
2.247275620698928889e-01
2.246558412909507862e-01
2.248400613665580694e-01
2.248525112867355291e-01
2.245983228087425343e-01
2.245565220713615362e-01
2.245635226368904169e-01
2.244184039533138331e-01
2.246749162673950251e-01
2.245467856526374706e-01
2.245212711393833049e-01
2.242243252694606781e-01
2.241755403578281347e-01
2.241897709667682592e-01
2.242429286241531261e-01
2.246113650500774495e-01
2.245799377560615540e-01
2.246324248611926977e-01
2.248632200062274933e-01
2.243721812963485607e-01
2.245700016617774852e-01
2.243155747652053889e-01
2.243213966488838140e-01
2.244970709085464533e-01
2.242237836122512873e-01
2.248958691954612843e-01
2.247614860534667969e-01
2.251381918787956349e-01
2.241421192884445190e-01
