1.652192632357279534e+00
1.473512530326843262e+00
1.261092265446980720e+00
1.239263296127319336e+00
1.064720034599304199e+00
1.041149735450744629e+00
1.009757121404011970e+00
9.743947188059488562e-01
9.544370373090108606e-01
9.504919250806173059e-01
1.005414088567097908e+00
9.594912131627401086e-01
9.253519574801126746e-01
9.360380967458089563e-01
9.323981006940206262e-01
1.005624393622080559e+00
9.815774957338968543e-01
1.001544654369354248e+00
9.477773110071817664e-01
9.483546018600463867e-01
9.543697237968444824e-01
9.445143739382425574e-01
9.508168697357177734e-01
9.563785990079244348e-01
9.754619995752970008e-01
9.700656731923421594e-01
9.828573266665140418e-01
1.013712167739868164e+00
9.908486406008402136e-01
9.859007596969604492e-01
9.796926975250244141e-01
9.826775391896566125e-01
9.955841104189554480e-01
1.012133399645487541e+00
9.691017270088195801e-01
1.017673770586649651e+00
9.754294753074645996e-01
9.784615635871887207e-01
9.468780954678853723e-01
9.675289392471313477e-01
9.335857629776000977e-01
9.105537931124368933e-01
9.084551930427551270e-01
9.412875970204671594e-01
9.725240468978881836e-01
1.013925631841023689e+00
9.407054980595906946e-01
9.433414737383524207e-01
9.504087766011556360e-01
9.912006457646688196e-01
9.667427738507589075e-01
9.496583938598632812e-01
1.072005073229471916e+00
9.720779458681741980e-01
9.380346934000650672e-01
1.015833854675292969e+00
9.271620909372965125e-01
9.567612409591674805e-01
9.471774498621622351e-01
8.640750050544738770e-01
9.254346092542012903e-01
9.674550692240396765e-01
9.375561277071634558e-01
9.543283581733703613e-01
9.970543185869852332e-01
9.388339916865030554e-01
9.850617647171020508e-01
8.959182302157083777e-01
8.755913178126016883e-01
9.939986268679300574e-01
9.679072896639505652e-01
9.226447542508443567e-01
8.877946535746256140e-01
8.885311086972554895e-01
9.009552001953125000e-01
8.435274958610534668e-01
8.735810518264770508e-01
9.847885966300964355e-01
1.053735693295796638e+00
9.804784258206685754e-01
9.665526549021402625e-01
9.817244410514831543e-01
8.890969753265380859e-01
8.823134700457254675e-01
8.368075092633565637e-01
9.544181625048319129e-01
8.075475692749023438e-01
1.054427584012349373e+00
1.040221095085144043e+00
9.729282458623250696e-01
1.052422920862833733e+00
8.974041938781738281e-01
1.032742460568745857e+00
1.025968233744303459e+00
8.672610918680826453e-01
8.905393481254577637e-01
8.488598863283792761e-01
1.147706786791483635e+00
1.024695316950480217e+00
8.799182772636413574e-01
8.389281829198201867e-01
8.888308803240457800e-01
8.704073230425516394e-01
8.464631040891011926e-01
8.140975038210550574e-01
7.405472000439962121e-01
7.962753176689147949e-01
8.186913728713989258e-01
8.657205899556478235e-01
7.297111948331197473e-01
8.165480693181356164e-01
8.514307141304016113e-01
8.402310411135355261e-01
7.628644903500875207e-01
7.423127293586730957e-01
7.593107819557189941e-01
7.026868661244710657e-01
7.986476222674051550e-01
7.901634375254312781e-01
6.966251134872436523e-01
6.230272253354390832e-01
7.582477927207946777e-01
6.787676413853963586e-01
6.923320690790811804e-01
6.565874020258585242e-01
5.865449905395507812e-01
6.215264598528543738e-01
6.998982429504394531e-01
9.392713705698648718e-01
8.908280332883199426e-01
8.899444937705993652e-01
8.284285863240560266e-01
8.070918520291646692e-01
7.549323042233785364e-01
8.241020242373148230e-01
8.402221600214639929e-01
7.095420956611633301e-01
7.045593460400899621e-01
5.904565254847208289e-01
7.087937990824381140e-01
5.409895976384481164e-01
5.642343362172445032e-01
4.741334617137908936e-01
4.756194253762562885e-01
4.750021000703175678e-01
5.905430515607198450e-01
7.692523598670959473e-01
5.845814347267150879e-01
6.433934370676676062e-01
6.350480516751607629e-01
5.182727078596750525e-01
6.646612087885538367e-01
6.353170474370321008e-01
8.368688027064005164e-01
7.538096507390340539e-01
8.488905429840087891e-01
7.171674569447835657e-01
6.483783721923828125e-01
6.831587751706441614e-01
6.081497867902120325e-01
6.860970060030618933e-01
6.497269670168558386e-01
6.141920884450277063e-01
4.912106792132059918e-01
4.772786796092987061e-01
5.009516974290212366e-01
5.935080746809641150e-01
9.714003403981527063e-01
9.801626801490783691e-01
1.103604316711425781e+00
9.391766190528869629e-01
8.624526063601175574e-01
6.978692015012105676e-01
6.261231899261474609e-01
6.101613243420919153e-01
6.105819741884866980e-01
6.178058485190073279e-01
6.943426926930745813e-01
6.819563905398050574e-01
7.192366917928060266e-01
6.460698246955871582e-01
6.326749920845031738e-01
6.726867953936258582e-01
5.879003604253133508e-01
5.058532655239105225e-01
6.266733209292093543e-01
5.634200672308603552e-01
4.422425131003062115e-01
4.593152801195780621e-01
4.278574685255686627e-01
4.801156520843505859e-01
5.108026365439096717e-01
4.321349660555521832e-01
7.424981395403543738e-01
6.503955721855163574e-01
6.495022972424825403e-01
7.381319403648376465e-01
6.342227061589559289e-01
4.884054263432820453e-01
5.292498270670572547e-01
4.062687158584594727e-01
4.470998346805572510e-01
3.405999640623728619e-01
4.703597724437713623e-01
4.785539905230204449e-01
3.913906017939249860e-01
4.462775687376658307e-01
3.368903100490570068e-01
4.119518995285034180e-01
3.671734631061553955e-01
4.286070466041564941e-01
4.092562695344288959e-01
3.368802964687347412e-01
3.551892439524332867e-01
3.546459674835205078e-01
4.102785090605418072e-01
3.926144639650980817e-01
3.916172782580057965e-01
3.444599906603495465e-01
3.454454839229583740e-01
3.087249795595805035e-01
5.144290725390116004e-01
4.150225420792897357e-01
3.460434476534525738e-01
4.085341791311900006e-01
3.112295866012573242e-01
4.311186671257019043e-01
4.435017406940460205e-01
4.315122663974761963e-01
4.228190382321675433e-01
4.154421885808308734e-01
3.145799537499745502e-01
3.262128035227457867e-01
4.350508749485015869e-01
3.568386534849802838e-01
5.918379724025726318e-01
3.604102432727813721e-01
3.667694330215454102e-01
3.686956266562144147e-01
4.297213157018025531e-01
4.539775451024373187e-01
4.117146333058674945e-01
3.929463326930999756e-01
4.618980487187703265e-01
3.939316372076670514e-01
3.041568448146184100e-01
3.712832132975260602e-01
3.661714196205139160e-01
3.349907398223876953e-01
3.309414287408192767e-01
5.066388746102651330e-01
4.109202524026234760e-01
2.895951668421427594e-01
4.314633210500081195e-01
3.267652988433837891e-01
3.842518925666809082e-01
3.138449589411417828e-01
3.458362122376759662e-01
3.583175043265025006e-01
2.892267256975173950e-01
2.652869522571563721e-01
3.671543498833974017e-01
4.299962719281514301e-01
4.027567108472188129e-01
6.258325974146524695e-01
3.882600367069244385e-01
3.816336294015248431e-01
3.121113727490107403e-01
4.456500013669331683e-01
3.181620140870412006e-01
3.616621196269989014e-01
3.002701451381047382e-01
3.295333186785380231e-01
4.312431216239929199e-01
3.465710282325744629e-01
3.567463556925455914e-01
2.771790126959483014e-01
4.328149855136871338e-01
3.487352132797241211e-01
3.771863381067911969e-01
3.722055852413177490e-01
2.834997425476710187e-01
2.827490419149398804e-01
4.005771577358245850e-01
2.921122163534164429e-01
4.285522798697153912e-01
4.138723413149515973e-01
2.944550414880116596e-01
3.711388707160949707e-01
3.139717976252238141e-01
3.240252534548441754e-01
3.805142839749653949e-01
4.113272925217946185e-01
3.890114327271779193e-01
4.221060971419016705e-01
2.575555394093195782e-01
5.229813853899637488e-01
4.100572367509205951e-01
3.907651205857594623e-01
3.649838566780090332e-01
3.404916326204935895e-01
2.696142842372258319e-01
2.640896985928217755e-01
2.891904215017954694e-01
4.322629670302073346e-01
2.868407219648361206e-01
4.010113080342610492e-01
3.285151422023773193e-01
3.141925136248270856e-01
2.968107064565022601e-01
3.376623888810475482e-01
3.160863320032755719e-01
2.552924553553263531e-01
2.668759524822235107e-01
3.172562817732493268e-01
3.103918085495631085e-01
3.266368210315704346e-01
3.802147607008616315e-01
2.440089086691538400e-01
3.330505589644114361e-01
3.339339395364125385e-01
2.942982912063598633e-01
2.950008312861124860e-01
2.961806704600651874e-01
3.223219613234202252e-01
3.427842060724894391e-01
4.376453558603922711e-01
3.136052389939625873e-01
3.087182243665059223e-01
3.868391017119089947e-01
3.200305402278900146e-01
3.147889177004496442e-01
3.197289705276489258e-01
2.711304773886998309e-01
2.403484582901000977e-01
3.013528486092885150e-01
2.769256979227066040e-01
3.008286754290263043e-01
2.856334199508031024e-01
3.745400309562683105e-01
3.400272031625111713e-01
3.336338202158610211e-01
2.763993740081787109e-01
3.003359039624531879e-01
2.712679555018742694e-01
3.945056895414988385e-01
2.548613001902897968e-01
2.895950675010681152e-01
2.780722975730895996e-01
2.503133813540140973e-01
3.800170421600341797e-01
3.227867285410563336e-01
2.685473014911015643e-01
2.857591112454732074e-01
2.942062119642893658e-01
2.469935317834218436e-01
3.141302764415740967e-01
3.175641397635142194e-01
3.134641945362091064e-01
3.496213455994923724e-01
3.498090704282124652e-01
2.743553072214126587e-01
2.814068595568339215e-01
3.444167474905650006e-01
2.895139902830123901e-01
3.176108400026957379e-01
2.801685978968938007e-01
3.014358480771382465e-01
3.177351156870524274e-01
3.347560763359069824e-01
3.297292391459147320e-01
2.962408612171809064e-01
3.522168397903442383e-01
3.330540855725606098e-01
2.774095584948857440e-01
3.368678887685139789e-01
3.147142628828684674e-01
3.206898570060729980e-01
2.922328412532806396e-01
2.546853969494501935e-01
3.408385117848714008e-01
2.944318056106567383e-01
4.290952881177266254e-01
2.716846019029617310e-01
3.276096781094868793e-01
2.695256272951762067e-01
3.970355490843455182e-01
3.809744914372761859e-01
2.952926009893417358e-01
2.124579797188440866e-01
2.353446731964747018e-01
3.228412369887034283e-01
2.304429908593495779e-01
3.655506372451782227e-01
3.083660304546356201e-01
2.607142527898152484e-01
3.442416985829671039e-01
2.105448593695958548e-01
3.040894567966461182e-01
3.782555560270945416e-01
4.444528718789418353e-01
2.847144951423009052e-01
3.080510795116424561e-01
2.717521637678146362e-01
2.894993970791499005e-01
2.851295967896779193e-01
2.728769282499949322e-01
2.616176058848698749e-01
2.864181896050770892e-01
3.459429840246836529e-01
3.506060242652893066e-01
3.333927492300669537e-01
2.366141080856323242e-01
2.668431351582209454e-01
3.003065635760625018e-01
2.443476418654123850e-01
2.632819016774495258e-01
3.191182911396026611e-01
2.470520536104837961e-01
2.714697718620300293e-01
3.175512750943501605e-01
2.865708221991856708e-01
2.977457940578460693e-01
2.825995087623596191e-01
2.975529283285140991e-01
3.084361255168914795e-01
2.805593411127726422e-01
4.706865350405375348e-01
2.469895134369532175e-01
3.175841768582661762e-01
2.792897075414657593e-01
3.490631580352783203e-01
2.842458784580230713e-01
3.322335084279378070e-01
2.932885587215423584e-01
3.297358055909474506e-01
3.037405908107757568e-01
2.935799260934193744e-01
2.559867302576701031e-01
3.184094826380411969e-01
3.463355402151743756e-01
3.384138345718383789e-01
3.568377395470936908e-01
3.449995915095011578e-01
3.072930773099263324e-01
2.869081795215606689e-01
2.473472058773040771e-01
2.771448045969009399e-01
2.310631821552912302e-01
2.639357497294743671e-01
3.101456761360168457e-01
2.974012394746144428e-01
2.966812252998352051e-01
2.767734279235203876e-01
2.950806319713592529e-01
2.229304313659667969e-01
3.078748285770416260e-01
2.601498216390609741e-01
2.578102250893910541e-01
2.696664035320281982e-01
2.726280142863591327e-01
3.151824673016865863e-01
3.517422179381052838e-01
4.419687290986378803e-01
3.410247961680094586e-01
3.439358075459797992e-01
2.760340422391891479e-01
3.114151259263356342e-01
3.249781429767608643e-01
2.635365029176076068e-01
2.629602154095967426e-01
2.370379368464151926e-01
3.181205292542775287e-01
3.203710466623306274e-01
3.098482290903727399e-01
3.203252255916595459e-01
3.146969725688298358e-01
2.887235879898071289e-01
2.699305266141891479e-01
3.485545814037322998e-01
3.283192316691080914e-01
2.908776750167210712e-01
2.812339266141255512e-01
2.553868343432744159e-01
2.871702710787455426e-01
2.743293742338816510e-01
2.701702068249384747e-01
3.109883864720662250e-01
3.505763312180836810e-01
3.249433736006419049e-01
3.019791841506958008e-01
3.389647404352824078e-01
3.574882845083872662e-01
3.825017511844635010e-01
4.108394781748453961e-01
3.117487728595733643e-01
2.632910609245300293e-01
2.544584472974141254e-01
2.695887486139933453e-01
2.586472481489181519e-01
2.958567837874094830e-01
3.253037333488464355e-01
2.728420098622639789e-01
2.849743614594141827e-01
2.768790821234385358e-01
2.988046507040659772e-01
2.909049540758132935e-01
3.059088736772537231e-01
3.051091978947321759e-01
3.121014932791392194e-01
2.861020465691884174e-01
3.447868824005126953e-01
3.334183295567830219e-01
2.892403552929560528e-01
3.126121660073598041e-01
3.156347473462422504e-01
3.069746792316436768e-01
3.140519956747691022e-01
3.042298754056294574e-01
3.097461561361948834e-01
3.008930881818135394e-01
3.411935369173685895e-01
2.939503292242686139e-01
2.947183400392532349e-01
2.870680342117945538e-01
2.590824216604232788e-01
3.024144768714904785e-01
3.105655014514923096e-01
3.239654699961344586e-01
2.634121378262837543e-01
2.753371347983677997e-01
2.600730260213215961e-01
3.258216679096221924e-01
3.111195067564646588e-01
2.797172119220097675e-01
2.641913096110026227e-01
3.228460351626078473e-01
2.814111659924189435e-01
2.734885215759277344e-01
3.088937799135844098e-01
2.723251829544703351e-01
2.452901502450307303e-01
2.705819060405095233e-01
2.848793566226959229e-01
2.875533451636632098e-01
3.150979777177174701e-01
2.874432901541392194e-01
3.176263570785522461e-01
3.184321373701095581e-01
2.899197538693745746e-01
3.111724654833475934e-01
2.945895592371622906e-01
2.947231233119964600e-01
3.171153465906779156e-01
3.186067442099253522e-01
2.844449480374653949e-01
2.705108722050984515e-01
2.799502760171890259e-01
2.673243284225463867e-01
2.965731819470723285e-01
3.342984815438588275e-01
2.920312186082203998e-01
3.038570682207743512e-01
2.937642435232798444e-01
2.907062272230784283e-01
3.078154424826304303e-01
3.237906396389007568e-01
3.027050495147705078e-01
2.699076533317565918e-01
3.361646533012390137e-01
3.152804871400197162e-01
2.751849442720413208e-01
2.873034675916035785e-01
3.110140562057495117e-01
3.134646415710449219e-01
3.435362577438354492e-01
2.624729573726654053e-01
2.830489228169123517e-01
3.208629886309306012e-01
2.877481877803802490e-01
2.995737046003341675e-01
3.066404263178507672e-01
2.842363367478052960e-01
2.882102727890014648e-01
3.111919065316517963e-01
3.261288702487945557e-01
3.040959586699803485e-01
3.076935311158497943e-01
2.701434989770253314e-01
2.513481030861536847e-01
3.153267006079356061e-01
3.063185612360636578e-01
3.138580024242401123e-01
2.962167759736378803e-01
2.673207173744837628e-01
2.726415097713470459e-01
2.781297465165455951e-01
2.890549202760060443e-01
2.818114856878916608e-01
2.870039790868759155e-01
3.257389465967814313e-01
2.708312471707661762e-01
2.771120319763819562e-01
3.024506171544392719e-01
2.765134871006011963e-01
2.925745546817779541e-01
2.643770873546600342e-01
3.067898551623026715e-01
3.007398645083109723e-01
2.796265184879302979e-01
2.889868319034576416e-01
3.105305631955464496e-01
3.041766087214152203e-01
2.955076793829600201e-01
2.738823841015498028e-01
2.970357785622279034e-01
2.777885496616363525e-01
3.195485174655914307e-01
3.175406455993652344e-01
3.069506287574768066e-01
2.760201940933863507e-01
2.769851684570312500e-01
2.883990605672200336e-01
2.913117706775665283e-01
2.841388334830601825e-01
2.728744298219680786e-01
2.893446634213129864e-01
3.051672379175822125e-01
2.791546086470286236e-01
2.841170132160186768e-01
3.203192551930745258e-01
2.934848169485728131e-01
2.909192691246668683e-01
3.410001099109649658e-01
2.920748790105183734e-01
2.886871794859568463e-01
3.030878255764643536e-01
2.822852879762649536e-01
2.786740859349568500e-01
3.023102382818858014e-01
3.034897794326146259e-01
2.875583122173945294e-01
3.066655695438385010e-01
2.937165796756744385e-01
2.769246498743693219e-01
2.709712982177734375e-01
3.008616169293721332e-01
2.969164699316024780e-01
2.901175022125244141e-01
3.120258947213490619e-01
2.806974301735560284e-01
3.360768159230549945e-01
2.883120377858479633e-01
2.847783962885538922e-01
2.988517532745997296e-01
2.904996027549107684e-01
3.194774488608042584e-01
2.729928394158681049e-01
2.957553366820017682e-01
2.785751223564147949e-01
3.047655622164408551e-01
2.904858092466990338e-01
2.956813275814056396e-01
2.707159668207168579e-01
2.768434733152389526e-01
3.199599385261535645e-01
2.865726749102274762e-01
2.965690493583679199e-01
3.047868808110554828e-01
3.016845583915710449e-01
2.841699322064717426e-01
3.099387983481089459e-01
2.913384536902109967e-01
2.844320038954417096e-01
3.026613394419352399e-01
2.885221789280573712e-01
2.833475818236668720e-01
2.719108710686365948e-01
2.867562572161356793e-01
2.991876502831776752e-01
2.799688527981440411e-01
3.207404315471649170e-01
2.931690762440363751e-01
3.088472584883372174e-01
3.029935459295908795e-01
2.750759373108546124e-01
2.788060506184895648e-01
3.171325623989105225e-01
3.103454709053039551e-01
2.666514019171397076e-01
3.269968529542287006e-01
3.130890528361002789e-01
3.035863836606343402e-01
3.306952516237894879e-01
2.916526397069295062e-01
2.793812652428944721e-01
2.808283915122349872e-01
3.197796940803527832e-01
3.245393733183543072e-01
2.781688620646794452e-01
2.931803613901138306e-01
2.880157878001530780e-01
3.066807289918263568e-01
2.790997525056203021e-01
3.083587884902954102e-01
3.131922086079915180e-01
2.929548571507136212e-01
2.989035844802856445e-01
2.968278626600901471e-01
2.905796170234680176e-01
2.927050789197285785e-01
2.870754202206929340e-01
2.821315328280131207e-01
2.716138511896133423e-01
2.953206747770309448e-01
2.830658704042434692e-01
2.770598133405049457e-01
2.861020366350809918e-01
2.894608328739802228e-01
3.217531343301137103e-01
2.995772461096445904e-01
2.811484982570012225e-01
2.969738344351450787e-01
2.969397902488708496e-01
2.990880509217579974e-01
2.694308608770370483e-01
2.967359771331151141e-01
2.952001194159190045e-01
2.847656806310017719e-01
3.022866348425547467e-01
2.914355397224426270e-01
3.059669236342112408e-01
2.880055407683054791e-01
3.070544103781382428e-01
2.915316224098205566e-01
2.981297075748443604e-01
2.999467551708221436e-01
2.886497726043065204e-01
3.059878051280975342e-01
2.846653262774149762e-01
2.824503481388092041e-01
2.920535902182261334e-01
2.851470162471135272e-01
2.916825314362843646e-01
2.861856967210769653e-01
2.763130068778991699e-01
2.791359970966975079e-01
3.207699557145436420e-01
3.129437019427617206e-01
3.104421099026997699e-01
3.042095402876536236e-01
2.970823546250661029e-01
2.822272727886835919e-01
3.091698785622914447e-01
3.038035631179809570e-01
3.002919753392537250e-01
2.771318505207697735e-01
2.927644004424412860e-01
2.832492887973785400e-01
2.805735617876052856e-01
3.067537943522135602e-01
2.765570481618245258e-01
3.127568165461222516e-01
2.685747593641281128e-01
3.197695513566334857e-01
2.807098279396693097e-01
2.999531428019205914e-01
2.852971553802490234e-01
2.929894030094146729e-01
2.962348560492197858e-01
2.980940540631611957e-01
2.952589392662048340e-01
3.157927840948104858e-01
2.989591856797536029e-01
2.972636769215266095e-01
3.152631421883900775e-01
2.892254143953323364e-01
2.861738900343577252e-01
2.931715647379557477e-01
3.047557175159454346e-01
2.813986490170161114e-01
2.961874107519785748e-01
2.952199677626292096e-01
3.001487404108047485e-01
3.146822651227315082e-01
2.789141039053599225e-01
3.038572669029235840e-01
3.284346461296081543e-01
2.831313163042068481e-01
3.069396615028381348e-01
3.303191264470418109e-01
2.864660471677780151e-01
2.842994580666224347e-01
2.865673055251439227e-01
2.970608025789260864e-01
2.926824490229288922e-01
3.150384575128555298e-01
3.021454612414042340e-01
3.008715808391571045e-01
2.973899791638056622e-01
2.873844852050145282e-01
2.882804870605468750e-01
2.854802558819453107e-01
2.876903017361958637e-01
2.910532057285308838e-01
2.819131712118784772e-01
2.956523299217224121e-01
2.828873445590336932e-01
3.030149241288502826e-01
3.139319817225138531e-01
2.923182398080825806e-01
2.890505244334538593e-01
2.978771328926086426e-01
2.862782279650370465e-01
2.861502319574356079e-01
2.844759921232859479e-01
2.895136078198750629e-01
3.035958607991536273e-01
2.992951571941375732e-01
2.845816413561503277e-01
2.856732805569966449e-01
2.884118507305781232e-01
2.888632218043009625e-01
2.871903578440348492e-01
2.897025843461354389e-01
3.019012709458668842e-01
2.912190357844035016e-01
2.999548812707265033e-01
2.870314170916875018e-01
3.188111583391825543e-01
2.837168922026951923e-01
3.007630805174509869e-01
3.109194537003834857e-01
2.893863966067631854e-01
2.960687379042307721e-01
2.977903087933858051e-01
3.132046759128570557e-01
2.866393526395161762e-01
2.897843718528747559e-01
3.040223419666290283e-01
2.882885684569676532e-01
3.126975198586781635e-01
2.908226698637008667e-01
3.001890579859415875e-01
3.227857301632563458e-01
2.898983409007390155e-01
2.866482983032862530e-01
2.986419002215067731e-01
3.057079712549845563e-01
2.795773098866145001e-01
3.040711681048075543e-01
2.885982890923817767e-01
3.129069258769353046e-01
2.916782299677531110e-01
2.830953349669774188e-01
2.930504083633422852e-01
2.830604563156763898e-01
3.049243440230687274e-01
2.851027299960454120e-01
3.020359774430592670e-01
3.188555687665939331e-01
2.883913516998291016e-01
2.873680343230565204e-01
2.915816456079483032e-01
2.843016386032104492e-01
3.060929079850514545e-01
2.809983193874359131e-01
3.096786737442016602e-01
2.809562534093856812e-01
2.939164787530899048e-01
3.113028357426325665e-01
3.233523170153300152e-01
2.992268800735473633e-01
3.042463163534800397e-01
2.931555658578872681e-01
3.148233890533447266e-01
2.817605336507161273e-01
3.058980305989583148e-01
2.969614267349243164e-01
3.161056538422902240e-01
2.893808235724766864e-01
3.001096347967783795e-01
3.078532715638478412e-01
3.174552917480468750e-01
3.057094117005665912e-01
3.050709466139475690e-01
3.039577156305313110e-01
2.930000623067219867e-01
3.048766851425170898e-01
2.837274422248204364e-01
2.936451335748036517e-01
2.996577620506286621e-01
3.029178778330485211e-01
2.928368697563807355e-01
3.025960276524226056e-01
2.946073412895202637e-01
2.875697811444600238e-01
3.017012278238932477e-01
2.880545904239018573e-01
3.258418242136637555e-01
2.904013097286224365e-01
2.976557215054829730e-01
3.165587683518727435e-01
2.845790684223175049e-01
2.937400043010711670e-01
2.875958134730656757e-01
2.925084729989369525e-01
2.854718118906021118e-01
2.956494341293970929e-01
3.141084760427474976e-01
3.070243497689564838e-01
3.026332557201385498e-01
3.172681033611297607e-01
2.985070347785949707e-01
2.899683366219202862e-01
2.892022530237833844e-01
3.039094209671020508e-01
2.897438108921051025e-01
2.883340865373611450e-01
3.043511460224787579e-01
2.863801519076029645e-01
3.041517436504364014e-01
2.836904426415761127e-01
2.883114665746688843e-01
2.851168662309646606e-01
2.945382197697957172e-01
2.886199156443278180e-01
3.073045412699381695e-01
2.909481624762217389e-01
2.889046718676884784e-01
3.009408911069234027e-01
3.023850321769714355e-01
3.012655079364776611e-01
2.897083212931950702e-01
3.326171239217122211e-01
3.135977089405059814e-01
2.867462535699208392e-01
2.928413748741149902e-01
3.035549124081929340e-01
3.047632376352946149e-01
3.059537808100382672e-01
2.931859791278839111e-01
2.865527768929799213e-01
3.296671758095423566e-01
3.017987112204233990e-01
2.893965740998585834e-01
3.071648478507995605e-01
3.082002600034077777e-01
2.852241496245066510e-01
3.049019674460093365e-01
2.918865978717803955e-01
3.063079714775085449e-01
3.011956413586934223e-01
3.055931280056635724e-01
2.877901444832484112e-01
2.937633593877156390e-01
2.922421991825103760e-01
2.870912055174509869e-01
3.139870762825012207e-01
3.049118816852569580e-01
2.992285788059234619e-01
3.021607001622517719e-01
2.887720465660095215e-01
3.048081696033477783e-01
3.026719391345977783e-01
3.020584682623545514e-01
3.039206365744273053e-01
2.855588595072428570e-01
3.029676675796508789e-01
3.192249437173207416e-01
2.902003576358159198e-01
3.023533324400584088e-01
3.035218218962351666e-01
3.072822342316309796e-01
2.888206889231999530e-01
2.902849415938059674e-01
3.152861595153808594e-01
2.877840995788574219e-01
3.058385699987411499e-01
3.195687035719553815e-01
3.064493238925933838e-01
2.855794578790664673e-01
2.901286929845809937e-01
3.019004662831624164e-01
2.847800105810165405e-01
3.012210925420125140e-01
3.032561441262562885e-01
2.868272910515467511e-01
2.924040158589680805e-01
2.980533142884572162e-01
2.928360899289448871e-01
2.894974499940872192e-01
3.015821079413096295e-01
2.980490128199259625e-01
3.037737210591633930e-01
3.201656043529510498e-01
2.950186530749003277e-01
2.906268735726674213e-01
3.023914297421773090e-01
3.018892109394073486e-01
