6.071951389312744141e-01
4.712360699971516742e-01
4.500197867552439557e-01
4.277814428011576520e-01
3.745428522427876605e-01
3.755395809809367047e-01
3.927718400955200195e-01
3.673626085122426166e-01
3.939204613367716656e-01
3.538668751716613770e-01
3.551475356022517071e-01
3.649543821811676025e-01
3.686797916889190674e-01
3.642729620138804303e-01
3.616524338722229004e-01
3.851490815480549945e-01
4.116582075754801617e-01
4.020493030548095703e-01
3.415783097346623554e-01
3.691067794958750592e-01
3.560766577720642090e-01
3.693700432777404785e-01
3.665356735388438092e-01
3.698119123776753558e-01
3.637253741423289166e-01
3.516761561234791889e-01
3.753156363964080811e-01
3.809910714626312256e-01
3.579965035120646344e-01
3.863576600948969708e-01
3.890417814254760742e-01
3.688266774018605365e-01
3.825293282667796002e-01
3.994586169719696045e-01
3.896049261093139648e-01
3.595384558041890277e-01
3.814374506473541260e-01
3.456762880086898804e-01
3.428535362084706439e-01
3.558422823746998920e-01
3.594707349936167584e-01
3.670395513375599994e-01
3.430968423684437885e-01
3.422613739967346191e-01
3.522511025269826068e-01
4.036331971486409320e-01
3.738417327404022217e-01
3.444860577583312988e-01
3.494162261486053467e-01
3.564010461171467914e-01
3.614907860755920410e-01
3.493832598129908429e-01
3.909212052822113037e-01
3.699961205323537006e-01
3.353380461533864154e-01
3.972652852535247803e-01
3.404655456542968750e-01
3.473413189252217426e-01
3.645775914192199707e-01
2.923195113738377704e-01
3.621827661991119385e-01
3.271416525046030865e-01
3.398328274488449097e-01
3.618942995866139545e-01
3.585763076941172467e-01
3.639884293079376221e-01
3.751590152581532611e-01
3.412870864073435651e-01
3.472762604554494037e-01
3.623798290888468610e-01
3.708994090557098389e-01
3.517965773741404401e-01
3.398962418238322125e-01
3.210007448991139545e-01
3.231131136417388916e-01
3.278381625811259137e-01
2.967245330413182391e-01
3.974842627843220844e-01
3.727344572544097900e-01
3.554559648036956787e-01
3.361528217792510986e-01
3.449820081392924176e-01
3.245561271905899048e-01
3.440942068894703998e-01
2.864892929792404175e-01
3.398336172103881836e-01
2.952420612176259174e-01
4.079446196556091309e-01
3.936305145422617779e-01
3.483954071998596191e-01
3.785462677478790283e-01
3.246998488903045654e-01
3.856311539808909283e-01
4.020972450574238910e-01
3.099425236384074078e-01
3.431460559368133545e-01
2.983373602231343402e-01
4.282641907533009662e-01
4.085502723852793561e-01
3.311870694160461426e-01
2.999806056420008527e-01
3.106157034635543823e-01
3.233116070429484235e-01
3.194021532932917462e-01
2.931073804696400775e-01
2.732529888550440655e-01
2.987599174181620465e-01
3.014334837595621930e-01
3.548032194375991821e-01
2.463934818903605051e-01
2.747505605220794678e-01
2.918442338705062866e-01
2.703156222899754657e-01
2.838779439528782977e-01
2.528705000877380371e-01
2.536382923523585187e-01
2.502316435178120746e-01
3.039488544066746845e-01
2.504308621088663922e-01
2.176843980948130197e-01
2.091466635465621948e-01
2.259673376878102713e-01
2.122498353322347098e-01
2.420550386110941476e-01
1.897179881731669016e-01
2.162921379009882517e-01
1.904382656017939157e-01
2.230545456210772104e-01
3.126765588919321881e-01
3.350440760453541889e-01
2.620894759893417358e-01
3.084470580021540509e-01
2.770552982886632098e-01
2.543612619241078510e-01
2.641655902067820416e-01
2.481742848952611380e-01
2.306057512760162354e-01
2.372781882683435983e-01
1.864699920018514090e-01
1.946460207303365164e-01
1.649744212627410889e-01
1.777701675891876221e-01
1.472431222597757883e-01
1.374814858039220267e-01
1.390949971973896027e-01
1.588524033625920706e-01
2.530366877714793072e-01
1.834493950009346008e-01
1.928753952185312814e-01
1.685621961951255798e-01
1.487354040145874023e-01
1.832900842030843191e-01
1.736855531732241220e-01
2.140517681837081909e-01
2.313311596711476736e-01
2.881532907485961914e-01
2.382938514153162546e-01
1.799733887116114206e-01
1.854596460858980722e-01
1.791278670231501169e-01
2.399482578039169312e-01
2.270532399415969849e-01
1.941283345222473145e-01
1.544330020745595389e-01
1.538979423542817526e-01
1.607638150453567505e-01
1.887664770086606436e-01
3.113510062297185077e-01
3.719659149646759033e-01
3.602378219366073608e-01
3.748026291529337750e-01
3.378423949082692279e-01
2.320863157510757446e-01
2.185456355412801199e-01
1.956719607114791870e-01
1.887515087922414236e-01
1.800683910648027963e-01
1.714892685413360596e-01
1.595785742004712515e-01
2.212456315755844116e-01
1.769159510731697083e-01
2.167139351367950439e-01
2.175436317920684814e-01
1.516339133183161325e-01
1.375395456949869699e-01
1.850964725017547607e-01
1.664256850878397531e-01
1.257572869459787912e-01
1.308318115770816803e-01
1.194420245786507878e-01
1.654490058620770865e-01
1.339449360966682434e-01
1.198649667203426361e-01
2.028729592760404044e-01
2.083968420823415213e-01
2.059946954250335693e-01
1.957822392384211130e-01
1.975832457343737192e-01
1.300760656595230103e-01
1.421380949517091208e-01
1.431954763829708099e-01
1.276525668799877167e-01
1.079974515984455791e-01
1.358969658613204956e-01
1.367535864313443594e-01
1.338854966064294272e-01
1.588848431905110770e-01
1.039323297639687810e-01
1.085432805120944977e-01
1.100701851149400029e-01
1.211541605492432866e-01
1.305066843827565604e-01
1.068896874785423279e-01
1.241455487906932831e-01
1.063765175640583038e-01
1.230726589759190831e-01
1.058170745770136562e-01
1.111183576285839081e-01
1.014016556243101802e-01
1.025676963229974065e-01
9.964989125728607178e-02
1.461898783842722482e-01
1.128080834945042882e-01
1.031107492744922638e-01
1.509412825107574463e-01
1.221706718206405640e-01
1.061242638776699748e-01
1.454148466388384409e-01
1.075945869088172913e-01
1.125362130502859798e-01
1.282126680016517639e-01
1.203387472778558731e-01
1.243499591946601868e-01
1.071918656428654942e-01
9.987595553199450638e-02
1.447672148545583182e-01
1.179563341041405949e-01
9.818006865680217743e-02
9.775932629903157089e-02
1.710504293441772461e-01
1.539995421965917044e-01
1.085250992327928543e-01
1.002627449731032100e-01
1.561811814705530710e-01
1.090155318379402161e-01
9.476190246641635895e-02
1.280322621266047067e-01
9.949400275945663452e-02
1.396924679478009634e-01
1.004864163696765900e-01
1.572703917821248465e-01
1.392758376896381378e-01
9.392442243794600631e-02
1.296709030866622925e-01
1.211199623843034062e-01
1.175437519947687831e-01
9.575215292473633621e-02
1.432363862792650766e-01
1.435639324287573404e-01
9.536049080391724442e-02
8.871945397307474945e-02
1.273736556371053152e-01
1.231556435426076207e-01
1.164648768802483830e-01
1.978570073843002319e-01
1.039113824566205296e-01
1.545670367777347565e-01
1.125120961417754445e-01
1.320045019189516611e-01
1.193404917915662083e-01
9.835995982090632583e-02
1.134460878868897710e-01
9.862052525083224441e-02
1.342360290388266153e-01
9.650581392149130966e-02
1.073273693521817479e-01
1.108969617635011673e-01
1.121399266024430547e-01
9.817198850214481354e-02
9.763681081434090470e-02
1.222463684777418819e-01
1.137271107484896931e-01
8.459026739001274109e-02
1.282817249496777945e-01
1.348475012928247452e-01
1.170452696581681523e-01
1.068858802318572998e-01
1.120472860833009038e-01
1.045881410439809117e-01
1.105580901106198582e-01
1.192509736865758896e-01
1.068224534392356873e-01
1.294646896421909332e-01
9.620649057130019333e-02
1.153245804210503850e-01
8.585126635928948258e-02
1.485056492189566202e-01
1.119945918520291600e-01
1.218442382911841121e-01
1.448183214912811823e-01
1.242137191196282658e-01
8.978533496459324692e-02
1.063742705931266103e-01
1.156161924203236852e-01
1.652166160444418497e-01
1.125983422001202855e-01
1.552297969659169607e-01
1.122037147482236180e-01
9.848251566290855408e-02
1.147860661149024963e-01
1.243142833312352452e-01
1.180215893934170451e-01
1.090100010236104283e-01
1.096931298573811803e-01
1.188790487746397700e-01
1.379408854991197586e-01
1.003528342892726216e-01
1.313381393750508719e-01
8.440230569491784240e-02
9.720322365562121536e-02
1.262554861605167389e-01
1.107244957238435745e-01
1.124330833554267883e-01
1.157424747943878174e-01
9.727150574326515198e-02
9.903658864398796891e-02
1.187107389171918187e-01
1.186457077662150111e-01
9.309542831033468246e-02
1.661984790116548538e-01
1.167362680037816319e-01
9.041736709574858810e-02
1.243725766738255772e-01
1.121339400609334264e-01
8.641191385686397552e-02
9.469199491043885086e-02
9.312888669470946457e-02
1.357313978175322122e-01
1.100045355657736507e-01
1.274632749458154135e-01
9.901893263061840866e-02
1.014344294865926061e-01
1.132429316639900208e-01
9.423690599699814652e-02
9.070163965225219727e-02
1.184126622974872589e-01
8.441405339787404205e-02
1.139685685435930934e-01
8.300967514514923096e-02
1.085849748924374580e-01
1.142481168111165318e-01
1.201256761948267665e-01
1.098087280988693237e-01
1.153759509325027466e-01
9.369385118285815384e-02
1.048964013655980382e-01
8.836453904708226059e-02
9.352647388974826004e-02
1.160370173553625789e-01
1.476659644395112991e-01
1.220573429018259048e-01
9.076956349114577438e-02
9.199480464061100815e-02
1.219548024237155914e-01
1.149736264099677358e-01
9.812937304377555847e-02
1.359035155425468988e-01
9.153893993546564911e-02
9.565127206345398758e-02
1.231314477821191106e-01
1.040808409452438354e-01
8.504463452845811844e-02
1.157086417078971863e-01
1.393700664242108755e-01
9.102387912571430206e-02
1.209524484972159114e-01
1.345815379172563553e-01
9.564977573851744796e-02
1.155124704043070522e-01
8.681279389808575775e-02
1.236668943117062297e-01
1.106507281462351527e-01
1.516363061964511871e-01
9.113991012175877426e-02
1.182362859447797093e-01
9.144967732330162857e-02
1.325193742911020822e-01
1.158262503643830571e-01
9.327790016929309036e-02
1.032279711216688156e-01
1.058424562215805054e-01
1.028099060058593750e-01
1.072986846168835912e-01
1.040841750800609589e-01
1.309962024291356497e-01
1.116628181189298630e-01
1.428695215533176965e-01
8.106526328871647979e-02
9.673484290639559890e-02
1.044569338361422267e-01
1.722427494823932648e-01
9.187237607936064865e-02
9.622237520913283493e-02
9.124082388977210190e-02
9.650482671956221725e-02
9.452297600607077743e-02
9.113044540087382461e-02
9.040633713205654953e-02
1.164609814683596339e-01
1.208210587501525879e-01
1.227832908431688991e-01
1.426729590942462378e-01
8.659768694390852783e-02
9.141587403913338516e-02
1.390675473958253860e-01
8.787106225887934829e-02
1.131075738618771281e-01
1.421274915337562561e-01
1.108811621864636693e-01
9.061682410538196564e-02
1.211301287015279088e-01
9.293092042207717896e-02
1.183656721065441814e-01
9.470712207257747650e-02
1.405974347144365311e-01
1.416981114695469446e-01
1.159927205493052754e-01
1.203345817824204717e-01
1.078708643714586940e-01
1.243575488527615819e-01
9.280402399599552155e-02
1.062272104124228206e-01
1.123404080669085231e-01
1.064592779924472127e-01
1.175327772895495143e-01
1.237673523525397029e-01
9.649983607232570648e-02
1.163314307729403224e-01
9.060548680524031784e-02
1.015624534338712692e-01
1.198564892013867650e-01
1.041146237403154373e-01
1.267148902018865042e-01
1.047099983940521922e-01
9.933109767735004425e-02
9.217294243474800919e-02
8.931930549442768097e-02
9.052808738003174927e-02
8.659948067118723725e-02
1.126658916473388672e-01
1.233869561304648671e-01
9.608874532083670761e-02
9.396085826059182022e-02
1.122843256841103282e-01
1.210977900773286819e-01
8.614341355860233307e-02
9.570755312840144302e-02
9.271982250114281510e-02
1.108966668446858678e-01
1.085417220989863124e-01
9.340797240535418655e-02
1.429968463877836771e-01
1.014108167340358052e-01
1.442290917038917542e-01
1.002563772102196965e-01
1.077165876825650487e-01
9.257231745868921280e-02
1.005503156532843861e-01
1.460999765743812018e-01
8.952491854627926682e-02
1.143507162729899135e-01
8.767109022786219452e-02
1.159888419012228694e-01
1.651677247136831284e-01
9.812151764829953049e-02
1.001959890127182007e-01
1.000924594700336456e-01
1.172600314021110535e-01
9.324835489193598892e-02
1.482936063160499029e-01
1.178415250033140182e-01
1.179701704531908035e-01
9.322462913890679215e-02
1.121979355812072754e-01
9.651100325087706711e-02
9.377632973094780777e-02
8.944369293749332428e-02
9.589279349893331528e-02
1.105712105830510411e-01
1.232659767071406093e-01
9.678029827773571014e-02
1.437866731236378259e-01
1.293690030773480826e-01
1.088499190906683650e-01
1.382161018749078207e-01
1.223985136797030721e-01
9.073662633697192337e-02
1.130581026275952611e-01
9.267855808138847351e-02
8.616648366053898667e-02
1.210772146781285558e-01
1.467512405167023248e-01
9.469010929266612198e-02
1.179886342336734090e-01
9.609198073546092178e-02
1.423810354123512811e-01
9.513752162456512451e-02
1.419791659961144037e-01
9.537465249498684738e-02
1.205918670942385945e-01
1.174196178714434352e-01
1.284638320406278067e-01
1.238910133639971461e-01
9.709719009697437286e-02
1.237154627839724269e-01
1.216281453768412318e-01
9.766494358579318191e-02
1.218529244263966832e-01
1.013357049475113597e-01
1.435691043734550476e-01
9.678510017693042755e-02
1.047851778566837311e-01
1.183850516875584874e-01
9.945150154332320358e-02
1.164541517694791112e-01
9.049633114288251068e-02
9.560851504405339096e-02
9.873390756547451019e-02
1.012349824110666957e-01
9.356733101109664108e-02
1.173142362385988235e-01
9.272397371629874374e-02
1.473289212832848138e-01
9.598456509411334991e-02
9.552596509456634521e-02
9.227098276217778061e-02
1.005248725414276123e-01
9.525752564271290634e-02
9.428773572047551010e-02
1.443398054689168930e-01
9.438866314788658951e-02
8.976653218269348145e-02
9.499186960359413956e-02
9.499246440827846527e-02
1.149733196943998337e-01
9.907398124535878037e-02
9.684102299312750961e-02
1.239060610532760620e-01
1.457318775355815887e-01
1.178896874189376831e-01
1.003188999990622249e-01
9.832391515374183655e-02
1.174668272336324010e-01
9.765517897903919220e-02
1.244731967647870335e-01
1.184505919615427699e-01
9.387827664613723755e-02
9.531012301643689011e-02
9.427121716241042282e-02
9.887310614188511704e-02
1.024928775926430974e-01
9.959892680247624253e-02
9.954461082816123962e-02
1.196381393820047379e-01
9.710960462689399719e-02
1.220024755845467296e-01
1.238580519954363551e-01
1.223581482966740880e-01
9.335182048380374908e-02
1.241648631791273799e-01
1.249522355695565495e-01
1.174663503964741978e-01
1.406162964800993509e-01
9.785303846001625061e-02
1.007204937438170161e-01
1.271373561273018427e-01
1.142374351620674133e-01
1.164148685832818303e-01
1.456791249414285117e-01
9.741755264500777389e-02
1.210902531941731725e-01
1.002004494269688878e-01
9.711887749532858993e-02
1.198634989559650421e-01
1.231478607902924266e-01
1.240462474524974823e-01
1.201677285134792328e-01
1.209460118164618764e-01
1.164915462334950719e-01
9.013216911504666473e-02
1.215040913472573009e-01
1.203674674034118652e-01
1.208771814902623448e-01
1.195955251653989110e-01
9.488680151601631974e-02
9.602258726954460144e-02
1.169257437189420018e-01
9.898564840356509353e-02
9.589271247386932373e-02
9.523210426171620224e-02
1.248226538300514221e-01
9.610367193818092346e-02
9.615116442243258621e-02
9.926500171422958374e-02
9.597077717383702133e-02
1.208076253533363342e-01
9.434193000197410583e-02
1.211357799669106755e-01
1.212456294645865712e-01
9.592375593880812790e-02
9.715318617721398209e-02
1.226707131912310872e-01
1.225139045466979298e-01
9.901454796393711899e-02
9.458316241701443527e-02
1.220760264744361195e-01
1.168951417009035793e-01
1.239337964604298320e-01
1.206240796794493947e-01
1.229337602853775024e-01
9.575338972111542557e-02
9.618082145849864151e-02
1.201115089158217158e-01
9.875515786310036515e-02
1.185448331137498174e-01
9.467419423162937164e-02
9.759644170602162216e-02
1.016031801700592041e-01
9.666814096271991730e-02
9.809869838257630204e-02
1.242996628085772243e-01
1.208275090903043747e-01
1.420349385589361191e-01
1.272670129934946603e-01
1.210988151530424800e-01
9.876500690976779129e-02
1.215325674662987437e-01
9.690004897614319657e-02
1.181715403993924413e-01
1.213952768594026566e-01
1.230948163817326274e-01
9.842176983753840591e-02
1.222568346808354106e-01
9.857322213550408219e-02
9.606310166418552399e-02
9.484641191860039566e-02
1.227847784757614136e-01
1.202697449674208913e-01
1.204575200875600133e-01
1.463840951522191458e-01
9.699162530402342941e-02
1.483907513320446014e-01
1.190707298616568294e-01
1.187482917060454640e-01
9.952615201473236084e-02
1.206935737282037735e-01
1.254635720203320093e-01
1.174377575516700745e-01
9.934117334584395553e-02
9.674248285591602325e-02
1.209671820203463283e-01
9.773361186186473037e-02
1.200805784513552937e-01
9.507582026223342087e-02
9.616998955607414246e-02
1.472500481953223639e-01
1.178659014403820038e-01
1.001620739698410034e-01
1.214564169446627345e-01
1.232006152470906529e-01
9.715751310189564560e-02
1.230866884191830907e-01
9.785581069688002731e-02
9.780446005364258621e-02
1.008381197849909511e-01
9.734402845303218033e-02
9.734631391863028671e-02
9.487966634333133698e-02
9.811496796707312729e-02
1.005919612944126129e-01
9.582346739868323471e-02
1.253629792481660843e-01
9.777765410641829635e-02
1.458024680614471436e-01
1.225442116459210667e-01
9.535241530587275360e-02
9.579679494102795456e-02
1.233908608555793762e-01
1.029594602684179988e-01
1.160077114279071536e-01
1.262588730702797479e-01
1.248638331890106201e-01
1.231478427847226415e-01
1.490418805430332727e-01
1.204793428381284032e-01
9.634691600998242234e-02
9.646802457670371200e-02
1.244951232026020732e-01
1.257656017939249582e-01
9.732598749299843643e-02
9.747446017960707809e-02
9.710372177263100479e-02
1.237613055855035782e-01
9.797709311048190262e-02
1.226713638752698898e-01
1.460603916396697455e-01
1.218987057606379237e-01
1.218654314676920619e-01
1.219854479034741673e-01
9.802132099866867065e-02
9.984858954946200515e-02
9.829750222464402054e-02
9.664255132277806137e-02
9.525439826150734757e-02
9.942270256578922272e-02
9.879999297360579635e-02
9.669741615653038025e-02
9.865657364328701828e-02
9.826876160999138687e-02
1.467019561678171158e-01
1.213614909599224773e-01
9.736398917933304642e-02
1.215504705905914307e-01
1.211242588857809749e-01
9.900413639843463898e-02
9.608962511022885178e-02
1.000856223205725398e-01
1.227598612507184300e-01
9.677200826505820419e-02
1.218785184125105586e-01
1.204699215789635930e-01
1.235724333673715591e-01
1.203813496977090836e-01
1.217679455876350403e-01
1.205065945784250941e-01
1.217898465692996979e-01
1.214178477724393163e-01
9.880004699031512405e-02
1.231433997551600185e-01
9.781785123050212860e-02
9.829517950614292954e-02
9.895635209977626801e-02
9.712643176317214966e-02
1.203582584857940674e-01
9.726965365310509537e-02
9.661064234872658585e-02
9.648252589007218216e-02
1.468258934716383524e-01
1.464893457790215903e-01
1.443495247513055801e-01
1.228027641773223877e-01
1.221188753843307495e-01
9.699100442230701447e-02
1.232422441244125366e-01
1.451441024740537100e-01
1.004028270641962733e-01
9.692658608158429001e-02
9.764420303205649521e-02
9.689070532719294693e-02
9.741453640162944794e-02
1.001052260398864746e-01
9.820527459184329178e-02
1.012593402216831889e-01
9.542208475371201370e-02
1.480114981532096863e-01
9.675486385822296143e-02
1.225109615673621449e-01
9.842444832126300003e-02
9.898667782545089722e-02
1.220453878243764195e-01
1.214519869536161423e-01
9.913573972880840302e-02
1.465708718945582800e-01
1.225682596365610805e-01
1.233502328395843506e-01
1.237064152956008911e-01
1.205177474766969681e-01
9.859321080148220062e-02
1.205831598490476608e-01
1.017862788091103282e-01
9.695980573693911697e-02
1.215959439675013271e-01
1.210339640577634129e-01
1.229258744666973796e-01
1.220732157429059300e-01
9.719837456941604614e-02
1.229958410064379420e-01
1.261621514956156320e-01
9.755178230504195358e-02
1.454508490860462189e-01
1.478419850269953317e-01
9.753717978795369004e-02
9.839205878476302292e-02
9.882978039483229782e-02
9.875378074745337631e-02
1.201017647981643677e-01
1.464298671732346124e-01
1.224939500292142186e-01
1.221129819750785828e-01
1.223944953332344737e-01
9.910595851639907028e-02
9.775100462138652802e-02
9.778638680775959824e-02
9.877026888231436874e-02
9.851590109368164871e-02
9.823804348707199097e-02
1.003692013521989140e-01
9.738590754568576813e-02
1.224108915776014328e-01
1.469025034457445145e-01
9.863052641352017258e-02
9.877717805405457352e-02
1.216200757771730423e-01
9.883047516147296097e-02
9.678151054928700592e-02
9.808061768611271714e-02
9.863929077982902527e-02
1.226883704463640895e-01
1.223314100255568776e-01
9.824045809606711532e-02
9.818273782730102539e-02
9.756094403564929962e-02
9.883043294151623581e-02
9.823087354501087998e-02
9.922767058014869690e-02
1.227864045649766922e-01
9.943068896730740402e-02
1.223090216517448425e-01
9.796816545228163864e-02
1.479676365852355957e-01
9.798945176104705002e-02
1.222716104239225388e-01
1.242137576142946925e-01
1.203149147331714630e-01
9.929859079420566559e-02
1.223429068922996521e-01
1.457721032202243805e-01
9.908697133262951706e-02
9.858747944235801697e-02
1.235607465108235631e-01
9.807982916633288528e-02
1.453957383831342154e-01
9.947103199859459732e-02
1.216598382840553966e-01
1.690440972646077566e-01
9.898626742263634537e-02
9.820680568615595962e-02
1.229890380054712296e-01
1.231378341714541164e-01
9.612500108778476715e-02
1.230528553326924596e-01
9.815154410898685455e-02
1.466616032024224692e-01
9.880413301289081573e-02
9.796425576011340286e-02
9.980415552854537964e-02
9.726142883300781250e-02
1.237412939469019618e-01
9.803024244805176590e-02
1.226577634612719264e-01
1.479016641775766916e-01
9.809137322008609772e-02
9.828430848817031051e-02
9.898153071602185105e-02
9.851300716400146484e-02
1.220802366733551025e-01
9.740591235458850861e-02
1.221669738491376195e-01
9.816164647539456223e-02
9.898538639148075913e-02
1.458798466871182031e-01
1.481027677655220032e-01
1.225457948942979131e-01
1.229407172650098801e-01
1.211711733291546550e-01
1.246829330921173096e-01
9.767981308201949264e-02
1.226377816249926839e-01
1.222640002767245021e-01
1.462434045970439911e-01
9.816817132135231827e-02
1.237750550111134801e-01
1.243879695733388219e-01
1.474810087432464056e-01
1.239241758982340541e-01
1.247278333952029500e-01
1.238856532921393666e-01
9.943291110297043656e-02
1.231360857685406957e-01
9.755666802326838638e-02
1.002619216839472499e-01
1.224568809072176662e-01
1.221644878387451172e-01
9.854860790073871613e-02
1.231370549649000168e-01
1.005021917323271480e-01
9.840902313590049744e-02
1.217166706919670105e-01
9.867614569763343002e-02
1.486424896866083145e-01
9.926791613300640915e-02
1.018423674007256780e-01
1.476186271756887436e-01
9.792954536775748398e-02
9.944917509953181411e-02
9.820655857523281906e-02
9.929043178757031296e-02
9.821659885346889496e-02
9.943658423920472000e-02
1.473115719854831696e-01
1.235573962330818176e-01
1.225659996271133423e-01
1.464765177418788367e-01
1.218673537174860683e-01
9.861025710900624131e-02
9.834564166764418747e-02
1.227486779292424474e-01
9.933402885993321274e-02
9.834057154754798080e-02
1.232636800656716075e-01
9.823457027475039627e-02
1.226646900177001953e-01
9.711510377625624801e-02
9.815699793398380280e-02
9.796819587548573349e-02
9.947383093337218429e-02
9.914369322359561920e-02
1.234724186360836029e-01
9.963583511610825394e-02
9.810805879533290863e-02
1.234830133616924286e-01
1.231243982911109924e-01
1.221804519494374547e-01
9.846984657148520614e-02
1.719204386075337820e-01
1.463238634169101715e-01
9.849094972014427185e-02
9.867710495988528396e-02
1.234301496297121048e-01
1.239363253116607666e-01
1.241991911083459854e-01
1.001841376225153651e-01
9.756217772761981155e-02
1.706675750513871603e-01
1.234714829673369679e-01
9.870441878835360672e-02
1.252496714393297739e-01
1.241804709037144933e-01
9.768126221994559433e-02
1.229727137833833694e-01
1.201584935188293457e-01
1.234363832821448598e-01
1.229935207714637074e-01
1.240029161175092015e-01
9.875173990925152634e-02
9.970587181548278000e-02
9.992307921250660752e-02
9.823227114975452423e-02
1.463066774109999246e-01
1.234783846884965897e-01
1.212899759411811829e-01
1.226995810866355896e-01
9.831008004645507004e-02
1.240679671367009435e-01
1.222606934607028961e-01
1.234205439686775208e-01
1.227175258100032806e-01
9.759315662086009979e-02
1.233676771322886195e-01
1.482205117742220468e-01
9.888992210229237412e-02
1.229873988777399063e-01
1.228112975756327357e-01
1.239798913399378505e-01
9.861805724600951339e-02
9.945289728542168473e-02
1.471530068665742874e-01
9.820906755824883316e-02
1.240725790460904393e-01
1.475833269457022257e-01
1.237864842017491612e-01
9.741898626089096069e-02
9.881597881515820359e-02
1.222807162751754079e-01
9.780252290268738602e-02
1.228185364355643544e-01
1.228773072361946106e-01
9.818801718453566696e-02
9.999415650963783264e-02
1.219170739253361974e-01
9.959204929570357467e-02
9.939212538301944733e-02
1.227850926419099126e-01
1.216877798239390102e-01
1.239495202898979187e-01
1.479536679883798056e-01
1.010379182795683589e-01
9.913206038375695084e-02
1.226269577940305028e-01
1.222404936949412074e-01
