1.925725400447845514e-01
1.224466264247894287e-01
1.042940855026245062e-01
1.312673807144165150e-01
1.142008304595947266e-01
7.768245786428451538e-02
1.042911052703857366e-01
1.044507130980491666e-01
9.766942411661147516e-02
9.452075287699698847e-02
8.889194726943969171e-02
8.836611658334732333e-02
9.141061604022979181e-02
7.810273319482803622e-02
9.474935829639434537e-02
1.036105647683143588e-01
1.016415990889072418e-01
9.007207453250884455e-02
9.506686478853225430e-02
9.698599278926849088e-02
1.189832121133804349e-01
1.086611926555633573e-01
9.198438227176666815e-02
9.802906811237335760e-02
9.332009553909301203e-02
7.724370658397675116e-02
8.570648282766342441e-02
8.172896206378936490e-02
8.133853077888489325e-02
7.116706818342208307e-02
6.148921325802803040e-02
6.265531703829765875e-02
6.536150202155113775e-02
6.343963146209716242e-02
6.258055940270423889e-02
5.546939522027969499e-02
5.575821474194526950e-02
6.547903567552566806e-02
7.335138618946075717e-02
6.120800971984863281e-02
5.896691158413887301e-02
6.088672876358032504e-02
6.837719678878784180e-02
6.298430114984512884e-02
5.991430133581161777e-02
8.035451769828796942e-02
7.554647326469421387e-02
8.704189136624336520e-02
7.738349139690399447e-02
8.688508570194244940e-02
7.765282317996025085e-02
6.530777961015701849e-02
5.817907676100730896e-02
5.423863008618354936e-02
5.567272901535034318e-02
6.093319505453109741e-02
6.110701784491538724e-02
6.241780519485473633e-02
5.698549821972846707e-02
5.311400070786476135e-02
5.163059234619140486e-02
5.106719583272933960e-02
5.377622917294502120e-02
5.613206252455711642e-02
5.549783259630203247e-02
5.186039134860039035e-02
5.124997571110725264e-02
5.030299872159958025e-02
5.100951790809631070e-02
5.436773076653480391e-02
5.811972245573997220e-02
6.624532490968704224e-02
7.197667807340621393e-02
6.862947419285773953e-02
6.643336787819861811e-02
6.346491426229476651e-02
6.101476922631263872e-02
5.976220220327377319e-02
5.770655721426010132e-02
5.712584704160690585e-02
6.203400194644927840e-02
6.307173967361449918e-02
7.127591967582702637e-02
6.945492774248122891e-02
6.880707964301109592e-02
6.458455696702003479e-02
6.239590346813202182e-02
5.974312052130699435e-02
6.146008595824241361e-02
5.904068574309349199e-02
5.890929624438286105e-02
5.849418565630912920e-02
5.636473223567008833e-02
5.778103545308112959e-02
5.879629105329513272e-02
5.696744397282600680e-02
5.558512136340141435e-02
5.411429107189178606e-02
5.460866466164589206e-02
5.373885408043861667e-02
5.331039354205131808e-02
5.445726290345191678e-02
5.282803997397422791e-02
5.263000503182411333e-02
5.179034993052482327e-02
5.165894329547882080e-02
5.150078237056732178e-02
5.062225162982940396e-02
5.016731396317482272e-02
4.983170777559280118e-02
4.985404238104820113e-02
4.963367059826850891e-02
4.857236072421074191e-02
4.872950688004493852e-02
4.764015302062034329e-02
4.758937433362007280e-02
4.740802720189094682e-02
4.677158370614051958e-02
4.742476865649223466e-02
4.699919596314430098e-02
4.632282555103302280e-02
4.611449316143989563e-02
4.691095314919948439e-02
4.661502614617347995e-02
4.717324748635291776e-02
4.600099101662635803e-02
4.578574672341347018e-02
4.548155143857002258e-02
4.385811462998390198e-02
4.358539953827857832e-02
4.367487579584121427e-02
4.350347071886062622e-02
4.291597008705139160e-02
4.296067282557487765e-02
4.382060915231704434e-02
4.216632544994354526e-02
4.135712683200835904e-02
4.142429530620574812e-02
4.072836264967918257e-02
4.167912304401397844e-02
4.051987007260322848e-02
3.943609297275543074e-02
3.972848542034625868e-02
4.036009088158607622e-02
3.964388817548751553e-02
4.069307595491409441e-02
4.061159081757068773e-02
3.881916515529156009e-02
3.797149695456027846e-02
3.757838271558285037e-02
3.846163973212242404e-02
3.892583921551704546e-02
4.167869836091995378e-02
4.162842854857444486e-02
3.756897971034049710e-02
3.659236431121826172e-02
3.690147362649440904e-02
3.763040527701377869e-02
3.614990413188934326e-02
3.503062352538108964e-02
3.495905362069606781e-02
3.639994561672210693e-02
3.575146719813347002e-02
3.459959514439105849e-02
3.558424338698387007e-02
3.476732000708580156e-02
3.426787443459033966e-02
3.423346020281314850e-02
3.331532180309295516e-02
3.331005275249480924e-02
3.317879028618335446e-02
3.187067545950413028e-02
3.025364801287650993e-02
2.910952419042587419e-02
3.002423048019409180e-02
2.854920476675033500e-02
2.694923654198646407e-02
2.812427319586276869e-02
2.692578844726085593e-02
2.673667408525943687e-02
2.684038281440735002e-02
2.659122757613658836e-02
2.516890950500965188e-02
2.580158971250057220e-02
2.478396557271480422e-02
2.417735625058412691e-02
2.407716251909732680e-02
2.377058267593383858e-02
2.308991774916648726e-02
2.300873585045337677e-02
2.177162058651447435e-02
2.241942510008811812e-02
2.476547136902809004e-02
2.228042110800743103e-02
2.307827174663543840e-02
2.256009802222251961e-02
2.053511515259742737e-02
2.032153196632862160e-02
2.049051858484745095e-02
1.994445770978927474e-02
1.936522834002971788e-02
2.057053986936807632e-02
1.869220361113548348e-02
1.839146073907613893e-02
1.860637143254280021e-02
1.791960690170526366e-02
1.746929846704006056e-02
1.710150428116321425e-02
1.720050089061260154e-02
1.662575080990791321e-02
1.631535757333040307e-02
1.606656704097986221e-02
1.641020569950342109e-02
1.755203884094953468e-02
1.723834462463855882e-02
1.623498722910881112e-02
1.611940115690231254e-02
1.526685561984777485e-02
1.554022710770368645e-02
1.571595594286918571e-02
1.506311595439910854e-02
1.503175981342792442e-02
1.495111174881458282e-02
1.504361610859632561e-02
1.468743477016687393e-02
1.415056400001049076e-02
1.432380098849534919e-02
1.361888647079467773e-02
1.356133576482534443e-02
1.338060777634382179e-02
1.324903909116983448e-02
1.278789937496185337e-02
1.253337841480970348e-02
1.220786338672041893e-02
1.208275239914655651e-02
1.193537469953298569e-02
1.189830154180526733e-02
1.205778047442436149e-02
1.174199730157852138e-02
1.122991461306810379e-02
1.108784321695566177e-02
1.084663178771734168e-02
1.076997537165880203e-02
1.064010495319962432e-02
1.060335384681820869e-02
1.090496480464935372e-02
1.118235643953085015e-02
1.374609563499689172e-02
1.132539147511124611e-02
1.306713707745075191e-02
1.099720746278762783e-02
1.170701235532760690e-02
1.114069065079092979e-02
1.102244034409522941e-02
1.095838360488414834e-02
1.065333634614944527e-02
1.058913739398121764e-02
1.243569459766149556e-02
1.163065917789935996e-02
1.069628037512302364e-02
1.351135103031992843e-02
1.068530278280377388e-02
1.088198227807879448e-02
1.067957393825054099e-02
1.040264349430799519e-02
1.070804558694362675e-02
1.074167173355817725e-02
1.022636722773313453e-02
9.296351671218871723e-03
9.416400454938411713e-03
9.339289646595716823e-03
9.452339727431535721e-03
8.882110100239514958e-03
9.013857878744601509e-03
9.478728845715522419e-03
9.035707078874110829e-03
8.564987964928150871e-03
8.583114482462406158e-03
9.170231595635413430e-03
8.606099244207143090e-03
8.058492932468653072e-03
7.845019735395909050e-03
7.690999470651149576e-03
7.540317438542843038e-03
7.630011253058910543e-03
7.532474771142006094e-03
7.482638489454985012e-03
7.603051979094744076e-03
7.135758455842733210e-03
6.965506915003060948e-03
7.037134561687708074e-03
6.904572807252406727e-03
6.873341556638479059e-03
6.918063946068286549e-03
7.154365070164203644e-03
7.223578356206417257e-03
7.510324474424123764e-03
6.899869441986084331e-03
6.710873637348413641e-03
6.956981215626001532e-03
7.362048048526049007e-03
6.720704026520252228e-03
6.903313100337982178e-03
6.842889590188860893e-03
7.962378207594156265e-03
6.396416295319795782e-03
6.517356447875499899e-03
6.398808397352695639e-03
6.509645842015743256e-03
6.327170319855213512e-03
6.317042838782071720e-03
6.182108912616968502e-03
6.055674608796834599e-03
5.945000704377889980e-03
5.983025720342993910e-03
5.965515039861202240e-03
6.035886332392692219e-03
5.942122451961040844e-03
5.737606529146432530e-03
5.515815736725926226e-03
5.501183960586786097e-03
5.668015265837311571e-03
5.643963068723678762e-03
5.616308143362403089e-03
5.654693115502595901e-03
5.724606569856405258e-03
5.755360703915357590e-03
5.633470043540001262e-03
5.510334391146898270e-03
5.694118980318308050e-03
5.641432851552963604e-03
6.348001863807439457e-03
5.291604856029153044e-03
5.656428635120391846e-03
5.364679731428623199e-03
5.340096075087785721e-03
5.121912667527794491e-03
5.054753785952925509e-03
4.977972060441970652e-03
4.852796485647558992e-03
4.905446711927652186e-03
4.933310439810156822e-03
4.890372185036540378e-03
4.807322891429067005e-03
4.735263949260115797e-03
4.700859310105443001e-03
4.664398543536662882e-03
4.646104061976075172e-03
4.644316202029585665e-03
4.636691510677337300e-03
4.549959162250161344e-03
4.461963940411805933e-03
4.436243977397680456e-03
4.417254868894815271e-03
4.456836776807904070e-03
4.404615983366966595e-03
4.371815081685781652e-03
4.345714719966054310e-03
4.311167169362306595e-03
4.299963312223553831e-03
4.407590953633189201e-03
4.630610439926385533e-03
4.438561014831065785e-03
4.262679116800427090e-03
4.443544335663318981e-03
4.495763545855879437e-03
4.282266413792967623e-03
4.173511173576116562e-03
4.210433643311262304e-03
4.196854075416922569e-03
4.042400419712066997e-03
4.038859950378536831e-03
3.946668375283480037e-03
3.912456566467881203e-03
3.903670702129602432e-03
3.917277464643121113e-03
3.868670761585235682e-03
4.227229719981550823e-03
4.157807864248752767e-03
4.196132952347397978e-03
4.015519516542553902e-03
3.970250487327575684e-03
3.870524652302265341e-03
4.235096229240298445e-03
4.300618357956409281e-03
4.136419482529163014e-03
3.890011040493845766e-03
3.876633802428841678e-03
3.822531970217824156e-03
3.893665922805667097e-03
3.745532874017953699e-03
3.914509946480393236e-03
3.810296487063169653e-03
4.033998027443886150e-03
3.758482425473630342e-03
3.734606690704822454e-03
3.703590063378214663e-03
3.773534623906016523e-03
3.698235237970948306e-03
3.935103118419647043e-03
3.563399799168109807e-03
3.689073259010910988e-03
3.562830737791955471e-03
3.624741220846772194e-03
3.565931553021073428e-03
3.552140668034553528e-03
3.553276835009455854e-03
3.530084574595093901e-03
3.499919455498456868e-03
3.565395670011639769e-03
3.468077536672353658e-03
3.613174613565206701e-03
3.485033754259347916e-03
3.538335626944899732e-03
3.412444517016410741e-03
3.603354841470718210e-03
3.438728349283337767e-03
3.428486781194806012e-03
3.439321229234337633e-03
3.386144619435072032e-03
3.389461198821663857e-03
3.365693753585219297e-03
3.361920593306422234e-03
3.338218573480844411e-03
3.325667930766940117e-03
3.312681429088115779e-03
3.300422243773937139e-03
3.278606384992599314e-03
3.269408224150538531e-03
3.313127392902970487e-03
3.254744131118059072e-03
3.250971389934420759e-03
3.246690193191170519e-03
3.245927393436431885e-03
3.262596810236573133e-03
3.221427462995052251e-03
3.214519796893000689e-03
3.201681887730956078e-03
3.287435439415275877e-03
3.180044051259755915e-03
3.201514901593327696e-03
3.172978083603084001e-03
3.142801765352487738e-03
3.144520241767167958e-03
3.159965062513947400e-03
3.153354208916425531e-03
3.108137706294655973e-03
3.128261724486947233e-03
3.162407595664262598e-03
3.120433655567467213e-03
3.111039567738771265e-03
3.061439446173608477e-03
3.051420161500573332e-03
3.049600776284933003e-03
3.046714374795555982e-03
3.035153029486536980e-03
3.014574106782674616e-03
3.013777267187833959e-03
3.019237332046031865e-03
3.013533586636185473e-03
3.003182215616107074e-03
3.079710807651281183e-03
2.999492967501282518e-03
3.056762088090181177e-03
3.027464402839541349e-03
2.993022464215755376e-03
3.009138768538832578e-03
2.946435892954468901e-03
3.038161876611411658e-03
2.960052806884050369e-03
2.998817036859691056e-03
2.959426632151007566e-03
2.942914259620010853e-03
2.927139983512461185e-03
2.904427424073219473e-03
2.934788819402456284e-03
2.884049154818058187e-03
2.845052443444728678e-03
2.845305157825350675e-03
2.825966803357005119e-03
2.828202396631241018e-03
2.808782784268259829e-03
2.836081897839903831e-03
2.816175017505884084e-03
2.877139626070856961e-03
2.894222829490900126e-03
2.861874666996300134e-03
2.806027233600616282e-03
2.752359048463404092e-03
2.751699462532996958e-03
2.760362718254327687e-03
2.834972552955150691e-03
2.781477081589400682e-03
2.779954532161355192e-03
2.788154338486492460e-03
2.987491479143500155e-03
2.757436549291014845e-03
2.915187063626944932e-03
2.700664498843252485e-03
2.809165557846426790e-03
2.685678657144308090e-03
2.683069836348295038e-03
2.700242795981466770e-03
2.657280373387038881e-03
2.699481346644461068e-03
2.655065269209444523e-03
2.658709487877786333e-03
2.648220537230372342e-03
2.648486173711717129e-03
2.637873077765107068e-03
2.652907697483897383e-03
2.645445638336241245e-03
2.639993373304605311e-03
2.633633534424007026e-03
2.627689926885068590e-03
2.625733870081603440e-03
2.628824929706752214e-03
2.623273036442697135e-03
2.624410949647426432e-03
2.621940639801323587e-03
2.612369181588291948e-03
2.611677884124219331e-03
2.607330121099948796e-03
2.607831987552344712e-03
2.600207552313804713e-03
2.608023630455136126e-03
2.596799214370548552e-03
2.597980271093547518e-03
2.586136315949261275e-03
2.589450497180223291e-03
2.589778415858745488e-03
2.588256541639566248e-03
2.615875587798654946e-03
2.563893469050526532e-03
2.576533844694495114e-03
2.574003417976200581e-03
2.577645634301006621e-03
2.560094022192060861e-03
2.568068215623497963e-03
2.555001853033900348e-03
2.553139161318540400e-03
2.563034021295607263e-03
2.539913752116262913e-03
2.575468504801392555e-03
2.530041895806789225e-03
2.536037331447005359e-03
2.534914948046207601e-03
2.529795607551932422e-03
2.529144077561795625e-03
2.536217682063579559e-03
2.527078520506620320e-03
2.575693954713642771e-03
2.594238589517772284e-03
2.532329806126653975e-03
2.524280501529574221e-03
2.504657930694520560e-03
2.558076335117220705e-03
2.501592040061950684e-03
2.544340235181152734e-03
2.508036978542804891e-03
2.499003382399678404e-03
2.505279378965497017e-03
2.486117416992783546e-03
2.489750320091843432e-03
2.480240329168736848e-03
2.485758555121719664e-03
2.508649090304970915e-03
2.492526499554515058e-03
2.468682522885501211e-03
2.456837869249284441e-03
2.458886243402957916e-03
2.450398332439362829e-03
2.453044243156910116e-03
2.455150312744081194e-03
2.450386295095086098e-03
2.438458940014243213e-03
2.439527818933129137e-03
2.437859168276190844e-03
2.456579101271927443e-03
2.433081390336155891e-03
2.450178726576268673e-03
2.428033482283353892e-03
2.433765027672052210e-03
2.437274670228362083e-03
2.427973644807934848e-03
2.429663529619574634e-03
2.421306772157549945e-03
2.424847194924950686e-03
2.426244597882032221e-03
2.408419782295822924e-03
2.409642678685486317e-03
2.405844023451209155e-03
2.420461177825927648e-03
2.392164967022836382e-03
2.394675672985613173e-03
2.397779654711484736e-03
2.383752097375691111e-03
2.381582767702639016e-03
2.383330278098583135e-03
2.370860590599477118e-03
2.385972463525831526e-03
2.367951709311455575e-03
2.392157400026917631e-03
2.363506308756768877e-03
2.378852362744510087e-03
2.365073119290172880e-03
2.376326336525380698e-03
2.364212996326386929e-03
2.373045939020812338e-03
2.359928493387996977e-03
2.368972753174602985e-03
2.360291080549359322e-03
2.362114866264164361e-03
2.362434519454836845e-03
2.355264988727867517e-03
2.358848368749022397e-03
2.355296676978468721e-03
2.356005925685167399e-03
2.351899002678692514e-03
2.353744138963520440e-03
2.347102435305714434e-03
2.353955688886344259e-03
2.345941052772104653e-03
2.345901867374777967e-03
2.349681593477725896e-03
2.343294443562626839e-03
2.344339014962315646e-03
2.334029390476644126e-03
2.353286766447126692e-03
2.334463223814964121e-03
2.341329120099544525e-03
2.337142219766974536e-03
2.334454259835183447e-03
2.339443471282720392e-03
2.329024882055818861e-03
2.332979976199567144e-03
2.333080931566655809e-03
2.317753946408629504e-03
2.375454921275377100e-03
2.320872433483600443e-03
2.325792261399328535e-03
2.365047950297593984e-03
2.309590042568743055e-03
2.363219298422336492e-03
2.334436634555459023e-03
2.322257054038345727e-03
2.333945780992508108e-03
2.325773076154291803e-03
2.322980551980435848e-03
2.315714489668607712e-03
2.316008345223963174e-03
2.313268859870731744e-03
2.306621242314577276e-03
2.322296961210668087e-03
2.295078709721565247e-03
2.315980521962046536e-03
2.290291059762239283e-03
2.320427447557449341e-03
2.298491518013179389e-03
2.297421661205589858e-03
2.286336012184619990e-03
2.302282000891864387e-03
2.285575889982282942e-03
2.290332876145839865e-03
2.281545475125312632e-03
2.286120667122304440e-03
2.282528649084270087e-03
2.279975963756441897e-03
2.283372427336871711e-03
2.273250930011272517e-03
2.297549124341457995e-03
2.263327757827937430e-03
2.281465823762118730e-03
2.260356815531849774e-03
2.288803202100098220e-03
2.260937471874058247e-03
2.276835520751774224e-03
2.264868025667965325e-03
2.267998154275119391e-03
2.263455558568239125e-03
2.261203108355403033e-03
2.264771936461329547e-03
2.258127485401928251e-03
2.257045148871838960e-03
2.260695071890950290e-03
2.255203970707953150e-03
2.255263132974505511e-03
2.252911194227635947e-03
2.249657642096281052e-03
2.247218904085457152e-03
2.247166819870471954e-03
2.244180277921259490e-03
2.244939282536506826e-03
2.243146975524723617e-03
2.242213464342057705e-03
2.238575322553515608e-03
2.242299146018922329e-03
2.237501763738691894e-03
2.234878181479871100e-03
2.232165075838565826e-03
2.239073417149484071e-03
2.226618560962379065e-03
2.243577688932418997e-03
2.242148411460220727e-03
2.220565336756408215e-03
2.240509446710348303e-03
2.236435748636722651e-03
2.217811369337141687e-03
2.236739499494433403e-03
2.225455688312649814e-03
2.229919750243425456e-03
2.231268235482275399e-03
2.222322020679712382e-03
2.226049127057194536e-03
2.224793587811291044e-03
2.220706688240170392e-03
2.224944322369992646e-03
2.219450450502335939e-03
2.222311520017683679e-03
2.217976981773972425e-03
2.219916693866252812e-03
2.219148911535739899e-03
2.214487921446561640e-03
2.220758050680160349e-03
2.214735932648182002e-03
2.212795359082519835e-03
2.216910268180072221e-03
2.213186514563858336e-03
2.215385646559298125e-03
2.210652432404458610e-03
2.210551337338983839e-03
2.215477405115962029e-03
2.206990611739456654e-03
2.207826427184045488e-03
2.213192638009786606e-03
2.208935748785734350e-03
2.206414821557700634e-03
2.210243279114365491e-03
2.203560736961662943e-03
2.206419291906058615e-03
2.204065700061619195e-03
2.200241130776703184e-03
2.206524764187633818e-03
2.200956968590617006e-03
2.204555924981832418e-03
2.199219027534127409e-03
2.201020973734557542e-03
2.201017527841031725e-03
2.196960872970521363e-03
2.201866544783115560e-03
2.198614901863038453e-03
2.197747211903333751e-03
2.196006150916218671e-03
2.196822012774646109e-03
2.194821578450501052e-03
2.191819692961871711e-03
2.194769820198416623e-03
2.192317438311874693e-03
2.190041192807257349e-03
2.195658348500728781e-03
2.183769177645444697e-03
2.193783014081418688e-03
2.188422833569347858e-03
2.182475919835269278e-03
2.194687072187661951e-03
2.182902581989764994e-03
2.188922464847564784e-03
2.182758017443120653e-03
2.187753724865615194e-03
2.179516293108463114e-03
2.186150569468736475e-03
2.180724800564348524e-03
2.183151827193796461e-03
2.179612172767519951e-03
2.179061993956565857e-03
2.177726081572473223e-03
2.176416199654340831e-03
2.178645459935069084e-03
2.172929304651916201e-03
2.175333304330706683e-03
2.173510543070733374e-03
2.174502238631248474e-03
2.168706431984901255e-03
2.172146714292466554e-03
2.169517404399812395e-03
2.170329913496971130e-03
2.167149633169174368e-03
2.169903321191668684e-03
2.165598818100988778e-03
2.161811455152928829e-03
2.169401210267096758e-03
2.161787776276469404e-03
2.167911967262625694e-03
2.161677018739282998e-03
2.165231714025139895e-03
2.161874691955745133e-03
2.162963838782161301e-03
2.160982135683298024e-03
2.158326632343232805e-03
2.161441883072256868e-03
2.156126033514738256e-03
2.155631640926003543e-03
2.156760799698531541e-03
2.156057604588568297e-03
2.155174966901540756e-03
2.155441092327237129e-03
2.156624384224414652e-03
2.152064512483775442e-03
2.154279500246047974e-03
2.155616087839007291e-03
2.150909486226737586e-03
2.151575847528874961e-03
2.154849795624613849e-03
2.152191242203116417e-03
2.150401123799383640e-03
2.153117931447923097e-03
2.149480138905346480e-03
2.150583430193364620e-03
2.152109239250421698e-03
2.148866862989962188e-03
2.147005451843142336e-03
2.151475427672266873e-03
2.150073810480534857e-03
2.145314193330705339e-03
2.148594823665916920e-03
2.149199624545872125e-03
2.144977310672402469e-03
2.147007314488291567e-03
2.146705333143472498e-03
2.144922036677598953e-03
2.146561560221016234e-03
2.144277980551123793e-03
2.144025056622922421e-03
2.145582577213644981e-03
2.143335086293518457e-03
2.142606093548238191e-03
2.144951140508055687e-03
2.142674801871180361e-03
2.140068192966282454e-03
2.141863736324012106e-03
2.142345719039440329e-03
2.139200805686414242e-03
2.140944474376738071e-03
2.141645480878651316e-03
2.138115745037793940e-03
2.137800725176930254e-03
2.139633847400546161e-03
2.139171678572893229e-03
2.137126587331295187e-03
2.136759296990931208e-03
2.136897225864231413e-03
2.136849716771394101e-03
2.136318897828459913e-03
2.134572295472025698e-03
2.135136676952242678e-03
2.135151182301342487e-03
2.133469283580780203e-03
2.136231213808059519e-03
2.134145516902208155e-03
2.131157624535262758e-03
2.135695726610720331e-03
2.130751800723374063e-03
2.131186868064105597e-03
2.133868704549968416e-03
2.128515928052365953e-03
2.131497440859675581e-03
2.130997879430651491e-03
2.128002722747623834e-03
2.129336667712777766e-03
2.129363687708973971e-03
2.126222196966409857e-03
2.128056506626307878e-03
2.127640368416905577e-03
2.125462610274553386e-03
2.127174939960241491e-03
2.126179682090878313e-03
2.126077585853636091e-03
2.122732461430132389e-03
2.126433094963431272e-03
2.124945260584354487e-03
2.121511800214648420e-03
2.123134280554950411e-03
2.123895729891955679e-03
2.121505537070334044e-03
2.122001536190509623e-03
2.122757560573518450e-03
2.118937019258737391e-03
2.121194358915090648e-03
2.121470076963305387e-03
2.119448292069137010e-03
2.119070966728031635e-03
2.117926301434635943e-03
2.117846719920635310e-03
2.119653695262968714e-03
2.114730933681130236e-03
2.119967411272227591e-03
2.116309106349945155e-03
2.116186078637838364e-03
2.117196260951459234e-03
2.114240545779466629e-03
2.114098472520709211e-03
2.112947218120097941e-03
2.113543241284787568e-03
2.114009927026927471e-03
2.112765982747078115e-03
2.112092729657888239e-03
2.111953054554760630e-03
2.112081996165215882e-03
2.113160514272749597e-03
2.111802576109766960e-03
2.111184946261346514e-03
2.110687084496021271e-03
2.111667580902576273e-03
2.111262106336653059e-03
2.110594580881297415e-03
2.110081259161233902e-03
2.109927800484001723e-03
2.110687782987952232e-03
2.110144100151956168e-03
2.108929003588855180e-03
2.109537785872817213e-03
2.109350101090967482e-03
2.108318661339580839e-03
2.108498290181159800e-03
2.109403186477720564e-03
2.108706207945942705e-03
2.107495442032814026e-03
2.106268936768173998e-03
2.107704663649201306e-03
2.108909003436565226e-03
2.105810982175171549e-03
2.107103634625673121e-03
2.107673347927629861e-03
2.105715242214500817e-03
2.105709468014538462e-03
2.106373733840882952e-03
2.104966784827411175e-03
2.104459679685533047e-03
2.105570398271083832e-03
2.106441045179963199e-03
2.103628404438495463e-03
2.102952240966260346e-03
2.104198327288031578e-03
2.104880171827971935e-03
2.103819022886455146e-03
2.102739783003926190e-03
2.102340874262154276e-03
2.102538081817329103e-03
2.103113662451505748e-03
2.102300245314836676e-03
2.102115354500710791e-03
2.101660496555268678e-03
2.100941957905888557e-03
2.101338189095258886e-03
2.102216728962957772e-03
2.100946055725216779e-03
2.098597073927521879e-03
2.100544702261686499e-03
2.101718634366989309e-03
2.099643857218324965e-03
2.098457259126007730e-03
2.100525330752134236e-03
2.099951729178428650e-03
2.097355597652494734e-03
2.097618230618536299e-03
2.098761685192585165e-03
2.099465508945286100e-03
2.097435458563268011e-03
2.094753109849989327e-03
2.097448031418025320e-03
2.099082083441317168e-03
2.095473697409033775e-03
2.097212686203420249e-03
2.099803695455193346e-03
2.093044435605406848e-03
2.094891108572483236e-03
2.098814584314823151e-03
2.094500884413719351e-03
2.092268713749944990e-03
2.095802081748843280e-03
2.095785248093306932e-03
2.092971676029265014e-03
2.094677346758544272e-03
2.093908516690134915e-03
2.092598588205873966e-03
2.092640078626572912e-03
2.092547668144107038e-03
2.093023760244250211e-03
2.091730199754238302e-03
2.091798442415893165e-03
2.091879351064562884e-03
2.090642193797975692e-03
2.091292547993361863e-03
2.091410383582115000e-03
2.089718612842261704e-03
2.088875207118689840e-03
2.091179531998932188e-03
2.090793661773204890e-03
2.087653870694339189e-03
2.088400698266923254e-03
2.090299502015113831e-03
2.089655376039445400e-03
2.088328637182712381e-03
2.087327791377901944e-03
2.087928494438528928e-03
2.088874951004981908e-03
2.088765054941177281e-03
2.087775734253227711e-03
2.086831792257726366e-03
2.087385579943657095e-03
2.088184026069939050e-03
2.088048751465976152e-03
2.086670836433768272e-03
2.086263592354953376e-03
2.086788206361234101e-03
2.087314357049763289e-03
2.087120269425213510e-03
2.086327993310987949e-03
2.085750130936503324e-03
2.086648670956492597e-03
2.086672559380531398e-03
2.085748221725225535e-03
2.085803286172449676e-03
2.085874252952635115e-03
2.085628872737288649e-03
2.085447707213461226e-03
2.085137786343693646e-03
2.084687259048223409e-03
2.084695897065102881e-03
2.085039089433848684e-03
2.085416438058018771e-03
2.084340085275471210e-03
2.083457564003765496e-03
2.083643712103366765e-03
2.085018786601722240e-03
2.085157739929855043e-03
2.083636075258255178e-03
2.082450198940932751e-03
2.083071460947394545e-03
2.084055636078119451e-03
2.083581197075545701e-03
2.083222195506095713e-03
2.083076583221554930e-03
2.082328172400593844e-03
2.082612947560846806e-03
2.083029015921056271e-03
2.082306030206382448e-03
2.081648097373545170e-03
2.082056272774934682e-03
2.082336018793284806e-03
2.081652870401740074e-03
2.080906881019473076e-03
2.081991708837449724e-03
2.081947354599833662e-03
2.081640576943754976e-03
2.080810605548322201e-03
2.080479846335947600e-03
2.080235164612531662e-03
2.080349321477115328e-03
2.081302553415298549e-03
2.080472884699702263e-03
2.080064080655574625e-03
2.079683146439492616e-03
2.079350361600518400e-03
2.079242118634283629e-03
2.079506916925310915e-03
2.079503820277750579e-03
2.079561538994312460e-03
2.079103328287601644e-03
2.078471682034432975e-03
2.078554569743573752e-03
2.078502858057618315e-03
2.078165253624320204e-03
2.078644698485732079e-03
2.078391821123659697e-03
2.077570813708007162e-03
2.078235289081931027e-03
2.078014402650296775e-03
2.076693042181432074e-03
2.076492714695632631e-03
2.077828161418437958e-03
2.078341261949390173e-03
2.076629875227809039e-03
2.075939322821795940e-03
2.077107015065848654e-03
2.076821820810437376e-03
2.075382601469755259e-03
2.075390354730188673e-03
2.076298696920275688e-03
2.076229522936046210e-03
2.075430820696055889e-03
2.075173822231590574e-03
2.075086021795868787e-03
2.075317245908081358e-03
2.074592513963580132e-03
2.074794913642108614e-03
2.074904157780110836e-03
2.074209763668477449e-03
2.073760819621384231e-03
2.074413490481674584e-03
2.074532862752676184e-03
2.074118005111813545e-03
2.073682472109794703e-03
2.073179674334824172e-03
2.073000231757759874e-03
2.073475951328873721e-03
2.073842147365212267e-03
2.073642821051180276e-03
2.073004213161766703e-03
2.072784840129315766e-03
2.073235739953815764e-03
2.073522889986634254e-03
2.073248662054538553e-03
2.072725421749055472e-03
2.072512963786721316e-03
2.072730567306280136e-03
2.072689565829932776e-03
2.072547306306660262e-03
2.072452194988727656e-03
2.072157314978540030e-03
2.072101621888577765e-03
2.072308212518692017e-03
2.072534500621259299e-03
2.072309702634811488e-03
2.071816357783973217e-03
2.071898570284247312e-03
2.072205697186291044e-03
2.071966137737035925e-03
2.071241848170757294e-03
2.070616278797387903e-03
2.071073371917009440e-03
2.071811351925134659e-03
2.071893750689923850e-03
2.071593771688640118e-03
2.071077353321015835e-03
2.070635999552905646e-03
2.070811321027577010e-03
2.070858073420822447e-03
2.070708363316953009e-03
2.070561656728386792e-03
2.070625079795718193e-03
2.070784824900329026e-03
2.070560422725975687e-03
2.070121560245752421e-03
2.069713524542749015e-03
2.070078440010547464e-03
2.070502308197319334e-03
2.070380258373916149e-03
2.070222701877355749e-03
2.069941605441272259e-03
2.069470309652388269e-03
2.069283835589885798e-03
2.069889637641608889e-03
2.069879113696515473e-03
2.069417294114828023e-03
2.068968350067734805e-03
2.069325535558164120e-03
2.069655968807637518e-03
2.069069538265466690e-03
2.068465529009699995e-03
2.068309905007481662e-03
2.069099387153982943e-03
2.069296827539801424e-03
2.068733004853129300e-03
2.068297495134174737e-03
2.068221522495150740e-03
2.068380685523152438e-03
2.068183384835720062e-03
2.068191696889698332e-03
2.068025502376258460e-03
2.067647222429513758e-03
2.067627571523189718e-03
2.068058564327657309e-03
2.067962405271828261e-03
2.067747432738542470e-03
2.067354600876569835e-03
2.066984865814447490e-03
2.067307545803487474e-03
2.067342679947614496e-03
2.066996367648244078e-03
2.067174366675317461e-03
2.067561959847807884e-03
2.066960278898477728e-03
2.066544233821332541e-03
2.066427958197891712e-03
2.066712686792016116e-03
2.066271076910197561e-03
2.065928815864026373e-03
2.066378528252243822e-03
2.066505537368357008e-03
2.066305675543844873e-03
2.066361764445900744e-03
2.065794309601187706e-03
2.065608114935457880e-03
2.065672678872942838e-03
2.065666462294757453e-03
2.065614634193480188e-03
2.065568836405873212e-03
2.065403154119849205e-03
2.065140893682837400e-03
