3.373467969894409002e+00
2.346286535263061523e+00
2.180804562568664728e+00
1.971978235244751021e+00
2.115531778335571378e+00
1.762966823577880815e+00
1.369475936889648526e+00
1.556665706634521529e+00
1.392324995994567827e+00
1.366583418846130327e+00
1.347739279270172119e+00
1.289368808269500732e+00
1.625851011276245206e+00
1.644745326042175382e+00
1.419806170463562056e+00
1.366420531272888095e+00
1.728720879554748624e+00
1.434932971000671298e+00
1.357887613773345992e+00
1.337526464462280185e+00
1.305751776695251554e+00
1.239432752132415771e+00
1.241226077079772949e+00
1.320230388641357333e+00
1.198837745189666792e+00
1.065420508384704590e+00
9.999483108520508257e-01
1.002409338951110840e+00
9.233286142349242942e-01
1.058291888236999601e+00
9.632949233055114746e-01
9.334548115730285645e-01
9.346587896347046120e-01
9.714572191238403098e-01
8.838567614555359331e-01
8.402288436889648882e-01
8.174178242683410867e-01
1.088827335834503085e+00
1.320339107513427646e+00
1.389224958419799760e+00
9.860350728034973367e-01
1.021011304855346635e+00
1.109891223907470748e+00
1.014324307441711426e+00
1.065848970413207919e+00
1.736142098903656006e+00
1.303891503810882480e+00
1.562278485298156827e+00
1.424748826026916548e+00
1.294025981426238925e+00
1.259403729438781649e+00
1.048753249645233199e+00
9.501411318778991699e-01
8.413786053657531516e-01
8.838355541229248047e-01
1.112676846981048628e+00
1.029301857948303311e+00
9.895364761352538618e-01
8.963491678237914817e-01
9.173411369323730691e-01
9.309729933738708496e-01
8.519167304039001465e-01
7.539571762084961160e-01
1.159197592735290439e+00
1.091062974929809526e+00
1.154333531856536865e+00
1.063565826416015714e+00
1.117256581783294678e+00
1.014240109920501620e+00
1.042720627784728959e+00
1.108613717555999800e+00
9.838452577590942605e-01
1.014806520938873247e+00
1.237094748020172164e+00
1.054017400741577237e+00
1.077587664127349854e+00
9.335447311401366965e-01
8.112039923667907493e-01
8.517243027687072532e-01
9.326835513114929421e-01
1.242617022991180376e+00
1.129265749454498202e+00
1.130174970626831144e+00
1.003515434265136674e+00
1.050777697563171298e+00
9.480369567871094194e-01
8.668784260749816672e-01
8.911867976188659890e-01
8.533943891525268555e-01
8.064886450767516646e-01
8.187775492668152300e-01
8.712072849273682085e-01
9.921618103981018066e-01
9.572434425354003906e-01
8.614223480224609819e-01
8.466018319129944292e-01
8.143488526344299094e-01
7.506096243858337846e-01
8.075190186500549316e-01
8.998119592666625755e-01
8.350896120071411577e-01
8.121164441108703613e-01
7.918166160583496316e-01
7.609925150871277300e-01
7.631358981132507768e-01
7.782149434089660200e-01
7.376742124557494895e-01
7.309939146041870561e-01
7.077296257019043413e-01
7.109231829643249956e-01
7.211097359657288042e-01
7.394281983375549094e-01
7.452049016952514426e-01
7.551926970481872559e-01
6.830018520355224387e-01
7.116445422172545943e-01
7.326600909233093040e-01
7.103873252868652122e-01
6.825890064239501509e-01
7.061621308326720969e-01
7.028941750526428445e-01
7.482300519943236861e-01
7.951698780059814897e-01
7.392720937728881614e-01
6.996062636375427468e-01
6.890857100486755815e-01
6.606604456901550293e-01
6.625812411308288352e-01
6.530881166458130105e-01
6.423879504203796609e-01
6.856265187263488325e-01
6.787296175956726296e-01
6.496979594230651855e-01
6.262773752212524858e-01
6.562355637550354448e-01
6.232611060142516646e-01
6.287246704101562278e-01
7.008371949195861816e-01
6.436451792716979536e-01
6.865683317184447798e-01
6.405943155288695845e-01
6.129664778709411621e-01
6.189477205276489036e-01
6.430623888969421165e-01
7.297254323959350142e-01
8.402814149856567827e-01
6.611743092536925825e-01
6.611055374145508035e-01
6.416977643966674805e-01
6.382265210151671919e-01
6.564719438552856223e-01
7.824818015098571333e-01
6.977800250053405318e-01
6.599877595901488814e-01
6.802396297454833540e-01
6.025230765342712846e-01
6.335147738456725630e-01
6.252215027809142622e-01
6.750265479087829146e-01
6.227544426918030229e-01
6.789156079292297807e-01
7.276069521903991699e-01
7.486778259277343528e-01
7.454390764236450417e-01
8.107095956802368164e-01
9.802924752235412376e-01
7.381559371948241965e-01
6.165236830711364746e-01
6.001945495605468528e-01
5.536238431930542436e-01
5.421891391277313677e-01
5.186001241207123247e-01
5.708064019680023637e-01
5.671030223369598611e-01
6.170361518859863725e-01
5.307858705520629439e-01
5.644151985645293745e-01
6.405476391315459983e-01
5.146566510200500932e-01
5.135323703289031982e-01
6.062894284725188765e-01
5.608883738517761453e-01
5.417746663093566672e-01
5.873327493667602761e-01
5.878652036190032959e-01
5.305703282356262207e-01
4.997871756553650124e-01
5.534815669059753862e-01
5.778557002544403298e-01
5.944922387599944624e-01
5.400517165660858598e-01
5.691595017910003884e-01
5.769547402858734575e-01
5.885878026485442671e-01
6.287178635597229226e-01
6.495898485183715376e-01
5.150262653827667458e-01
5.732530236244202104e-01
4.765862405300140270e-01
5.441653192043304221e-01
4.818521976470947488e-01
4.801015377044677845e-01
4.485598325729370228e-01
4.403949022293091042e-01
4.933681070804595836e-01
4.634224891662597767e-01
4.219505786895751953e-01
4.163262665271759144e-01
4.708483338356018177e-01
4.276164174079895020e-01
4.146429002285003662e-01
3.876929283142089844e-01
4.383787393569946178e-01
5.239713847637176292e-01
5.259642064571380393e-01
5.222511649131774680e-01
4.762196004390716331e-01
4.295047163963318093e-01
4.317739307880401611e-01
4.310132443904876598e-01
3.896317481994628906e-01
3.762269794940948375e-01
3.717194736003875954e-01
3.839169800281524436e-01
3.864996492862701194e-01
3.831498146057129017e-01
3.802639186382293923e-01
3.542513906955718772e-01
3.846943795680999867e-01
3.933248102664947399e-01
3.754999995231628196e-01
3.731774091720581055e-01
4.015409529209136852e-01
3.651068508625030518e-01
3.465013325214386097e-01
3.355393886566161998e-01
3.193275868892669900e-01
3.930741310119628684e-01
3.632906138896941917e-01
3.493447184562682994e-01
3.274358153343200906e-01
3.021216750144958274e-01
3.169578552246093972e-01
3.520494461059570090e-01
3.497956931591034158e-01
4.425642728805542214e-01
5.322643041610717329e-01
6.240828871726989968e-01
5.667428910732269509e-01
5.136374354362487349e-01
4.477493703365326150e-01
3.867608428001403920e-01
3.697249770164489635e-01
3.319680929183960183e-01
3.262027561664581077e-01
3.297295004129409679e-01
3.549622595310211182e-01
5.495399355888366255e-01
4.507938385009765403e-01
5.044814348220825195e-01
5.376421391963959184e-01
4.558803617954254039e-01
4.296224534511566273e-01
3.951615989208221436e-01
3.665365219116211160e-01
3.815732032060623058e-01
3.890951395034790150e-01
3.603420913219451682e-01
3.583970725536346214e-01
3.002265483140945657e-01
3.126592397689819114e-01
3.165669202804565208e-01
3.053581118583679199e-01
3.726219534873962402e-01
4.713765561580657848e-01
3.601033449172973411e-01
2.872667789459228405e-01
3.311373174190521129e-01
3.603773653507232888e-01
3.788478225469589233e-01
2.782565355300903320e-01
3.144704282283782848e-01
2.749232590198517068e-01
2.667537987232208030e-01
2.641782075166702048e-01
2.839908033609390148e-01
2.967459768056869285e-01
3.204656749963760154e-01
2.934541434049606212e-01
2.604897052049636730e-01
2.851022869348526223e-01
3.190211564302444236e-01
2.815766960382461437e-01
2.775690406560897827e-01
3.746604144573211781e-01
3.571591407060623058e-01
4.340164929628372303e-01
3.409153461456299050e-01
2.875528186559677124e-01
3.630712956190109142e-01
3.371536403894424549e-01
3.001265048980713002e-01
3.030722796916961448e-01
4.151806741952895896e-01
3.285810351371765137e-01
3.520946234464645275e-01
2.491659641265869252e-01
2.797780245542526023e-01
2.368062227964401190e-01
2.196374684572219849e-01
2.286066055297851507e-01
2.326558351516723744e-01
2.562044799327850564e-01
2.700301319360732810e-01
2.819745779037475808e-01
2.441961884498596302e-01
2.587770879268646018e-01
2.115520089864730835e-01
2.093283802270889393e-01
1.983385264873504528e-01
2.081208020448684637e-01
2.769071519374847190e-01
2.887303560972213634e-01
2.807768434286117554e-01
2.911050140857696644e-01
2.833773612976074330e-01
2.925603359937667958e-01
2.433207333087921143e-01
2.434022784233093317e-01
2.512039035558700784e-01
2.983012378215789684e-01
2.849332988262176514e-01
2.388625919818878063e-01
2.500626027584075817e-01
2.260657519102096669e-01
2.222548305988311657e-01
1.949908286333084106e-01
2.138236165046691895e-01
1.967212170362472590e-01
1.861438363790512140e-01
1.849552750587463434e-01
1.849776357412338257e-01
1.894421130418777466e-01
1.953294545412063710e-01
1.972614586353302057e-01
1.990255743265151867e-01
1.963293939828872625e-01
1.881359696388244518e-01
2.046038627624511830e-01
2.068643182516098078e-01
2.043645888566970881e-01
1.939568400382995494e-01
1.712762981653213612e-01
1.740052521228790394e-01
1.969077825546264593e-01
1.963363260030746571e-01
1.795556873083114513e-01
1.852119624614715632e-01
1.793818295001983754e-01
1.946372985839843750e-01
2.528821408748626598e-01
2.760852515697479470e-01
2.815428197383880726e-01
2.413763612508773859e-01
2.723835915327071922e-01
2.641990482807159424e-01
2.170493185520172008e-01
1.930840879678726307e-01
1.741051614284515325e-01
1.930050075054168812e-01
1.880835235118865911e-01
2.094546854496002197e-01
1.823260277509689276e-01
1.869533360004425049e-01
1.824914157390594427e-01
2.198798328638076893e-01
1.835042357444763295e-01
2.935844361782073975e-01
2.962366789579391479e-01
3.124327450990677102e-01
2.345688432455062811e-01
2.324183762073516735e-01
1.993403941392898615e-01
3.257165580987930187e-01
3.816946446895599365e-01
2.373131275177002009e-01
2.139519304037094116e-01
1.975914925336837713e-01
2.201003253459930531e-01
2.228801339864730779e-01
2.128855347633361872e-01
2.375024437904357799e-01
2.178523242473602295e-01
2.128198385238647405e-01
1.724976897239685059e-01
1.575814306735992543e-01
1.663149684667587225e-01
2.003603100776672474e-01
2.277882665395736805e-01
2.274949312210083063e-01
1.925152570009231456e-01
1.885987728834152277e-01
1.892442435026168712e-01
1.697892338037490789e-01
1.493363410234451183e-01
1.535877883434295654e-01
1.514941841363906805e-01
1.619956642389297485e-01
1.682494372129440252e-01
1.786244899034500067e-01
1.816469758749008068e-01
2.023344904184341542e-01
2.167385190725326649e-01
1.730507910251617432e-01
1.694459617137908936e-01
1.832681328058242687e-01
1.712797969579696600e-01
1.588176161050796620e-01
1.659022212028503362e-01
1.557621359825134277e-01
1.495970368385314830e-01
1.451649159193038885e-01
1.465452045202255138e-01
1.440733492374420277e-01
1.428344994783401489e-01
1.456259280443191473e-01
1.494277358055114691e-01
1.431402653455734197e-01
1.469767361879348866e-01
1.639735758304596003e-01
1.559381365776061901e-01
1.538930267095565685e-01
1.558453142642974854e-01
1.567477375268936102e-01
1.728623181581497303e-01
1.648293942213058527e-01
1.499512702226638849e-01
1.660061538219451960e-01
1.725472122430801447e-01
1.591664597392082325e-01
1.599404633045196644e-01
1.585892230272293035e-01
1.503251254558563288e-01
1.449269652366638184e-01
1.578543633222579956e-01
1.704985588788986151e-01
1.604398161172866932e-01
1.620658040046691895e-01
1.804868161678314098e-01
1.686791300773620716e-01
1.592090517282485906e-01
1.495428785681724437e-01
1.432996481657028143e-01
1.407080084085464422e-01
1.504681855440139771e-01
1.417019575834274348e-01
1.435515686869621166e-01
1.464663058519363459e-01
1.520783171057701055e-01
1.634428173303604237e-01
1.499114304780960194e-01
1.719283908605575562e-01
1.672139018774032593e-01
1.851137965917587225e-01
1.908967643976211548e-01
1.786261796951293945e-01
1.699004381895065363e-01
1.621383607387542614e-01
1.586741656064987183e-01
1.897817656397819408e-01
1.494745180010795538e-01
1.419328644871711842e-01
1.463827908039093129e-01
1.387145161628723089e-01
1.506290346384048517e-01
1.524366408586502186e-01
1.417500153183937073e-01
1.404895260930061340e-01
1.446694433689117432e-01
1.366407334804534968e-01
1.374415382742881775e-01
1.371325641870498602e-01
1.607786908745765797e-01
1.513484939932823181e-01
1.778876692056655939e-01
1.968397825956344493e-01
1.947503298521041926e-01
1.574487134814262501e-01
1.450896173715591486e-01
1.485203891992568914e-01
1.481860637664794977e-01
1.740500152111053578e-01
1.639557123184204046e-01
1.534744620323181263e-01
1.717662006616592352e-01
1.957379519939422552e-01
1.787213891744613703e-01
1.824787408113479614e-01
1.508223801851272527e-01
1.739635109901428167e-01
1.442681595683097950e-01
1.378458261489868275e-01
1.424789041280746515e-01
1.461555466055869945e-01
1.501351490616798512e-01
1.430847167968750111e-01
1.364202260971069391e-01
1.326572015881538336e-01
1.335343450307845958e-01
1.333707705140113886e-01
1.388146996498108021e-01
1.389508217573166005e-01
1.378042802214622387e-01
1.317633762955665588e-01
1.292555481195449829e-01
1.300258293747901805e-01
1.300286903977393993e-01
1.310711845755577198e-01
1.291766598820686396e-01
1.316163301467895563e-01
1.304444581270217951e-01
1.311095550656318776e-01
1.317487075924873297e-01
1.345592647790908869e-01
1.306020542979240417e-01
1.327177941799163874e-01
1.287057071924209706e-01
1.305301755666732899e-01
1.287867069244384710e-01
1.305865570902824402e-01
1.344131886959075983e-01
1.472479641437530462e-01
1.505491718649864252e-01
1.390215173363685552e-01
1.328248888254165705e-01
1.360136047005653381e-01
1.374123156070709284e-01
1.387402921915054377e-01
1.312563672661781200e-01
1.276044726371765026e-01
1.315332412719726618e-01
1.314793646335601918e-01
1.356556147336959728e-01
1.408183246850967518e-01
1.308665066957473699e-01
1.267716020345687755e-01
1.281491175293922313e-01
1.287237569689750616e-01
1.268152236938476507e-01
1.303857907652855030e-01
1.345949456095695551e-01
1.405470579862594660e-01
1.835830435156822205e-01
1.588382512331008856e-01
1.351547226309776362e-01
1.368793278932571300e-01
1.461662352085113525e-01
1.544217735528946034e-01
1.483018636703491155e-01
1.409059867262840160e-01
1.388483911752700917e-01
1.321521565318107549e-01
1.286299869418144337e-01
1.276958674192428533e-01
1.291950449347495922e-01
1.349117293953895624e-01
1.495394870638847296e-01
1.497794106602668707e-01
1.358291685581207164e-01
1.273858040571212713e-01
1.291050091385841370e-01
1.270875647664070074e-01
1.301395371556282043e-01
1.349154576659202520e-01
1.338791027665138245e-01
1.277599513530731090e-01
1.254122614860534723e-01
1.289713174104690496e-01
1.403014957904815674e-01
1.398184269666671864e-01
1.334617629647255055e-01
1.303574621677398571e-01
1.296327441930770763e-01
1.338642954826355091e-01
1.387450292706489674e-01
1.338192775845527538e-01
1.382962897419929560e-01
1.354692995548248402e-01
1.338532090187072865e-01
1.338440477848052979e-01
1.328110516071319691e-01
1.406274139881134033e-01
1.387089043855667114e-01
1.340760663151741028e-01
1.281429469585418646e-01
1.289108306169509943e-01
1.244299218058586148e-01
1.280420958995819036e-01
1.259190931916236988e-01
1.281757891178131048e-01
1.260691747069358770e-01
1.285686939954757690e-01
1.281211301684379578e-01
1.263654604554176331e-01
1.248576447367668180e-01
1.245423436164855985e-01
1.250696703791618347e-01
1.252093344926833995e-01
1.234635144472122220e-01
1.234983280301094055e-01
1.234539091587066595e-01
1.224629402160644503e-01
1.224715203046798651e-01
1.219696819782257052e-01
1.226732105016708346e-01
1.220255360007286016e-01
1.238487139344215393e-01
1.231903031468391391e-01
1.221971169114112882e-01
1.222141668200492914e-01
1.227598249912262018e-01
1.218374490737915011e-01
1.215249985456466619e-01
1.216177076101303128e-01
1.216290727257728632e-01
1.224254757165908758e-01
1.220412984490394648e-01
1.228575676679611178e-01
1.237618207931518582e-01
1.234152153134346064e-01
1.213369578123092707e-01
1.231879234313964788e-01
1.230479404330253601e-01
1.236473560333251898e-01
1.217014193534851074e-01
1.230769321322441046e-01
1.254045367240905762e-01
1.317553058266639765e-01
1.381819039583206121e-01
1.319027677178382929e-01
1.335323318839073126e-01
1.316135898232460022e-01
1.429220974445342962e-01
1.299735859036445507e-01
1.253149986267089733e-01
1.243204355239868192e-01
1.226303860545158442e-01
1.215324208140373258e-01
1.215324744582176181e-01
1.204986318945884677e-01
1.205056011676788330e-01
1.208372533321380587e-01
1.219655305147171048e-01
1.259095832705497686e-01
1.292660534381866455e-01
1.237953543663024847e-01
1.243686333298683194e-01
1.269160285592079163e-01
1.274577677249908447e-01
1.253214105963706970e-01
1.242605164647102300e-01
1.236704185605049106e-01
1.221784323453903170e-01
1.206481039524078397e-01
1.206073820590972956e-01
1.202395677566528293e-01
1.203994989395141546e-01
1.224625453352928134e-01
1.219464898109436091e-01
1.230315431952476446e-01
1.247205257415771457e-01
1.237793132662773077e-01
1.241485059261322049e-01
1.256140366196632496e-01
1.260645031929016058e-01
1.271416708827018682e-01
1.220359370112419073e-01
1.206351131200790461e-01
1.196000903844833402e-01
1.207203492522239685e-01
1.199682235717773465e-01
1.197704896330833435e-01
1.203322455286979648e-01
1.204261064529418973e-01
1.196779802441596957e-01
1.207793176174163791e-01
1.200284793972969111e-01
1.195664629340171814e-01
1.191161856055259760e-01
1.188923954963684027e-01
1.189201280474662809e-01
1.188909515738487271e-01
1.191441610455512973e-01
1.189132839441299494e-01
1.188495546579360906e-01
1.194647774100303650e-01
1.189495727419853238e-01
1.196103796362876920e-01
1.186696514487266541e-01
1.194846302270889254e-01
1.195088267326354925e-01
1.201236873865127591e-01
1.212022393941879217e-01
1.210976004600524958e-01
1.234052464365959223e-01
1.223799020051956205e-01
1.203726783394813565e-01
1.257103756070137024e-01
1.198603793978691157e-01
1.215715155005454989e-01
1.195398315787315341e-01
1.190168067812919644e-01
1.188083544373512296e-01
1.183685809373855591e-01
1.183220371603965759e-01
1.184224531054496737e-01
1.183935150504112216e-01
1.191205725073814364e-01
1.182581096887588556e-01
1.183206424117088373e-01
1.180731207132339478e-01
1.181111514568328885e-01
1.183409795165061978e-01
1.184848383069038447e-01
1.177311196923255948e-01
1.184150472283363315e-01
1.180639803409576361e-01
1.180735453963279724e-01
1.183156371116638184e-01
1.178872808814048767e-01
1.180385023355483981e-01
1.181712567806243869e-01
1.184423774480819758e-01
1.181711226701736422e-01
1.185742825269699152e-01
1.183113306760787964e-01
1.180614963173866327e-01
1.181432485580444364e-01
1.184926614165306147e-01
1.178085178136825534e-01
1.177693143486976679e-01
1.182315647602081299e-01
1.180873677134513799e-01
1.182803615927696256e-01
1.177517011761665400e-01
1.178034484386444036e-01
1.175244018435478155e-01
1.178116619586944552e-01
1.176672160625457791e-01
1.178043231368064853e-01
1.173984974622726413e-01
1.179872885346412714e-01
1.174793943762779264e-01
1.176848918199539240e-01
1.175848871469497708e-01
1.178885713219642584e-01
1.174352511763572665e-01
1.174996122717857361e-01
1.182447135448455866e-01
1.180784851312637329e-01
1.193610668182372991e-01
1.188130617141723577e-01
1.174037292599678095e-01
1.191889300942420987e-01
1.187571972608566229e-01
1.189743533730506925e-01
1.175844877958297785e-01
1.177285030484199468e-01
1.175440996885299683e-01
1.176340818405151312e-01
1.179433956742286654e-01
1.177490979433059720e-01
1.173051342368125888e-01
1.174194931983947726e-01
1.171642601490020807e-01
1.172880098223686163e-01
1.172722280025482178e-01
1.174761608242988614e-01
1.174561500549316378e-01
1.172303870320320074e-01
1.170746624469757025e-01
1.174918949604034368e-01
1.173262149095535278e-01
1.169767454266548157e-01
1.169103115797042874e-01
1.177850306034088079e-01
1.175803646445274381e-01
1.173546373844146784e-01
1.168393895030021695e-01
1.174197539687156649e-01
1.172570362687110901e-01
1.175763189792633084e-01
1.171740174293518094e-01
1.172593787312507657e-01
1.172087654471397344e-01
1.174138575792312567e-01
1.183773472905158969e-01
1.199965268373489324e-01
1.196296602487564031e-01
1.191998332738876398e-01
1.172104492783546392e-01
1.171172887086868314e-01
1.166699185967445401e-01
1.165259584784507779e-01
1.167116731405258151e-01
1.163615837693214444e-01
1.164856463670730646e-01
1.167184874415397589e-01
1.166435346007347051e-01
1.165745705366134644e-01
1.165167763829231262e-01
1.164039865136146518e-01
1.165933713316917447e-01
1.165933743119239863e-01
1.164797991514205933e-01
1.164446979761123713e-01
1.165907099843025152e-01
1.162688940763473566e-01
1.163768231868743952e-01
1.162531659007072504e-01
1.165949091315269526e-01
1.167476072907447787e-01
1.162779465317726191e-01
1.164347991347312872e-01
1.162961989641189547e-01
1.162459269165992681e-01
1.163107037544250516e-01
1.162719130516052246e-01
1.162661656737327548e-01
1.162648066878318731e-01
1.162058055400848333e-01
1.163314804434776306e-01
1.161845713853836004e-01
1.161686971783637973e-01
1.161662623286247309e-01
1.161116018891334561e-01
1.165112152695655795e-01
1.160577148199081476e-01
1.161734417080879239e-01
1.160282626748085077e-01
1.160494506359100314e-01
1.162049114704132025e-01
1.160953894257545499e-01
1.160807713866233853e-01
1.159773126244545011e-01
1.160061344504356440e-01
1.159945666790008489e-01
1.160668864846229609e-01
1.159737750887870761e-01
1.159132018685340854e-01
1.160893976688384954e-01
1.159117132425308283e-01
1.159016281366348211e-01
1.159319490194320734e-01
1.158827215433120700e-01
1.158303007483482416e-01
1.160832569003105164e-01
1.163097530603408869e-01
1.161642134189605768e-01
1.159914851188659640e-01
1.160701617598533658e-01
1.159784257411956843e-01
1.157967671751976013e-01
1.160161674022674588e-01
1.159298822283744840e-01
1.158972337841987638e-01
1.157728984951972989e-01
1.157738298177719144e-01
1.157072588801384000e-01
1.156970754265785190e-01
1.158832266926765470e-01
1.156553134322166471e-01
1.156516090035438482e-01
1.159037783741951044e-01
1.157580479979515020e-01
1.156778410077095032e-01
1.156615361571311923e-01
1.162790820002555792e-01
1.158403128385543795e-01
1.156935483217239324e-01
1.157233521342277555e-01
1.155936509370803777e-01
1.155785664916038485e-01
1.156008765101432800e-01
1.155115947127342280e-01
1.156566947698593195e-01
1.158544734120368902e-01
1.155525997281074552e-01
1.157291948795318576e-01
1.155187815427780179e-01
1.155251398682594355e-01
1.155999302864074707e-01
1.154602110385894720e-01
1.156611755490302984e-01
1.158826440572738592e-01
1.164521321654319735e-01
1.167902886867523138e-01
1.159610852599144010e-01
1.159136727452278193e-01
1.155503585934638949e-01
1.154411360621452332e-01
1.153876513242721585e-01
1.153360426425933810e-01
1.153650790452957209e-01
1.153157979249954251e-01
1.153706297278404291e-01
1.153648450970649747e-01
1.153029724955558777e-01
1.153558075428009061e-01
1.152636483311653137e-01
1.152696967124939020e-01
1.152680560946464511e-01
1.153160527348518344e-01
1.152646914124488831e-01
1.152350664138794001e-01
1.152799054980278015e-01
1.152226164937019404e-01
1.152797102928161677e-01
1.152519598603248541e-01
1.152228698134422358e-01
1.152798652648925753e-01
1.151804938912391607e-01
1.152265831828117315e-01
1.152550786733627375e-01
1.151955306529998807e-01
1.152009233832359258e-01
1.151627734303474482e-01
1.153194770216941778e-01
1.152671620249748202e-01
1.152258619666099576e-01
1.153396070003509521e-01
1.153567031025886508e-01
1.152029156684875461e-01
1.152389094233512851e-01
1.152396544814109774e-01
1.151250228285789490e-01
1.151667892932891901e-01
1.151704773306846674e-01
1.151791289448738098e-01
1.151700764894485474e-01
1.150889649987220792e-01
1.151386275887489319e-01
1.151043355464935330e-01
1.151323184370994512e-01
1.150580912828445407e-01
1.150694534182548495e-01
1.150538697838783264e-01
1.150499865412712153e-01
1.150619924068450872e-01
1.150915876030921964e-01
1.150598511099815424e-01
1.150680139660835294e-01
1.150260120630264282e-01
1.149730950593948337e-01
1.150729179382324191e-01
1.149720311164856013e-01
1.152900651097297641e-01
1.149897038936615046e-01
1.150220215320587186e-01
1.150243401527404757e-01
1.150300070643424932e-01
1.152419894933700562e-01
1.149766296148300171e-01
1.150230363011360141e-01
1.151094421744346674e-01
1.149136900901794461e-01
1.149797618389129666e-01
1.148979514837265015e-01
1.152853026986122159e-01
1.149561792612075750e-01
1.150034800171852167e-01
1.153259217739105169e-01
1.153406262397766169e-01
1.152666240930557279e-01
1.155934363603591947e-01
1.154834404587745667e-01
1.152967274188995417e-01
1.148982688784599276e-01
1.150665819644927923e-01
1.149367898702621515e-01
1.149912357330322293e-01
1.149402439594268827e-01
1.149683848023414640e-01
1.148552224040031433e-01
1.148184239864349365e-01
1.147998020052909823e-01
1.148708030581474249e-01
1.148079171776771601e-01
1.148950248956680242e-01
1.147590041160583552e-01
1.147777616977691678e-01
1.147794187068939264e-01
1.148734435439109774e-01
1.147531419992446899e-01
1.147282153367996244e-01
1.149541050195694025e-01
1.148180186748504611e-01
1.147807553410530035e-01
1.150006413459777888e-01
1.146448910236358698e-01
1.147425696253776550e-01
1.147188618779182434e-01
1.146779969334602300e-01
1.147076711058616638e-01
1.146791800856590271e-01
1.147052109241485651e-01
1.146840989589691107e-01
1.146263003349304171e-01
1.146776869893074008e-01
1.146887511014938327e-01
1.146719932556152372e-01
1.146631821990013178e-01
1.147166714072227478e-01
1.146614030003547668e-01
1.146347105503082303e-01
1.146366298198699951e-01
1.146379455924034091e-01
1.146189704537391718e-01
1.146164000034332331e-01
1.147127628326416043e-01
1.146201327443122919e-01
1.146354123950004550e-01
1.146429881453514127e-01
1.146145537495613098e-01
1.146012142300605746e-01
1.145919665694236783e-01
1.145891517400741549e-01
1.146127387881279019e-01
1.145957008004188510e-01
1.145995676517486545e-01
1.145945549011230524e-01
1.146134868264198359e-01
1.146493509411811856e-01
1.145452290773391751e-01
1.146828129887580844e-01
1.146072089672088568e-01
1.145348310470581110e-01
1.146120145916938726e-01
1.146066665649414090e-01
1.145617887377738953e-01
1.145604267716407720e-01
1.145484298467636108e-01
1.145456835627555875e-01
1.146105140447616633e-01
1.145812824368476895e-01
1.145260229706764193e-01
1.145179271697998047e-01
1.145298987627029474e-01
1.145584434270858765e-01
1.145212173461914035e-01
1.145414844155311640e-01
1.145284160971641596e-01
1.145907700061798151e-01
1.145493566989898709e-01
1.145780101418495123e-01
1.145124346017837580e-01
1.144858390092849676e-01
1.145249679684638977e-01
1.144749656319618281e-01
1.145907312631607028e-01
1.145108819007873563e-01
1.145165458321571322e-01
1.144619837403297452e-01
1.144717976450920077e-01
1.144517391920089749e-01
1.144632071256637545e-01
1.144430652260780279e-01
1.144447341561317388e-01
1.144377112388610812e-01
1.144412189722061185e-01
1.144463106989860590e-01
1.144403606653213445e-01
1.144422680139541570e-01
1.144398897886276245e-01
1.144128754734992925e-01
1.144246697425842230e-01
1.145186588168144171e-01
1.143927305936813382e-01
1.145070925354957636e-01
1.144237130880355890e-01
1.143957883119583185e-01
1.144750505685806219e-01
1.144981607794761658e-01
1.144197136163711548e-01
1.144426792860031156e-01
1.143707707524299622e-01
1.144659310579299871e-01
1.143667846918106079e-01
1.143704324960708590e-01
1.143649294972419739e-01
1.143528997898101834e-01
1.143488228321075384e-01
1.143581435084342901e-01
1.143577918410301208e-01
1.143965989351272555e-01
1.144291549921035711e-01
1.143433973193168640e-01
1.143453419208526611e-01
1.143460884690284673e-01
1.143814638257026617e-01
1.143456414341926519e-01
1.143199518322944586e-01
1.143108755350112915e-01
1.143350720405578586e-01
1.143164247274398859e-01
1.142892032861709539e-01
1.142947092652320806e-01
1.143042594194412231e-01
1.143375784158706665e-01
1.142918184399604742e-01
1.142969727516174316e-01
1.143037766218185369e-01
1.142949163913726807e-01
1.142856031656265259e-01
1.142894670367240878e-01
1.142936632037162836e-01
1.142949521541595514e-01
1.142749875783920233e-01
1.142747119069099371e-01
1.142878934741020230e-01
1.142686665058136042e-01
1.142689883708953857e-01
1.142867758870124845e-01
1.142778232693672236e-01
1.142665624618530301e-01
1.142913699150085449e-01
1.142931386828422574e-01
1.142457023262977572e-01
1.142976924777030917e-01
1.142926126718521174e-01
1.142606630921363803e-01
1.142509028315544101e-01
1.142595395445823725e-01
1.142640754580497714e-01
1.142666921019554194e-01
1.142522633075714056e-01
1.142380744218826349e-01
1.142442256212234525e-01
1.142407342791557368e-01
1.142295852303504972e-01
1.142251238226890536e-01
1.142334729433059637e-01
1.142249122262000982e-01
1.142386764287948581e-01
1.142377525568008395e-01
1.142386391758918734e-01
1.142137214541435186e-01
1.142196401953697177e-01
1.142230749130248996e-01
1.142149925231933649e-01
1.142202556133270208e-01
1.142156302928924588e-01
1.142294615507125910e-01
1.141971603035926847e-01
1.142176821827888544e-01
1.142096891999244690e-01
1.142637833952903775e-01
1.142085433006286566e-01
1.141921192407608088e-01
1.142088800668716458e-01
1.141876846551895114e-01
1.142667338252067594e-01
1.142025545239448575e-01
1.141880080103874207e-01
1.141929030418395996e-01
1.141736522316932623e-01
1.141823798418045016e-01
1.141831696033477755e-01
1.141705840826034574e-01
1.141679987311363248e-01
1.141685426235199002e-01
1.141600161790847778e-01
1.141633719205856351e-01
1.141651511192321722e-01
1.141583278775215177e-01
1.141608178615570041e-01
1.141617015004157965e-01
1.141812846064567538e-01
1.141580000519752530e-01
1.141457885503768949e-01
1.141574516892433222e-01
1.141953811049461337e-01
1.141447991132736178e-01
1.141300544142723056e-01
1.141291379928588839e-01
1.141590535640716608e-01
1.141746699810028132e-01
1.141471847891807612e-01
1.141501963138580322e-01
1.141564756631851252e-01
1.141194060444831876e-01
1.141353517770767184e-01
1.141564294695854159e-01
1.141233906149864141e-01
1.141136646270752009e-01
1.141143709421157809e-01
1.141283929347991916e-01
1.141208797693252508e-01
1.141162887215614319e-01
1.141032218933105413e-01
