3.337642073631286621e+00
2.557685315608978271e+00
1.544462502002716064e+00
2.878970801830291748e+00
1.793729007244110107e+00
2.814581781625747681e+00
1.421531975269317627e+00
1.216436684131622314e+00
2.102200001478195190e+00
1.029457569122314453e+00
1.350201934576034546e+00
1.533995568752288818e+00
1.527239382266998291e+00
1.341462135314941406e+00
1.953494191169738770e+00
1.964693069458007812e+00
1.394903570413589478e+00
1.409722506999969482e+00
1.325507730245590210e+00
1.267722547054290771e+00
1.268294692039489746e+00
1.756849229335784912e+00
1.415359139442443848e+00
1.415260851383209229e+00
1.014804273843765259e+00
9.862954616546630859e-01
9.830569922924041748e-01
9.873453974723815918e-01
1.166467756032943726e+00
9.200173020362854004e-01
8.941837847232818604e-01
7.703476846218109131e-01
1.236446559429168701e+00
8.369208574295043945e-01
9.031005501747131348e-01
6.583330631256103516e-01
1.026255249977111816e+00
1.580229341983795166e+00
1.292035400867462158e+00
1.061003714799880981e+00
1.008385777473449707e+00
1.222669631242752075e+00
1.196552753448486328e+00
1.077298253774642944e+00
1.758178830146789551e+00
2.162636697292327881e+00
2.162255346775054932e+00
1.863536894321441650e+00
1.997329711914062500e+00
1.304435610771179199e+00
1.256552964448928833e+00
8.665123283863067627e-01
8.282065391540527344e-01
9.171509444713592529e-01
9.282604753971099854e-01
8.058072328567504883e-01
1.405470699071884155e+00
8.511911928653717041e-01
7.787387073040008545e-01
8.427359759807586670e-01
8.954270482063293457e-01
6.596073806285858154e-01
9.926973581314086914e-01
7.857728600502014160e-01
9.219098687171936035e-01
9.210560917854309082e-01
9.529509246349334717e-01
7.294571995735168457e-01
7.720199823379516602e-01
1.171802163124084473e+00
9.755064249038696289e-01
1.169544786214828491e+00
1.153278112411499023e+00
9.116750657558441162e-01
9.396100640296936035e-01
9.373725354671478271e-01
7.215812802314758301e-01
7.715163230895996094e-01
1.019763588905334473e+00
8.974767923355102539e-01
1.036475569009780884e+00
1.483864188194274902e+00
9.822092056274414062e-01
1.293266594409942627e+00
1.189934730529785156e+00
7.827041149139404297e-01
1.064422100782394409e+00
7.454013228416442871e-01
7.812780141830444336e-01
1.050730794668197632e+00
1.170477151870727539e+00
1.389843165874481201e+00
7.786501049995422363e-01
9.556561112403869629e-01
1.027958005666732788e+00
9.027841985225677490e-01
7.767335176467895508e-01
7.499668002128601074e-01
8.459020555019378662e-01
9.540897607803344727e-01
7.926301956176757812e-01
7.372568249702453613e-01
7.114139497280120850e-01
6.599592566490173340e-01
7.757224738597869873e-01
7.428765296936035156e-01
6.625764966011047363e-01
7.573466897010803223e-01
6.159560084342956543e-01
6.802794933319091797e-01
6.796413362026214600e-01
6.692443490028381348e-01
6.045418381690979004e-01
6.067611277103424072e-01
7.301993072032928467e-01
7.454816401004791260e-01
7.735356986522674561e-01
6.844842135906219482e-01
8.419784009456634521e-01
7.128873467445373535e-01
7.412783205509185791e-01
6.163932383060455322e-01
8.954484462738037109e-01
7.179734408855438232e-01
7.260104417800903320e-01
6.466526389122009277e-01
6.219505667686462402e-01
6.557365357875823975e-01
5.883525013923645020e-01
5.945204496383666992e-01
6.452243328094482422e-01
6.761645376682281494e-01
5.960738062858581543e-01
6.441652476787567139e-01
5.999363958835601807e-01
6.466879844665527344e-01
7.052341699600219727e-01
6.192894279956817627e-01
8.168116807937622070e-01
6.093704402446746826e-01
5.893982350826263428e-01
5.907704532146453857e-01
6.557367444038391113e-01
7.578356862068176270e-01
7.931070029735565186e-01
6.357518434524536133e-01
6.030056774616241455e-01
7.361025512218475342e-01
6.433910429477691650e-01
8.333067893981933594e-01
8.540293276309967041e-01
7.206319868564605713e-01
6.417273879051208496e-01
6.471934020519256592e-01
7.848778367042541504e-01
6.196561455726623535e-01
5.874056518077850342e-01
6.384968459606170654e-01
6.379309594631195068e-01
7.311706542968750000e-01
6.432973146438598633e-01
7.323298454284667969e-01
6.754561364650726318e-01
9.026906192302703857e-01
6.704607009887695312e-01
7.141728103160858154e-01
7.453317940235137939e-01
5.917524993419647217e-01
5.472856760025024414e-01
5.991036891937255859e-01
5.459476113319396973e-01
5.378916263580322266e-01
5.338124334812164307e-01
6.149156689643859863e-01
5.509404838085174561e-01
4.893527328968048096e-01
4.938959777355194092e-01
6.712874174118041992e-01
5.468720048666000366e-01
4.885484427213668823e-01
5.935951173305511475e-01
5.718858838081359863e-01
4.804482758045196533e-01
5.469514280557632446e-01
6.439077258110046387e-01
6.319537907838821411e-01
4.723566621541976929e-01
4.567467868328094482e-01
7.451729774475097656e-01
4.586486369371414185e-01
5.806686580181121826e-01
6.446175128221511841e-01
5.570972561836242676e-01
5.254908800125122070e-01
7.063601613044738770e-01
4.940724521875381470e-01
4.813780337572097778e-01
5.900156497955322266e-01
6.445000767707824707e-01
7.271722704172134399e-01
4.826101660728454590e-01
5.038214772939682007e-01
4.063994437456130981e-01
4.718244671821594238e-01
4.294818043708801270e-01
4.033532142639160156e-01
4.014403373003005981e-01
4.027659296989440918e-01
4.571435898542404175e-01
3.831255733966827393e-01
3.812470436096191406e-01
3.595749437808990479e-01
5.895048379898071289e-01
5.304079353809356689e-01
6.870811581611633301e-01
3.507472574710845947e-01
4.374058991670608521e-01
4.084557741880416870e-01
4.651985317468643188e-01
3.819492906332015991e-01
3.540459424257278442e-01
3.780252486467361450e-01
3.653470724821090698e-01
4.324755221605300903e-01
3.404827117919921875e-01
4.129768908023834229e-01
4.275510460138320923e-01
4.245948344469070435e-01
3.583332300186157227e-01
4.437849521636962891e-01
3.996389657258987427e-01
5.077065080404281616e-01
4.013905376195907593e-01
3.602414727210998535e-01
3.269420415163040161e-01
3.341153413057327271e-01
3.711688071489334106e-01
3.787693828344345093e-01
3.082635551691055298e-01
3.879700750112533569e-01
2.915586978197097778e-01
3.239493370056152344e-01
3.001220375299453735e-01
3.416714519262313843e-01
4.264845252037048340e-01
4.770189374685287476e-01
6.694517135620117188e-01
4.664963930845260620e-01
4.504024088382720947e-01
3.213840574026107788e-01
3.413323611021041870e-01
4.543557614088058472e-01
3.469697386026382446e-01
4.193945229053497314e-01
3.031129688024520874e-01
3.484652042388916016e-01
4.330990463495254517e-01
5.093794912099838257e-01
4.751649498939514160e-01
3.209033757448196411e-01
4.497994035482406616e-01
3.921842575073242188e-01
4.671494215726852417e-01
3.778633475303649902e-01
2.857488095760345459e-01
5.074708014726638794e-01
3.278384208679199219e-01
3.430176675319671631e-01
2.905454933643341064e-01
3.149693310260772705e-01
3.779471218585968018e-01
2.888924032449722290e-01
3.475132286548614502e-01
7.494109570980072021e-01
1.103978171944618225e+00
3.553006500005722046e-01
2.873483970761299133e-01
4.976542145013809204e-01
3.737479150295257568e-01
3.206207230687141418e-01
2.500232756137847900e-01
3.161616399884223938e-01
3.091545775532722473e-01
3.258152306079864502e-01
2.376890182495117188e-01
3.610208630561828613e-01
3.424551039934158325e-01
4.705853164196014404e-01
2.322808653116226196e-01
2.865218222141265869e-01
2.347168996930122375e-01
2.678127363324165344e-01
2.631631270051002502e-01
4.464232772588729858e-01
2.210183143615722656e-01
2.890520691871643066e-01
4.206955879926681519e-01
2.858916819095611572e-01
2.955286502838134766e-01
3.913297057151794434e-01
2.733617350459098816e-01
3.605415672063827515e-01
3.939038589596748352e-01
3.008759170770645142e-01
2.752342075109481812e-01
2.824898436665534973e-01
2.522053793072700500e-01
2.556184232234954834e-01
2.423436418175697327e-01
2.495051100850105286e-01
2.381888628005981445e-01
2.755781412124633789e-01
2.347843050956726074e-01
3.360523581504821777e-01
2.583775594830513000e-01
2.920911014080047607e-01
2.305770814418792725e-01
2.473445609211921692e-01
2.279342934489250183e-01
2.391694784164428711e-01
3.370197489857673645e-01
3.089482188224792480e-01
3.317630738019943237e-01
2.355906590819358826e-01
3.987977206707000732e-01
5.295566692948341370e-01
3.897743821144104004e-01
2.247202396392822266e-01
3.735903203487396240e-01
2.431220635771751404e-01
3.624085634946823120e-01
2.367221638560295105e-01
2.832936123013496399e-01
3.698079511523246765e-01
2.872361466288566589e-01
2.407060265541076660e-01
2.518707290291786194e-01
2.513444647192955017e-01
2.482900545001029968e-01
2.102526575326919556e-01
1.932602152228355408e-01
2.247364073991775513e-01
2.014252245426177979e-01
2.174711674451828003e-01
2.302570119500160217e-01
2.341857030987739563e-01
2.733458206057548523e-01
2.443460077047348022e-01
2.767866030335426331e-01
2.690575569868087769e-01
2.584722712635993958e-01
2.268901243805885315e-01
1.881925687193870544e-01
2.091418728232383728e-01
2.491841614246368408e-01
2.433135285973548889e-01
2.639954239130020142e-01
2.077459767460823059e-01
2.091345191001892090e-01
3.210337981581687927e-01
1.926275938749313354e-01
2.846545353531837463e-01
2.634823694825172424e-01
2.238725498318672180e-01
3.345123082399368286e-01
2.164508104324340820e-01
2.072611004114151001e-01
2.072184681892395020e-01
2.176808714866638184e-01
2.351397201418876648e-01
2.511030957102775574e-01
2.358652278780937195e-01
1.957777962088584900e-01
2.528991997241973877e-01
2.620478644967079163e-01
1.895180121064186096e-01
3.783089742064476013e-01
4.643147587776184082e-01
2.953655421733856201e-01
3.681275695562362671e-01
3.146747872233390808e-01
1.900911927223205566e-01
3.724303022027015686e-01
2.413043752312660217e-01
3.311516121029853821e-01
2.657883539795875549e-01
3.271254748106002808e-01
3.129953891038894653e-01
2.642625868320465088e-01
1.900012865662574768e-01
2.731187045574188232e-01
2.300464436411857605e-01
3.035948127508163452e-01
2.143480405211448669e-01
1.872566416859626770e-01
1.929978579282760620e-01
1.807927042245864868e-01
2.764246910810470581e-01
1.862859055399894714e-01
2.036214619874954224e-01
2.266154885292053223e-01
2.201502323150634766e-01
2.335744500160217285e-01
1.909183263778686523e-01
2.146763280034065247e-01
1.918764486908912659e-01
2.018590047955513000e-01
2.200165465474128723e-01
1.900343820452690125e-01
1.971095576882362366e-01
2.117626443505287170e-01
1.866500452160835266e-01
2.243748977780342102e-01
2.053266540169715881e-01
2.233467102050781250e-01
2.007139772176742554e-01
2.257535532116889954e-01
2.044555246829986572e-01
1.874370351433753967e-01
2.049530074000358582e-01
1.954496949911117554e-01
1.867956519126892090e-01
1.916832253336906433e-01
1.834841072559356689e-01
1.751200035214424133e-01
1.925931647419929504e-01
1.786651462316513062e-01
1.847443357110023499e-01
2.143141105771064758e-01
1.958865374326705933e-01
1.919492259621620178e-01
2.053296193480491638e-01
1.681429296731948853e-01
2.289806455373764038e-01
1.824773326516151428e-01
1.821280419826507568e-01
2.010564878582954407e-01
1.816193014383316040e-01
1.933376565575599670e-01
2.017258033156394958e-01
1.699666976928710938e-01
1.764815449714660645e-01
1.910063549876213074e-01
1.841534823179244995e-01
1.758412122726440430e-01
1.987731158733367920e-01
2.005148306488990784e-01
1.696890667080879211e-01
2.384492903947830200e-01
1.678514778614044189e-01
1.681867390871047974e-01
1.762665659189224243e-01
1.854173988103866577e-01
1.900140792131423950e-01
1.932595223188400269e-01
1.857598051428794861e-01
2.013924345374107361e-01
1.938093230128288269e-01
3.448198884725570679e-01
2.030565142631530762e-01
1.730387061834335327e-01
1.819515824317932129e-01
2.143125906586647034e-01
1.789130717515945435e-01
2.132677808403968811e-01
1.737239062786102295e-01
1.957020834088325500e-01
2.158273532986640930e-01
1.727037057280540466e-01
2.083251699805259705e-01
1.885129585862159729e-01
1.907016411423683167e-01
1.721134036779403687e-01
1.868666261434555054e-01
2.113134786486625671e-01
1.772358417510986328e-01
1.721114143729209900e-01
2.043156996369361877e-01
1.833492815494537354e-01
1.812525019049644470e-01
1.744475811719894409e-01
1.927599236369132996e-01
1.730545163154602051e-01
1.822789981961250305e-01
2.294403463602066040e-01
2.144039720296859741e-01
2.025055065751075745e-01
1.632617861032485962e-01
1.636127755045890808e-01
1.995781585574150085e-01
1.716913133859634399e-01
1.862190440297126770e-01
1.788810044527053833e-01
1.829381808638572693e-01
2.559182718396186829e-01
1.637353450059890747e-01
3.057448938488960266e-01
1.774435117840766907e-01
2.239463776350021362e-01
1.633049547672271729e-01
1.840689554810523987e-01
1.959093585610389709e-01
1.841176673769950867e-01
1.910682320594787598e-01
1.695896312594413757e-01
1.974748969078063965e-01
1.723331362009048462e-01
1.740435138344764709e-01
1.692338511347770691e-01
1.878512427210807800e-01
1.617469936609268188e-01
1.867384761571884155e-01
1.725769788026809692e-01
1.718216091394424438e-01
1.710668876767158508e-01
1.762476712465286255e-01
1.709227785468101501e-01
1.798859983682632446e-01
1.655669808387756348e-01
1.705990955233573914e-01
1.800681203603744507e-01
1.742873340845108032e-01
1.676910519599914551e-01
1.807219237089157104e-01
1.661256551742553711e-01
1.658667623996734619e-01
1.679003462195396423e-01
1.735801100730895996e-01
1.801252216100692749e-01
1.691163182258605957e-01
1.721674576401710510e-01
1.827029064297676086e-01
1.679373458027839661e-01
1.944034025073051453e-01
1.941344067454338074e-01
2.072645127773284912e-01
1.605792865157127380e-01
1.862108036875724792e-01
1.670265570282936096e-01
1.813620850443840027e-01
1.667525693774223328e-01
1.721274405717849731e-01
1.728974580764770508e-01
1.639030277729034424e-01
1.716585308313369751e-01
1.704532355070114136e-01
1.756479218602180481e-01
1.704577133059501648e-01
1.661924272775650024e-01
2.005963027477264404e-01
1.638000383973121643e-01
2.365691736340522766e-01
1.585268899798393250e-01
1.897622570395469666e-01
1.669544503092765808e-01
2.074822336435317993e-01
1.711907535791397095e-01
2.412935942411422729e-01
1.565109342336654663e-01
1.833306998014450073e-01
1.634721010923385620e-01
1.676399558782577515e-01
1.745365783572196960e-01
1.653817668557167053e-01
1.841690540313720703e-01
1.647508069872856140e-01
2.069949656724929810e-01
1.639779582619667053e-01
1.791624724864959717e-01
1.713024675846099854e-01
1.665266007184982300e-01
1.684092283248901367e-01
1.960326135158538818e-01
1.577497124671936035e-01
1.726342588663101196e-01
1.697653383016586304e-01
1.671872064471244812e-01
2.192372828722000122e-01
1.681738421320915222e-01
1.764355227351188660e-01
1.606545820832252502e-01
1.697395741939544678e-01
1.701876297593116760e-01
1.907121762633323669e-01
1.663386747241020203e-01
1.653162688016891479e-01
2.667584270238876343e-01
1.651192456483840942e-01
1.845109239220619202e-01
1.660128757357597351e-01
1.941339895129203796e-01
1.945536211133003235e-01
1.577316597104072571e-01
1.793483495712280273e-01
1.656786501407623291e-01
1.664901226758956909e-01
1.861914545297622681e-01
1.674520149827003479e-01
1.697917059063911438e-01
1.714543849229812622e-01
1.621267274022102356e-01
1.755530983209609985e-01
1.637636125087738037e-01
1.653423458337783813e-01
1.690479591488838196e-01
1.639800816774368286e-01
1.656901389360427856e-01
1.689287796616554260e-01
1.619174405932426453e-01
1.729938313364982605e-01
1.624937504529953003e-01
1.664710417389869690e-01
1.661169379949569702e-01
1.677518710494041443e-01
1.694382056593894958e-01
1.615503653883934021e-01
1.726443246006965637e-01
1.624438613653182983e-01
1.634737551212310791e-01
1.671385467052459717e-01
1.649095565080642700e-01
1.639134883880615234e-01
1.637239009141921997e-01
1.679474487900733948e-01
1.620543748140335083e-01
1.691661104559898376e-01
1.600476205348968506e-01
1.680497154593467712e-01
1.640912964940071106e-01
1.718768402934074402e-01
1.613871157169342041e-01
1.721610799431800842e-01
1.602128893136978149e-01
1.705822423100471497e-01
1.585035622119903564e-01
1.766866818070411682e-01
1.566142588853836060e-01
1.799508556723594666e-01
1.714509353041648865e-01
1.710111498832702637e-01
1.868389770388603210e-01
1.564936712384223938e-01
1.588173508644104004e-01
1.807604283094406128e-01
1.571073383092880249e-01
1.738647222518920898e-01
1.649970933794975281e-01
1.703473031520843506e-01
1.636680886149406433e-01
1.658970639109611511e-01
1.636098772287368774e-01
1.664301604032516479e-01
1.747146099805831909e-01
1.575269699096679688e-01
1.697454154491424561e-01
1.627547144889831543e-01
1.599279120564460754e-01
1.790275350213050842e-01
1.563211753964424133e-01
1.682237535715103149e-01
1.610943377017974854e-01
1.690701246261596680e-01
1.611258685588836670e-01
1.660648584365844727e-01
1.624710783362388611e-01
1.685164049267768860e-01
1.629282683134078979e-01
1.717137694358825684e-01
1.573775783181190491e-01
1.765915900468826294e-01
1.606317237019538879e-01
1.672816127538681030e-01
1.604726240038871765e-01
1.626562848687171936e-01
1.651414036750793457e-01
1.679192483425140381e-01
1.600087955594062805e-01
1.633908003568649292e-01
1.631424203515052795e-01
1.650520414113998413e-01
1.642081737518310547e-01
1.621408686041831970e-01
1.664304286241531372e-01
1.611162647604942322e-01
1.683885455131530762e-01
1.641738936305046082e-01
1.632902175188064575e-01
1.643858850002288818e-01
1.620109528303146362e-01
1.635936573147773743e-01
1.612864583730697632e-01
1.660090759396553040e-01
1.601646095514297485e-01
1.637085452675819397e-01
1.636301130056381226e-01
1.661067456007003784e-01
1.619786694645881653e-01
1.639599502086639404e-01
1.609804257750511169e-01
1.671374812722206116e-01
1.609173566102981567e-01
1.610074043273925781e-01
1.777469441294670105e-01
1.571803763508796692e-01
1.579430997371673584e-01
1.719503998756408691e-01
1.568392440676689148e-01
1.625712439417839050e-01
1.671760305762290955e-01
1.594217270612716675e-01
1.692980751395225525e-01
1.610433310270309448e-01
1.633125767111778259e-01
1.638186722993850708e-01
1.612305939197540283e-01
1.612885966897010803e-01
1.649237498641014099e-01
1.626117527484893799e-01
1.638529002666473389e-01
1.598346456885337830e-01
1.639672070741653442e-01
1.601172089576721191e-01
1.637313514947891235e-01
1.650705784559249878e-01
1.612238809466362000e-01
1.630282178521156311e-01
1.616280153393745422e-01
1.618027612566947937e-01
1.627721339464187622e-01
1.607015430927276611e-01
1.612407267093658447e-01
1.626968234777450562e-01
1.610790789127349854e-01
1.680883541703224182e-01
1.597364023327827454e-01
1.637971922755241394e-01
1.642463132739067078e-01
1.604392677545547485e-01
1.615471690893173218e-01
1.641798466444015503e-01
1.624748259782791138e-01
1.638727858662605286e-01
1.615368723869323730e-01
1.625385284423828125e-01
1.632381528615951538e-01
1.607446298003196716e-01
1.618874892592430115e-01
1.632901951670646667e-01
1.627353131771087646e-01
1.626334786415100098e-01
1.581798344850540161e-01
1.607484295964241028e-01
1.629915237426757812e-01
1.620551198720932007e-01
1.623191982507705688e-01
1.608650460839271545e-01
1.642292365431785583e-01
1.617470309138298035e-01
1.671724766492843628e-01
1.582302823662757874e-01
1.605802476406097412e-01
1.646800935268402100e-01
1.583606749773025513e-01
1.655271053314208984e-01
1.597397699952125549e-01
1.640648916363716125e-01
1.619795560836791992e-01
1.617464497685432434e-01
1.631975471973419189e-01
1.612151488661766052e-01
1.659573614597320557e-01
1.602467149496078491e-01
1.636313572525978088e-01
1.625804007053375244e-01
1.607957929372787476e-01
1.639476045966148376e-01
1.635155007243156433e-01
1.626476794481277466e-01
1.620847284793853760e-01
1.603059917688369751e-01
1.604812070727348328e-01
1.624812334775924683e-01
1.598902270197868347e-01
1.618882417678833008e-01
1.618221178650856018e-01
1.626284271478652954e-01
1.568930298089981079e-01
1.626944988965988159e-01
1.587411910295486450e-01
1.629761978983879089e-01
1.595999076962471008e-01
1.629863977432250977e-01
1.620569452643394470e-01
1.655516847968101501e-01
1.618219166994094849e-01
1.653500795364379883e-01
1.614796817302703857e-01
1.731138974428176880e-01
1.662131249904632568e-01
1.623824909329414368e-01
1.608201265335083008e-01
1.638455837965011597e-01
1.618622392416000366e-01
1.624237373471260071e-01
1.589114814996719360e-01
1.620917990803718567e-01
1.601022630929946899e-01
1.602776497602462769e-01
1.649950072169303894e-01
1.598871275782585144e-01
1.600820794701576233e-01
1.612402498722076416e-01
1.639422997832298279e-01
1.589290946722030640e-01
1.616983637213706970e-01
1.620721817016601562e-01
1.593132540583610535e-01
1.625982820987701416e-01
1.603037565946578979e-01
1.612613946199417114e-01
1.607430204749107361e-01
1.641341075301170349e-01
1.614913567900657654e-01
1.601274460554122925e-01
1.628397703170776367e-01
1.614017933607101440e-01
1.604272574186325073e-01
1.626001968979835510e-01
1.615617424249649048e-01
1.621652990579605103e-01
1.625149846076965332e-01
1.604624539613723755e-01
1.625856980681419373e-01
1.607170850038528442e-01
1.603242158889770508e-01
1.603644117712974548e-01
1.625429466366767883e-01
1.595485806465148926e-01
1.606599912047386169e-01
1.624806299805641174e-01
1.591831371188163757e-01
1.582761332392692566e-01
1.636347919702529907e-01
1.591902822256088257e-01
1.600759625434875488e-01
1.618563756346702576e-01
1.621220707893371582e-01
1.619842648506164551e-01
1.605838984251022339e-01
1.619496643543243408e-01
1.599211841821670532e-01
1.619000136852264404e-01
1.612647101283073425e-01
1.610672846436500549e-01
1.612049341201782227e-01
1.621050238609313965e-01
1.600111052393913269e-01
1.634579226374626160e-01
1.598348990082740784e-01
1.614536270499229431e-01
1.610000282526016235e-01
1.601813510060310364e-01
1.610131338238716125e-01
1.594861671328544617e-01
1.615245491266250610e-01
1.635076180100440979e-01
1.610699295997619629e-01
1.604158878326416016e-01
1.631921231746673584e-01
1.602879092097282410e-01
1.602687239646911621e-01
1.610644534230232239e-01
1.584171503782272339e-01
1.601870879530906677e-01
1.611862033605575562e-01
1.606714129447937012e-01
1.596086472272872925e-01
1.577576994895935059e-01
1.635365262627601624e-01
1.596105918288230896e-01
1.600926369428634644e-01
1.611073911190032959e-01
1.611381396651268005e-01
1.609663516283035278e-01
1.621496304869651794e-01
1.600148454308509827e-01
1.595963314175605774e-01
1.618955507874488831e-01
1.610909029841423035e-01
1.627159044146537781e-01
1.616743654012680054e-01
1.584412604570388794e-01
1.617175489664077759e-01
1.601485610008239746e-01
1.595412418246269226e-01
1.643546000123023987e-01
1.591352149844169617e-01
1.631033420562744141e-01
1.567339599132537842e-01
1.601721420884132385e-01
1.613417640328407288e-01
1.616272181272506714e-01
1.588844954967498779e-01
1.607761606574058533e-01
1.597527861595153809e-01
1.611020267009735107e-01
1.608436554670333862e-01
1.589314043521881104e-01
1.602754220366477966e-01
1.586246341466903687e-01
1.611579880118370056e-01
1.602765917778015137e-01
1.606387421488761902e-01
1.599746868014335632e-01
1.609892398118972778e-01
1.595692560076713562e-01
1.618010029196739197e-01
1.610447987914085388e-01
1.593720167875289917e-01
1.616955399513244629e-01
1.604978889226913452e-01
1.610569804906845093e-01
1.593020334839820862e-01
1.607038229703903198e-01
1.585346013307571411e-01
1.620971336960792542e-01
1.593770384788513184e-01
1.598036736249923706e-01
1.606141850352287292e-01
1.602380797266960144e-01
1.580977812409400940e-01
1.618746146559715271e-01
1.593497544527053833e-01
1.596985310316085815e-01
1.597835868597030640e-01
1.601938083767890930e-01
1.603416204452514648e-01
1.609738320112228394e-01
1.604761630296707153e-01
1.607836261391639709e-01
1.601901501417160034e-01
1.592293530702590942e-01
1.585665121674537659e-01
1.611692681908607483e-01
1.599608287215232849e-01
1.599869355559349060e-01
1.607264354825019836e-01
1.610830277204513550e-01
1.590364053845405579e-01
1.608455628156661987e-01
1.614535078406333923e-01
1.585024818778038025e-01
1.607943549752235413e-01
1.610945686697959900e-01
1.613313481211662292e-01
1.577316150069236755e-01
1.595635116100311279e-01
1.601361557841300964e-01
1.604982614517211914e-01
1.607099920511245728e-01
1.591888517141342163e-01
1.593792513012886047e-01
1.601933836936950684e-01
1.586587727069854736e-01
1.591887325048446655e-01
1.618771180510520935e-01
1.617550328373908997e-01
1.608569175004959106e-01
1.590352877974510193e-01
1.627200692892074585e-01
1.623248904943466187e-01
1.572620123624801636e-01
1.648091152310371399e-01
1.601593196392059326e-01
1.589021310210227966e-01
1.635801121592521667e-01
1.597419828176498413e-01
1.570795625448226929e-01
1.594051569700241089e-01
1.620189398527145386e-01
1.617300882935523987e-01
1.603837013244628906e-01
1.614554300904273987e-01
1.589303314685821533e-01
1.611977964639663696e-01
1.617369353771209717e-01
1.577049344778060913e-01
1.603366211056709290e-01
1.601058468222618103e-01
1.605963483452796936e-01
1.594581454992294312e-01
1.595629453659057617e-01
1.588429063558578491e-01
1.612846329808235168e-01
1.593944951891899109e-01
1.600604057312011719e-01
1.587031856179237366e-01
1.582407951354980469e-01
1.590289995074272156e-01
1.613598689436912537e-01
1.601144298911094666e-01
1.601288616657257080e-01
1.583601236343383789e-01
1.574340686202049255e-01
1.597386002540588379e-01
1.596545875072479248e-01
1.607503592967987061e-01
1.577709987759590149e-01
1.594365462660789490e-01
1.589041501283645630e-01
1.595523506402969360e-01
1.600865796208381653e-01
1.599171608686447144e-01
1.591451168060302734e-01
1.612261980772018433e-01
1.592773497104644775e-01
1.585298702120780945e-01
1.583069711923599243e-01
1.602765917778015137e-01
1.614887192845344543e-01
1.591885834932327271e-01
1.597269922494888306e-01
1.602642983198165894e-01
1.589059084653854370e-01
1.593523249030113220e-01
1.589017137885093689e-01
1.608766838908195496e-01
1.598947718739509583e-01
1.593798324465751648e-01
1.602531448006629944e-01
1.615724042057991028e-01
1.615584120154380798e-01
1.583704352378845215e-01
1.609989255666732788e-01
1.603543385863304138e-01
1.622501537203788757e-01
1.607132256031036377e-01
1.607894152402877808e-01
1.601122096180915833e-01
1.606242135167121887e-01
1.611659601330757141e-01
1.601468548178672791e-01
1.574073955416679382e-01
1.591216027736663818e-01
1.621048897504806519e-01
1.611449867486953735e-01
1.590427383780479431e-01
1.591281890869140625e-01
1.593554839491844177e-01
1.615017056465148926e-01
1.579994484782218933e-01
1.581428796052932739e-01
1.602406799793243408e-01
1.596319749951362610e-01
1.600545793771743774e-01
1.605142652988433838e-01
1.577251404523849487e-01
1.586126908659934998e-01
1.603530570864677429e-01
1.597452759742736816e-01
1.566006988286972046e-01
1.610723063349723816e-01
1.576372236013412476e-01
1.590550318360328674e-01
1.585113629698753357e-01
1.590309888124465942e-01
1.602880805730819702e-01
1.589082628488540649e-01
1.601023152470588684e-01
1.598065569996833801e-01
1.610970273613929749e-01
1.597371697425842285e-01
1.599555090069770813e-01
1.592846438288688660e-01
1.604650691151618958e-01
1.617491096258163452e-01
1.602708175778388977e-01
1.578464731574058533e-01
1.610836088657379150e-01
1.590507999062538147e-01
1.596704497933387756e-01
1.593242064118385315e-01
1.609203219413757324e-01
1.584093943238258362e-01
1.593294441699981689e-01
1.599775031208992004e-01
1.590283885598182678e-01
1.607119366526603699e-01
1.603752225637435913e-01
1.592888906598091125e-01
1.582285240292549133e-01
1.612012013792991638e-01
1.583595722913742065e-01
1.598245948553085327e-01
1.601039394736289978e-01
1.607909277081489563e-01
1.598005741834640503e-01
1.596256569027900696e-01
1.603790372610092163e-01
1.584923416376113892e-01
1.611273735761642456e-01
1.617575734853744507e-01
1.594620496034622192e-01
1.568337604403495789e-01
1.605174914002418518e-01
1.583530902862548828e-01
1.605202108621597290e-01
1.591159850358963013e-01
1.611271873116493225e-01
1.607493683695793152e-01
1.610691770911216736e-01
1.588547080755233765e-01
1.607529446482658386e-01
1.584030017256736755e-01
1.606241911649703979e-01
1.603502705693244934e-01
1.579438447952270508e-01
1.600931733846664429e-01
1.599781364202499390e-01
1.595374718308448792e-01
1.598813608288764954e-01
1.586088463664054871e-01
1.609925553202629089e-01
1.579151526093482971e-01
1.605155318975448608e-01
1.597730964422225952e-01
1.593742668628692627e-01
1.608335971832275391e-01
1.593747511506080627e-01
1.592255458235740662e-01
1.569522768259048462e-01
1.614774912595748901e-01
1.602461263537406921e-01
1.604637876152992249e-01
1.587252095341682434e-01
1.604000926017761230e-01
1.607409939169883728e-01
1.601832136511802673e-01
1.592418998479843140e-01
1.578538790345191956e-01
1.602115184068679810e-01
1.592605635523796082e-01
1.600470095872879028e-01
1.609174609184265137e-01
1.592851132154464722e-01
1.577901765704154968e-01
1.600946336984634399e-01
1.587024927139282227e-01
1.593481153249740601e-01
1.609524860978126526e-01
1.599160432815551758e-01
1.585134118795394897e-01
1.606341674923896790e-01
1.594114080071449280e-01
1.602817624807357788e-01
1.561872437596321106e-01
1.612793132662773132e-01
1.582247018814086914e-01
1.602315232157707214e-01
1.591615378856658936e-01
1.593085303902626038e-01
1.597698479890823364e-01
1.601130962371826172e-01
1.616150215268135071e-01
1.602210402488708496e-01
1.595261767506599426e-01
1.595438569784164429e-01
1.603717654943466187e-01
1.594716683030128479e-01
1.571580618619918823e-01
1.597029194235801697e-01
1.599753871560096741e-01
1.601588949561119080e-01
1.605766937136650085e-01
1.601482480764389038e-01
1.612963378429412842e-01
1.609092801809310913e-01
1.584686413407325745e-01
1.588460579514503479e-01
1.588164418935775757e-01
1.565056964755058289e-01
1.602296456694602966e-01
1.595030426979064941e-01
1.600680276751518250e-01
1.599036008119583130e-01
1.610492691397666931e-01
1.599895134568214417e-01
1.598838791251182556e-01
1.598459705710411072e-01
1.599578782916069031e-01
1.620627343654632568e-01
1.596538871526718140e-01
1.564098224043846130e-01
1.601854935288429260e-01
1.603662669658660889e-01
1.593647152185440063e-01
1.605456769466400146e-01
1.607335582375526428e-01
1.597233787178993225e-01
1.602516025304794312e-01
