1.038670241832733154e-01
8.278061449527740479e-02
8.960026130080223083e-02
1.177168264985084534e-01
4.557686299085617065e-02
5.642482452094554901e-02
8.094045519828796387e-02
6.805059313774108887e-02
6.246704794466495514e-02
8.164363540709018707e-02
6.550277769565582275e-02
7.183529064059257507e-02
4.853380098938941956e-02
5.244396999478340149e-02
7.724529504776000977e-02
8.399099484086036682e-02
5.397921241819858551e-02
6.394511647522449493e-02
6.603027321398258209e-02
1.036984287202358246e-01
1.000746898353099823e-01
6.999126076698303223e-02
6.772597879171371460e-02
7.836623117327690125e-02
4.995676316320896149e-02
6.785658374428749084e-02
5.962377041578292847e-02
6.924056075513362885e-02
5.707443691790103912e-02
4.529154114425182343e-02
5.063380300998687744e-02
5.724198557436466217e-02
4.921175166964530945e-02
4.887663200497627258e-02
4.042648524045944214e-02
4.497084394097328186e-02
4.157049953937530518e-02
5.498024821281433105e-02
3.700560517609119415e-02
4.725405015051364899e-02
4.317217692732810974e-02
4.940460249781608582e-02
4.965352453291416168e-02
4.495970718562602997e-02
5.686237290501594543e-02
5.952781997621059418e-02
7.225017622113227844e-02
4.459081962704658508e-02
6.665539741516113281e-02
6.844664178788661957e-02
4.514908604323863983e-02
5.138744227588176727e-02
4.111036099493503571e-02
4.048547334969043732e-02
3.779721632599830627e-02
4.796666093170642853e-02
4.549930803477764130e-02
5.339447408914566040e-02
3.943640738725662231e-02
3.592542372643947601e-02
3.926459699869155884e-02
4.939988814294338226e-02
5.449648201465606689e-02
4.305483028292655945e-02
3.689940460026264191e-02
3.677075356245040894e-02
3.700382076203823090e-02
3.307240549474954605e-02
3.980938903987407684e-02
5.227046646177768707e-02
4.291565716266632080e-02
4.475372750312089920e-02
5.833229050040245056e-02
4.376853723078966141e-02
5.655469372868537903e-02
4.119706526398658752e-02
4.922891221940517426e-02
3.834175877273082733e-02
4.656648263335227966e-02
4.868686199188232422e-02
5.639058165252208710e-02
5.338036641478538513e-02
4.627984762191772461e-02
5.539748445153236389e-02
5.068604834377765656e-02
5.258715339004993439e-02
3.784151840955018997e-02
4.537704400718212128e-02
5.641997978091239929e-02
4.011271428316831589e-02
5.380208231508731842e-02
4.814893752336502075e-02
3.787456732243299484e-02
4.097644053399562836e-02
5.068438500165939331e-02
4.091083630919456482e-02
4.002634808421134949e-02
3.592565841972827911e-02
3.817446157336235046e-02
4.212436079978942871e-02
3.483075369149446487e-02
4.498706385493278503e-02
4.257619380950927734e-02
4.367576912045478821e-02
4.569224454462528229e-02
4.044695757329463959e-02
3.833357244729995728e-02
4.043636471033096313e-02
4.078112170100212097e-02
4.001154750585556030e-02
3.431045636534690857e-02
3.101692069321870804e-02
3.646813705563545227e-02
3.550709597766399384e-02
3.729237802326679230e-02
2.932605519890785217e-02
3.429382853209972382e-02
3.584218397736549377e-02
3.774753957986831665e-02
3.127277735620737076e-02
3.299374040216207504e-02
4.301061760634183884e-02
3.276682365685701370e-02
3.308887127786874771e-02
3.391212504357099533e-02
3.301626257598400116e-02
3.407746553421020508e-02
3.360689431428909302e-02
3.328863903880119324e-02
3.399677574634552002e-02
3.676950186491012573e-02
3.576510120183229446e-02
2.839368302375078201e-02
3.330465219914913177e-02
3.735080640763044357e-02
3.007279057055711746e-02
3.402026649564504623e-02
3.364818356931209564e-02
3.309038560837507248e-02
3.298222925513982773e-02
2.665698435157537460e-02
2.591831609606742859e-02
2.865195926278829575e-02
3.411835525184869766e-02
3.007309697568416595e-02
2.769252099096775055e-02
3.762735985219478607e-02
2.463664580136537552e-02
3.103149030357599258e-02
2.892132196575403214e-02
2.694112900644540787e-02
3.159937635064125061e-02
3.103439323604106903e-02
3.121030330657958984e-02
2.731174696236848831e-02
2.891407161951065063e-02
3.275004588067531586e-02
3.675050195306539536e-02
2.235635742545127869e-02
2.584570366889238358e-02
2.750633563846349716e-02
2.755257394164800644e-02
2.679481822997331619e-02
2.711659763008356094e-02
2.465183474123477936e-02
2.916328050196170807e-02
2.846313267946243286e-02
2.391440793871879578e-02
2.570237871259450912e-02
2.010009111836552620e-02
2.326207142323255539e-02
1.872481778264045715e-02
1.734892791137099266e-02
2.362852357327938080e-02
2.293850667774677277e-02
2.199277468025684357e-02
2.486327383667230606e-02
2.102375309914350510e-02
1.638205954805016518e-02
1.729522738605737686e-02
1.960449758917093277e-02
2.128712460398674011e-02
1.835106499493122101e-02
1.439685164950788021e-02
1.776499487459659576e-02
1.725607272237539291e-02
1.808227784931659698e-02
1.953456224873661995e-02
1.978434016928076744e-02
1.871004607528448105e-02
1.869506528601050377e-02
1.968140993267297745e-02
1.658548694103956223e-02
1.494030561298131943e-02
1.893933676183223724e-02
1.306730275973677635e-02
1.331280171871185303e-02
1.285916334018111229e-02
1.202529529109597206e-02
1.254429481923580170e-02
1.347353588789701462e-02
1.113570877350866795e-02
1.166417216882109642e-02
1.631329441443085670e-02
1.333157625049352646e-02
1.373716024681925774e-02
1.003825361840426922e-02
1.007042359560728073e-02
1.186670036986470222e-02
1.301842229440808296e-02
1.151402061805129051e-02
8.362858090549707413e-03
1.219974085688591003e-02
1.132856169715523720e-02
1.386973680928349495e-02
9.516664780676364899e-03
1.164018036797642708e-02
1.175964437425136566e-02
1.087451679632067680e-02
1.045189285650849342e-02
1.189222233369946480e-02
8.132511051371693611e-03
1.073314016684889793e-02
7.935741916298866272e-03
1.033889129757881165e-02
7.420804351568222046e-03
1.092575071379542351e-02
8.190064458176493645e-03
7.853223942220211029e-03
7.162224501371383667e-03
8.248315891250967979e-03
7.718603825196623802e-03
8.292652666568756104e-03
8.781562326475977898e-03
7.440357236191630363e-03
8.933831471949815750e-03
5.534909549169242382e-03
9.129665326327085495e-03
9.241411229595541954e-03
5.841763573698699474e-03
5.907303187996149063e-03
6.655123317614197731e-03
8.041928755119442940e-03
6.756843533366918564e-03
8.439035620540380478e-03
5.177860031835734844e-03
1.366997091099619865e-02
6.304937414824962616e-03
8.689282927662134171e-03
7.361227879300713539e-03
6.910822819918394089e-03
6.602998822927474976e-03
9.835820179432630539e-03
7.378261769190430641e-03
6.874014623463153839e-03
8.045225637033581734e-03
7.576304720714688301e-03
7.602237164974212646e-03
8.307219250127673149e-03
4.864520044066011906e-03
1.208069641143083572e-02
5.468585761263966560e-03
1.092653209343552589e-02
5.283062695525586605e-03
6.183763267472386360e-03
7.194960722699761391e-03
6.471407599747180939e-03
7.769728777930140495e-03
6.684392690658569336e-03
5.896986927837133408e-03
7.640707073733210564e-03
5.951129831373691559e-03
4.346853238530457020e-03
6.284549133852124214e-03
6.193140987306833267e-03
5.618799710646271706e-03
5.467227194458246231e-03
6.006121402606368065e-03
6.498634582385420799e-03
4.754371941089630127e-03
3.285861981566995382e-03
4.164880374446511269e-03
4.844345618039369583e-03
3.992892568930983543e-03
4.340536426752805710e-03
4.960718797519803047e-03
3.212522307876497507e-03
3.748492221347987652e-03
3.547050873748958111e-03
4.269542288966476917e-03
4.285266622900962830e-03
3.484168206341564655e-03
5.474606528878211975e-03
5.475145066156983376e-03
3.193924785591661930e-03
4.863401758484542370e-03
9.172471938654780388e-03
3.766640438698232174e-03
4.462771932594478130e-03
6.649906281381845474e-03
3.918725065886974335e-03
6.678232690319418907e-03
3.407841781154274940e-03
5.911038257181644440e-03
5.703566595911979675e-03
4.550505196675658226e-03
5.017752060666680336e-03
4.161790478974580765e-03
3.505554399453103542e-03
3.687692456878721714e-03
3.317813971079885960e-03
4.106044536456465721e-03
2.256281091831624508e-03
4.725181730464100838e-03
3.438801737502217293e-03
5.250387825071811676e-03
3.600905532948672771e-03
4.002780304290354252e-03
2.615992038045078516e-03
3.315408946946263313e-03
3.133234451524913311e-03
3.123886766843497753e-03
4.160537850111722946e-03
3.048946615308523178e-03
4.750425228849053383e-03
2.567580319009721279e-03
5.320680560544133186e-03
2.927827183157205582e-03
4.799225134775042534e-03
3.513327450491487980e-03
5.639937939122319221e-03
3.562481957487761974e-03
4.280967405065894127e-03
2.975320559926331043e-03
3.693170845508575439e-03
3.238132223486900330e-03
3.433045581914484501e-03
2.803917159326374531e-03
3.368200967088341713e-03
2.841887646354734898e-03
2.664768835529685020e-03
2.947713481262326241e-03
3.420447930693626404e-03
2.982341335155069828e-03
2.598750113975256681e-03
2.293289289809763432e-03
2.468241436872631311e-03
2.401001227553933859e-03
2.014684199821203947e-03
3.732000128366053104e-03
2.733112312853336334e-03
2.560613560490310192e-03
2.356162643991410732e-03
2.923090010881423950e-03
2.599706116598099470e-03
2.233026665635406971e-03
2.382676582783460617e-03
3.241004538722336292e-03
3.346084035001695156e-03
3.679719637148082256e-03
2.094805764500051737e-03
2.661348902620375156e-03
3.292534151114523411e-03
2.112089947331696749e-03
3.861260949634015560e-03
2.463050186634063721e-03
3.251401358284056187e-03
3.372654085978865623e-03
2.428532228805124760e-03
2.753952168859541416e-03
2.273448742926120758e-03
2.114732342306524515e-03
2.109872060827910900e-03
2.953203511424362659e-03
2.813036204315721989e-03
2.651779679581522942e-03
2.012035547522827983e-03
3.479899722151458263e-03
2.288628835231065750e-03
2.490776125341653824e-03
2.910936134867370129e-03
2.295272774063050747e-03
2.363689418416470289e-03
2.948292763903737068e-03
2.877407358027994633e-03
2.295215264894068241e-03
2.750543062575161457e-03
2.386752516031265259e-03
2.268545911647379398e-03
2.046497422270476818e-03
3.207505447790026665e-03
2.213269704952836037e-03
3.985379007644951344e-03
2.954176859930157661e-03
2.046803827397525311e-03
2.153860288672149181e-03
2.683073864318430424e-03
3.492837888188660145e-03
2.508450299501419067e-03
1.930998463649302721e-03
2.256109029985964298e-03
1.955637300852686167e-03
2.580868196673691273e-03
2.838231506757438183e-03
1.976238272618502378e-03
2.598606282845139503e-03
1.950511476024985313e-03
2.318557351827621460e-03
2.755415975116193295e-03
2.350922673940658569e-03
2.275684440974146128e-03
2.039529150351881981e-03
2.620876301079988480e-03
2.269545337185263634e-03
2.993781352415680885e-03
2.227175980806350708e-03
2.162512799259275198e-03
2.370048197917640209e-03
2.143591700587421656e-03
2.668812172487378120e-03
2.182169409934431314e-03
2.142880926840007305e-03
1.919575734063982964e-03
1.887457910925149918e-03
1.866269682068377733e-03
2.186721423640847206e-03
2.755528315901756287e-03
1.666757161729037762e-03
2.079193596728146076e-03
1.893283217214047909e-03
2.050702576525509357e-03
2.952335984446108341e-03
1.476205827202647924e-03
2.153783221729099751e-03
2.628590795211493969e-03
1.972733240108937025e-03
2.563226968050003052e-03
2.310706651769578457e-03
1.967219403013586998e-03
2.856096718460321426e-03
1.893339853268116713e-03
1.851800072472542524e-03
1.914440654218196869e-03
1.991985423956066370e-03
1.718980784062296152e-03
2.581052482128143311e-03
2.082490536849945784e-03
2.757101552560925484e-03
2.288973366376012564e-03
2.038823324255645275e-03
2.359004691243171692e-03
1.931530016008764505e-03
2.218041801825165749e-03
2.582956280093640089e-03
2.467527519911527634e-03
2.524692623410373926e-03
1.938333152793347836e-03
2.240944770164787769e-03
1.497726974776014686e-03
1.917273446451872587e-03
1.639288675505667925e-03
2.394107053987681866e-03
2.975808223709464073e-03
1.865173631813377142e-03
2.548995427787303925e-03
1.834003720432519913e-03
2.101420192047953606e-03
2.715101581998169422e-03
1.690016128122806549e-03
2.741620410233736038e-03
2.246464369818568230e-03
2.155810536351054907e-03
2.293818688485771418e-03
2.179680159315466881e-03
2.314354991540312767e-03
1.691973477136343718e-03
2.066329238004982471e-03
2.354436903260648251e-03
2.424794482067227364e-03
1.920550595968961716e-03
2.277843013871461153e-03
2.910518436692655087e-03
2.096708398312330246e-03
1.741597254294902086e-03
2.629253198392689228e-03
2.082588325720280409e-03
2.537940163165330887e-03
2.031632757280021906e-03
1.921482558827847242e-03
2.572490135207772255e-03
2.597162907477468252e-03
1.672289596172049642e-03
1.372971571981906891e-03
1.913444313686341047e-03
3.109259763732552528e-03
1.357763481792062521e-03
2.850645803846418858e-03
1.638982968870550394e-03
2.319313352927565575e-03
2.175842178985476494e-03
2.111973939463496208e-03
1.729755662381649017e-03
2.066121960524469614e-03
1.823054568376392126e-03
1.911953615490347147e-03
2.086455351673066616e-03
1.867863291408866644e-03
2.251347119454294443e-03
2.014772675465792418e-03
2.123616752214729786e-03
1.686809468083083630e-03
2.141739591024816036e-03
2.138437645044177771e-03
1.907680998556315899e-03
2.235555788502097130e-03
1.818913093302398920e-03
1.595708017703145742e-03
1.772885618265718222e-03
1.547740015666931868e-03
2.564895839896053076e-03
1.607717655133455992e-03
1.823355269152671099e-03
2.092692826408892870e-03
1.983800262678414583e-03
1.640536182094365358e-03
1.697513973340392113e-03
1.866861653979867697e-03
1.946470234543085098e-03
1.966856245417147875e-03
1.915323780849575996e-03
1.850954955443739891e-03
2.443161152768880129e-03
2.097161370329558849e-03
1.521595695521682501e-03
1.733030483592301607e-03
2.158290124498307705e-03
1.847778970841318369e-03
1.837962947320193052e-03
1.422750559868291020e-03
1.683754671830683947e-03
1.733299228362739086e-03
2.133896923623979092e-03
2.444586774799972773e-03
1.772841089405119419e-03
1.924059935845434666e-03
2.129626634996384382e-03
2.165904093999415636e-03
2.127253508660942316e-03
1.842299709096550941e-03
2.428417617920786142e-03
1.676012063398957253e-03
2.593428012914955616e-03
1.435877464246004820e-03
1.658375025726854801e-03
1.630701706744730473e-03
2.024680725298821926e-03
1.815295545384287834e-03
1.887718273792415857e-03
1.839767035562545061e-03
2.434428373817354441e-03
2.139842486940324306e-03
1.922922208905220032e-03
1.908208301756531000e-03
1.918379042763262987e-03
1.825178565923124552e-03
1.869305619038641453e-03
2.938382385764271021e-03
2.250747289508581161e-03
2.066773478873074055e-03
2.242279006168246269e-03
1.850961009040474892e-03
1.793852134142071009e-03
1.887355989310890436e-03
1.717807725071907043e-03
2.438088762573897839e-03
2.147845283616334200e-03
1.862150966189801693e-03
1.714855839964002371e-03
1.979320833925157785e-03
1.769998169038444757e-03
1.762746018357574940e-03
1.887976075522601604e-03
2.193343010731041431e-03
1.905154145788401365e-03
1.414451224263757467e-03
1.729518233332782984e-03
1.908568083308637142e-03
2.232492784969508648e-03
2.198315400164574385e-03
2.058115496765822172e-03
2.036611258517950773e-03
1.855050271842628717e-03
1.827798609156161547e-03
2.350744616705924273e-03
1.986504183150827885e-03
1.740938110742717981e-03
1.445210975361987948e-03
1.760788902174681425e-03
2.453861001413315535e-03
2.210034290328621864e-03
1.811025198549032211e-03
2.334671851713210344e-03
1.724166271742433310e-03
1.941679103765636683e-03
1.695599989034235477e-03
1.660191919654607773e-03
1.805820094887167215e-03
2.412976638879626989e-03
2.138454758096486330e-03
1.834608614444732666e-03
1.788421708624809980e-03
1.529180066427215934e-03
1.469008508138358593e-03
2.116822055540978909e-03
1.710848824586719275e-03
1.591041625943034887e-03
2.125239174347370863e-03
1.527904300019145012e-03
1.855119189713150263e-03
1.778197416570037603e-03
1.565827114973217249e-03
1.889344712253659964e-03
1.665147545281797647e-03
1.645538955926895142e-03
1.964717288501560688e-03
2.129637752659618855e-03
1.853540539741516113e-03
1.910929102450609207e-03
2.180601994041353464e-03
1.345217446214519441e-03
2.238093467894941568e-03
1.897726440802216530e-03
1.547164574731141329e-03
2.044416032731533051e-03
1.678845204878598452e-03
1.939854468218982220e-03
1.639601832721382380e-03
2.013721212279051542e-03
1.686838397290557623e-03
1.597117108758538961e-03
1.593491615494713187e-03
1.375853957142680883e-03
1.616864115931093693e-03
1.832611626014113426e-03
1.625302538741379976e-03
1.757579797413200140e-03
2.272362238727509975e-03
1.862541830632835627e-03
1.815832045394927263e-03
1.546353974845260382e-03
1.597411523107439280e-03
1.891910796985030174e-03
1.960825698915868998e-03
1.530807872768491507e-03
1.900418195873498917e-03
2.209776605013757944e-03
2.085649641230702400e-03
1.690460892859846354e-03
1.880457042716443539e-03
1.938673784025013447e-03
1.288834944716654718e-03
2.039980900008231401e-03
1.573614194057881832e-03
2.204274642281234264e-03
1.802591839805245399e-03
1.911475788801908493e-03
1.776898861862719059e-03
2.125379571225494146e-03
2.142410667147487402e-03
1.591565785929560661e-03
1.410397904692217708e-03
1.746532798279076815e-03
1.931801030877977610e-03
1.741198881063610315e-03
2.024986257310956717e-03
1.696067804004997015e-03
1.925351389218121767e-03
2.094992494676262140e-03
1.814482151530683041e-03
1.624621450901031494e-03
1.851411187089979649e-03
1.640641770791262388e-03
1.662005146499723196e-03
1.672075595706701279e-03
1.834533759392797947e-03
1.910953840706497431e-03
2.138237759936600924e-03
2.006975293625146151e-03
1.741776941344141960e-03
1.646165328565984964e-03
2.273920224979519844e-03
2.009284624364227057e-03
1.457798382034525275e-03
2.298246603459119797e-03
1.903022930491715670e-03
2.014867844991385937e-03
2.231678692623972893e-03
1.845875172875821590e-03
1.779235259164124727e-03
1.953830418642610312e-03
1.654008985497057438e-03
1.704221416730433702e-03
1.966393552720546722e-03
1.895165827590972185e-03
1.380338770104572177e-03
1.989177952054888010e-03
1.826753432396799326e-03
1.674625382293015718e-03
2.042106119915843010e-03
1.595765468664467335e-03
2.018945582676678896e-03
2.188101934734731913e-03
1.714338024612516165e-03
1.648141071200370789e-03
1.651911006774753332e-03
1.853780646342784166e-03
1.543158490676432848e-03
1.775749493390321732e-03
2.107730892021209002e-03
1.720818516332656145e-03
2.034387725871056318e-03
1.857688650488853455e-03
1.663325063418596983e-03
2.166268473956733942e-03
1.871524844318628311e-03
2.211124345194548368e-03
2.290300151798874140e-03
1.788989757187664509e-03
2.398804877884685993e-03
2.116849471349269152e-03
1.398421125486493111e-03
2.231891732662916183e-03
2.253131999168545008e-03
1.842678990215063095e-03
1.795204589143395424e-03
1.413547870470210910e-03
1.797392615117132664e-03
1.434544625226408243e-03
1.544353377539664507e-03
1.480544859077781439e-03
1.512394053861498833e-03
2.029552415478974581e-03
1.439681451302021742e-03
1.747505448292940855e-03
1.637641398701816797e-03
2.196313405875116587e-03
1.883362245280295610e-03
1.551407214719802141e-03
1.949827012140303850e-03
1.770697766914963722e-03
1.935250009410083294e-03
1.506429340224713087e-03
1.891048508696258068e-03
1.403861737344413996e-03
1.931226172018796206e-03
1.872893248219043016e-03
1.836491748690605164e-03
1.850199070759117603e-03
1.843006990384310484e-03
1.868906663730740547e-03
1.862436591181904078e-03
1.692381629254668951e-03
1.683609851170331240e-03
2.039061917457729578e-03
2.022730070166289806e-03
1.589658379089087248e-03
1.540498458780348301e-03
1.748731650877743959e-03
1.843002042733132839e-03
2.181752643082290888e-03
1.674708386417478323e-03
2.171170373912900686e-03
2.210199192631989717e-03
1.630872779060155153e-03
1.774946809746325016e-03
1.696767634712159634e-03
1.779570651706308126e-03
2.007808536291122437e-03
1.786805223673582077e-03
1.821947575081139803e-03
1.689293421804904938e-03
2.245716867037117481e-03
1.827232306823134422e-03
2.126205130480229855e-03
1.328747806837782264e-03
1.731285010464489460e-03
1.751412986777722836e-03
1.578229013830423355e-03
1.626504934392869473e-03
1.777144090738147497e-03
1.740878098644316196e-03
1.652077480684965849e-03
1.648880308493971825e-03
1.580215815920382738e-03
2.168772800359874964e-03
2.053249627351760864e-03
2.047783171292394400e-03
1.500349666457623243e-03
1.949006342329084873e-03
1.539085758849978447e-03
1.841061864979565144e-03
1.771240029484033585e-03
1.764461339917033911e-03
2.003773115575313568e-03
1.942666014656424522e-03
1.714108395390212536e-03
1.926364202518016100e-03
1.523047976661473513e-03
1.499423728091642261e-03
2.087161352392286062e-03
1.624135591555386782e-03
1.646764751058071852e-03
1.884015800897032022e-03
1.556983334012329578e-03
1.664297480601817369e-03
1.861980010289698839e-03
1.575550471898168325e-03
2.116512681823223829e-03
1.756735320668667555e-03
1.744802400935441256e-03
1.748288632370531559e-03
1.583814912009984255e-03
2.073716663289815187e-03
1.417585212038829923e-03
1.602593227289617062e-03
1.603580079972743988e-03
1.636188186239451170e-03
1.666494528762996197e-03
1.754939206875860691e-03
1.739941304549574852e-03
1.620581606402993202e-03
2.022748405579477549e-03
2.027077309321612120e-03
1.791587506886571646e-03
1.827758736908435822e-03
1.508846064098179340e-03
1.538932556286454201e-03
1.778337638825178146e-03
2.008597424719482660e-03
2.764580945950001478e-03
1.697143132332712412e-03
1.840841257944703102e-03
1.286502389120869339e-03
2.039644634351134300e-03
1.533624541480094194e-03
1.742923748679459095e-03
1.607953687198460102e-03
1.526182575616985559e-03
2.247912343591451645e-03
2.505542302969843149e-03
2.007856848649680614e-03
2.065688488073647022e-03
1.767987152561545372e-03
1.633448759093880653e-03
1.479883096180856228e-03
1.931752543896436691e-03
1.918652851600199938e-03
1.510421163402497768e-03
1.953839382622390985e-03
1.630997285246849060e-03
1.528774388134479523e-03
2.072192670311778784e-03
1.657011918723583221e-03
1.609511906281113625e-03
1.374316081637516618e-03
1.474188728025183082e-03
1.802925427909940481e-03
2.178908151108771563e-03
1.742762920912355185e-03
1.516844786237925291e-03
1.908157952129840851e-03
1.821495068725198507e-03
1.391113910358399153e-03
1.617311791051179171e-03
2.201290277298539877e-03
1.629912236239761114e-03
1.922107883729040623e-03
1.436605351045727730e-03
1.982858695555478334e-03
1.741102372761815786e-03
1.888975850306451321e-03
2.273574529681354761e-03
2.070229733362793922e-03
2.067687164526432753e-03
1.753641816321760416e-03
1.713830686639994383e-03
1.690738426987081766e-03
2.308760886080563068e-03
1.531362184323370457e-03
1.693957776296883821e-03
2.143897931091487408e-03
1.426175003871321678e-03
2.050842391327023506e-03
1.673068676609545946e-03
1.503091363701969385e-03
1.833771937526762486e-03
2.056998608168214560e-03
1.640227215830236673e-03
1.546882325783371925e-03
1.628325378987938166e-03
1.487430243287235498e-03
2.515955537091940641e-03
1.702699752058833838e-03
1.928348152432590723e-03
1.820499484892934561e-03
2.376366348471492529e-03
1.420158194378018379e-03
1.801840495318174362e-03
1.396680338075384498e-03
1.864451565779745579e-03
1.543975609820336103e-03
1.940557558555155993e-03
1.788863039109855890e-03
1.919267175253480673e-03
1.632558181881904602e-03
1.791456365026533604e-03
1.647914992645382881e-03
1.839821808971464634e-03
1.521478698123246431e-03
1.896901696454733610e-03
1.835662347730249166e-03
1.791806716937571764e-03
1.718538464047014713e-03
1.668268581852316856e-03
1.383922965032979846e-03
1.327917649177834392e-03
1.370194513583555818e-03
2.024148940108716488e-03
2.118277945555746555e-03
1.960696477908641100e-03
1.477783371228724718e-03
2.046373032499104738e-03
1.530984649434685707e-03
2.157172071747481823e-03
1.736017351504415274e-03
1.732853648718446493e-03
2.097998978570103645e-03
2.242117479909211397e-03
1.619110000319778919e-03
1.651620899792760611e-03
2.052894385997205973e-03
1.405618590069934726e-03
1.474322401918470860e-03
1.850887609180063009e-03
1.569989137351512909e-03
2.270918048452585936e-03
1.852733199484646320e-03
1.494288968387991190e-03
1.440302847186103463e-03
2.062752668280154467e-03
1.944977615494281054e-03
2.111061767209321260e-03
1.600212533958256245e-03
1.866020553279668093e-03
1.524302817415446043e-03
1.803779450710862875e-03
1.780310936737805605e-03
1.845666440203785896e-03
1.586496015079319477e-03
1.746478897985070944e-03
1.968062133528292179e-03
1.732164877466857433e-03
1.749745977576822042e-03
1.669366261921823025e-03
1.864348712842911482e-03
1.450391166144981980e-03
1.972413796465843916e-03
2.400269499048590660e-03
1.759853330440819263e-03
1.596421177964657545e-03
1.784113701432943344e-03
1.732300152070820332e-03
1.760234590619802475e-03
1.744302397128194571e-03
2.233257924672216177e-03
1.845651073381304741e-03
1.945088908541947603e-03
1.637752051465213299e-03
1.797566539607942104e-03
2.016643818933516741e-03
1.624200493097305298e-03
2.255430037621408701e-03
1.632653234992176294e-03
1.682199304923415184e-03
1.469116949010640383e-03
1.475892611779272556e-03
1.878653070889413357e-03
1.596266229171305895e-03
1.722618006169795990e-03
1.801655685994774103e-03
1.573924731928855181e-03
1.883325981907546520e-03
1.492627954576164484e-03
1.458831946365535259e-03
2.369943773373961449e-03
2.254592836834490299e-03
1.569986750837415457e-03
1.587205391842871904e-03
1.742605294566601515e-03
1.762728614266961813e-03
1.562080462463200092e-03
2.136440016329288483e-03
1.846995495725423098e-03
1.559672760777175426e-03
1.897095586173236370e-03
1.883325865492224693e-03
1.662211783695966005e-03
1.665834279265254736e-03
1.677673426456749439e-03
1.510016794782131910e-03
1.902388641610741615e-03
1.610911567695438862e-03
1.583506236784160137e-03
1.564507838338613510e-03
2.002528402954339981e-03
1.438307866919785738e-03
1.745000598020851612e-03
2.385195577517151833e-03
2.045980771072208881e-03
1.600700896233320236e-03
2.221147180534899235e-03
1.738897000905126333e-03
2.151663473341614008e-03
2.054227225016802549e-03
2.300436317455023527e-03
1.788532186765223742e-03
1.750404131598770618e-03
1.993615878745913506e-03
1.628154830541461706e-03
1.865850004833191633e-03
2.139103657100349665e-03
2.099592471495270729e-03
1.635143591556698084e-03
2.344574546441435814e-03
1.965466944966465235e-03
2.105011080857366323e-03
1.614524750038981438e-03
1.673322462011128664e-03
1.812275615520775318e-03
1.694339152891188860e-03
2.201162104029208422e-03
2.040593884885311127e-03
1.687993935775011778e-03
1.645606535021215677e-03
1.746902533341199160e-03
1.407635660143569112e-03
1.369903766317293048e-03
1.799402118194848299e-03
1.876478840131312609e-03
1.700465974863618612e-03
1.507195644080638885e-03
1.709439558908343315e-03
1.886126934550702572e-03
1.573293877299875021e-03
1.524549908936023712e-03
1.880341034848242998e-03
1.985631592106074095e-03
1.603663549758493900e-03
1.824819308239966631e-03
1.575150061398744583e-03
1.615601941011846066e-03
2.030039730016142130e-03
1.923200965393334627e-03
1.731710683088749647e-03
1.583013392519205809e-03
1.482023217249661684e-03
1.841587654780596495e-03
1.788787718396633863e-03
2.358039491809904575e-03
1.776763645466417074e-03
2.022635831963270903e-03
1.754711789544671774e-03
2.461062511429190636e-03
2.117139054462313652e-03
1.636544591747224331e-03
1.829978311434388161e-03
2.000606269575655460e-03
1.953287865035235882e-03
1.964932656846940517e-03
1.696437539067119360e-03
1.869016618002206087e-03
1.508795132394880056e-03
1.963121292646974325e-03
1.660627662204205990e-03
1.639195485040545464e-03
2.314120647497475147e-03
1.925225020386278629e-03
1.770401839166879654e-03
1.937563705723732710e-03
1.815057126805186272e-03
1.636011176742613316e-03
2.051626215688884258e-03
1.354851876385509968e-03
1.603533804882317781e-03
1.727987662889063358e-03
2.120245480909943581e-03
2.144836529623717070e-03
2.124097314663231373e-03
2.157890761736780405e-03
1.537024916615337133e-03
1.460656960261985660e-03
1.848896499723196030e-03
1.390859455568715930e-03
1.611829677131026983e-03
1.797319040633738041e-03
1.832512789405882359e-03
1.700723019894212484e-03
1.568621082697063684e-03
1.842339115682989359e-03
1.945594209246337414e-03
1.480293518397957087e-03
1.432300428859889507e-03
1.911353087052702904e-03
1.773347903508692980e-03
1.828639768064022064e-03
1.614318054635077715e-03
1.512345799710601568e-03
1.514534582383930683e-03
1.411591219948604703e-03
1.802454818971455097e-03
2.101071644574403763e-03
1.396031439071521163e-03
1.848331128712743521e-03
1.390249322867020965e-03
1.838720985688269138e-03
1.700930239167064428e-03
1.678343571256846189e-03
1.533435541205108166e-03
1.711790100671350956e-03
1.736495411023497581e-03
1.498818630352616310e-03
1.791430462617427111e-03
1.620842434931546450e-03
1.517824654001742601e-03
1.751254778355360031e-03
1.769675640389323235e-03
1.392329897498711944e-03
1.798880693968385458e-03
1.820550824049860239e-03
1.791567541658878326e-03
1.688991149421781301e-03
1.855780079495161772e-03
2.099825127515941858e-03
2.079130150377750397e-03
1.768652349710464478e-03
1.484358508605509996e-03
1.625514181796461344e-03
1.379538298351690173e-03
1.735271885991096497e-03
1.497846213169395924e-03
1.985633338335901499e-03
1.538352807983756065e-03
1.515596639364957809e-03
2.004122477956116199e-03
2.000435371883213520e-03
1.610286009963601828e-03
2.113399852532893419e-03
1.774749660398811102e-03
1.532865397166460752e-03
1.680945337284356356e-03
2.080028411000967026e-03
1.541193865705281496e-03
1.632122264709323645e-03
2.209251106251031160e-03
1.613065251149237156e-03
1.603476470336318016e-03
1.741120708175003529e-03
1.765420893207192421e-03
1.525850850157439709e-03
1.785150612704455853e-03
1.681537134572863579e-03
1.319388538831844926e-03
1.766054425388574600e-03
1.577700080815702677e-03
1.520219666417688131e-03
2.015580888837575912e-03
1.553731271997094154e-03
1.508060493506491184e-03
1.609518309123814106e-03
1.846214116085320711e-03
1.747825881466269493e-03
1.535432762466371059e-03
2.078902383800595999e-03
1.990194316022098064e-03
2.405442646704614162e-03
1.351310202153399587e-03
2.065821259748190641e-03
1.796371885575354099e-03
2.205170982051640749e-03
1.702463836409151554e-03
2.015912265051156282e-03
1.810243469662964344e-03
1.658403896726667881e-03
1.643504772800952196e-03
1.769949973095208406e-03
1.739568833727389574e-03
1.679881941527128220e-03
1.486864988692104816e-03
1.864867343101650476e-03
2.048370311968028545e-03
