1.385461619356647134e-01
9.663922799518331885e-03
4.528900248988066042e-03
3.331880675978027197e-03
2.188499846670311118e-03
1.976135713630355721e-03
1.871331354050198613e-03
1.920337683259276673e-03
1.273664850305067332e-03
1.397077227011322975e-03
1.150656510435510383e-03
9.085348789085401439e-04
9.156283638731110407e-04
1.009511066513368860e-03
7.769508523779222525e-04
9.134484767855610915e-04
7.955755627335747704e-04
7.559900044725509144e-04
7.559590292657957910e-04
9.369691528263501606e-04
6.289645582000958236e-04
5.644508892146404833e-04
7.572489732410759167e-04
7.857201002479996315e-04
6.090494003728963652e-04
7.726048748736502820e-04
8.092666994343744591e-04
5.663442047080024860e-04
6.158668929856503382e-04
7.533653293648967736e-04
7.399014530165004544e-04
9.011647362058283761e-04
5.956887420325074128e-04
6.354136126901721799e-04
4.776408608449855603e-04
4.796082619577646364e-04
1.633851349106407811e-03
8.035610757360700518e-03
7.596861749334493218e-04
6.089189768317737400e-04
7.109745725756511309e-04
6.015963852405547662e-04
6.558210221555782699e-04
5.702227816072990684e-04
5.891533637623069808e-04
5.929372508035157373e-04
5.951118702796521099e-04
4.813158957404084504e-04
6.138594195363112011e-04
5.683634775778045661e-04
6.358750906656496227e-04
4.658940892113605297e-04
4.786940680787665769e-04
4.748652530906838148e-04
6.196136930157081658e-04
5.018243926315335123e-04
4.898778486676746546e-04
4.700109124314621805e-04
5.006844459785498181e-04
5.048344026363337910e-04
4.654394504541414898e-04
5.289824792271246700e-04
4.510303959250450243e-04
6.811280080000869496e-04
5.630039577226852998e-04
6.623016943194670603e-04
5.191935368202393441e-04
4.747137985759763762e-04
5.095529606478522034e-04
5.826956362579949027e-03
1.384775851533049662e-01
3.259868247550912028e-03
9.717982400616164817e-04
7.351283547905040905e-04
6.313253914413507594e-04
6.903021148900734261e-04
5.841500442329561338e-04
6.818151767220114855e-04
5.629271076031727499e-04
5.342366570403100706e-04
5.912875723879551949e-04
5.520758673810633116e-04
6.102000013925134702e-04
6.722155787429074259e-04
5.733806512580486448e-04
5.432005609691259451e-04
5.534889085538452057e-04
4.745161995742819272e-04
4.664935273467563310e-04
7.115513188182375891e-04
5.092837800475535914e-04
5.003728569136000953e-04
5.059628587332553945e-04
5.516367920790799396e-04
4.676897260651458055e-04
5.130749428644776561e-04
4.282622001483105231e-04
4.612830933183431734e-04
5.564565037275315696e-04
5.037707474912167744e-04
2.907649221015162874e-04
2.788063980915467472e-04
2.721138518609222848e-04
2.711318777073756683e-04
2.444604146148776419e-04
2.912703492256696444e-04
2.691853291253209829e-04
2.975860099468263689e-04
2.712614676056546268e-04
2.884427642129594352e-04
3.064100083065568469e-04
2.683054059161804833e-04
2.872464436222799231e-04
2.796848191792378311e-04
2.787744359011412707e-04
2.690217290364671390e-04
3.265688306782976941e-04
2.602535980258835371e-04
2.824972936650738012e-04
2.577785280664102174e-04
2.970799736431217536e-04
3.313244320452213504e-04
2.419682474283035790e-04
3.031553282198728777e-04
3.098336665061651729e-04
2.445758669637143829e-04
2.553182301198830936e-04
2.530111138185020753e-04
2.453317863910342675e-04
3.087710550971678241e-04
2.784530712233390876e-04
3.626427094786777269e-04
3.415915947698522142e-04
3.100489951975759833e-04
2.592430131699074774e-04
2.630088907608296939e-04
2.802168079142575369e-04
3.133124368105199902e-04
2.528527133108582131e-04
2.516312601073877669e-04
2.602239627776725467e-04
3.609644587413640910e-04
3.291720171546330459e-04
2.728255705733317773e-04
2.444980207656044621e-04
2.528156890548416522e-04
2.858678391930879917e-04
2.677759061043616167e-04
2.835683645571407613e-04
2.522564102036994774e-04
2.752238506218418479e-04
2.511380182113498341e-04
2.121796703977452299e-03
3.913968594133621082e-04
2.769654881376481972e-04
2.755110401267302114e-04
2.771077441138913963e-04
2.335185161427944076e-04
2.479027531080646657e-04
2.851857338100671551e-04
2.543944993703917351e-04
3.102152435531024604e-04
2.856866129150148590e-04
2.583445535492501438e-04
2.491960665793158222e-04
2.693466576602077112e-04
2.617511952848872278e-04
2.371796479565091540e-04
2.632484887726604722e-04
2.538340564569807828e-04
2.531950191041687720e-04
2.299321999998937827e-04
2.823445505782728798e-04
2.920320124758290841e-04
2.364467136430903338e-04
2.846330804459285208e-04
2.570809921962791014e-04
2.529402969230432280e-04
2.795174812490586300e-04
2.377719847572734579e-04
2.299290868904790787e-04
2.780788263407885097e-04
2.383853405262925771e-04
2.320002364285755848e-04
2.688698061319882873e-04
9.164420607703505084e-04
2.552043260402570100e-03
2.768052212559268593e-04
2.621918438308057375e-04
2.561767281804349988e-04
2.497849177416355815e-04
3.152484334350447062e-04
2.139887590601574738e-04
2.486781131665338762e-04
2.346752640733029639e-04
2.477825226378627230e-04
3.057725201870198145e-04
2.773753134533762715e-04
2.491947176167741635e-04
2.191642344769206721e-04
1.886709136670106145e-04
1.546255724861112012e-04
1.496380854405288173e-04
1.654872535254980903e-04
1.585118518960371256e-04
1.606537960469722856e-04
1.549752947539673133e-04
1.928097733070899158e-04
1.662804282204888404e-04
1.622672326448082404e-04
1.659544691392511595e-04
2.076545483760128263e-04
1.743571486258588374e-04
1.624246507162752041e-04
1.752972826579934863e-04
1.646705188250052634e-04
1.667630841438949520e-04
1.791465256246738136e-04
1.651985024182067827e-04
1.660424387409875581e-04
1.697280167718417943e-04
1.637292845771298635e-04
1.625874710043717696e-04
1.656896094573312331e-04
1.563487637213256567e-04
1.691201361609273482e-04
1.794922822227818014e-04
1.701845757452247253e-04
1.473840571816253985e-03
1.998584377361112166e-04
1.782735243978095241e-04
1.698205528555263299e-04
1.671425411586824339e-04
1.582579797286598532e-04
1.659718628616246806e-04
1.640469456106074977e-04
1.555031577481713557e-04
1.684818065768922733e-04
1.772108751538326141e-04
1.730649819364771247e-04
1.621503359274356734e-04
1.685377989815606162e-04
1.650643775974458549e-04
1.630209051654674221e-04
1.759883484737656545e-04
1.680709206084429752e-04
1.723534470329468550e-04
1.567331033584196066e-04
1.655399620176467525e-04
1.569090672091988435e-04
1.717031494081311502e-04
1.570659531353158053e-04
1.652738806114939507e-04
1.822487268327677265e-04
1.609810278750956059e-04
1.811233340959006509e-04
1.650938543207303155e-04
1.927473475916485822e-04
1.723047867926652489e-04
1.554915216729568729e-04
1.619452438717416845e-04
1.637735243093629942e-04
1.597155986928555703e-04
1.658424624110921394e-04
1.608824641152750701e-04
1.705870911791862563e-04
1.621665795028093379e-04
1.575860095726966446e-04
1.795076464077283163e-04
1.724652677694393896e-04
1.611712971680390291e-04
1.513175198851968108e-04
1.725646591694385387e-04
1.659189643760328127e-04
1.667735864430142101e-04
1.662954258790705407e-04
1.557203347147151254e-04
1.637659653169976027e-04
1.841290668380679563e-04
1.677867170656099970e-04
1.949774987224373035e-04
1.686821152361517252e-04
1.547271992421883516e-04
1.599822327079891639e-04
1.570679929500329254e-04
1.643263111873238867e-04
1.484446663198468633e-04
1.726432031318836488e-04
1.536636951641412398e-04
1.728681183521984968e-04
1.638743328840064351e-04
1.591316522535635158e-04
1.633620279790193417e-04
1.809956482247798812e-04
1.531631197394744905e-04
9.717752755022956990e-04
2.494650770131556566e-04
1.875127681159938274e-04
1.876909570455609247e-04
1.630057676266005783e-04
1.413750806932512151e-04
1.236719791450013818e-04
1.248780808055016732e-04
1.220002708578249494e-04
1.210218271808116724e-04
1.218015487211232485e-04
1.262654787751671338e-04
1.263896463569835868e-04
1.294674224482150803e-04
1.246603183062688913e-04
1.246867730515077819e-04
1.246893433744844569e-04
1.318958699812355809e-04
1.418406323864473907e-04
1.231098788139206590e-04
1.228741851264203541e-04
1.384329555548902244e-04
1.299424871831433793e-04
1.287287931518221794e-04
1.209160395774233621e-04
1.251051758117682766e-04
1.263086321159789696e-04
1.360688953354838250e-04
1.237793186191993246e-04
1.253852126865240388e-04
1.345033424513530917e-04
1.312753573984082377e-04
1.412600950061460026e-04
1.260990552509611007e-04
1.220707491484063158e-04
1.212695452522893848e-04
1.231633807947218992e-04
1.244438447429274783e-04
1.302802470490860287e-04
1.240927708749950398e-04
1.310743352405552178e-04
1.189866840832110056e-04
1.264389284187927842e-04
1.384884314575174249e-04
1.294040110224159543e-04
1.310347623075358678e-04
1.237342172316857559e-04
1.231461643328657320e-04
1.209749852932873182e-04
1.264492547306872493e-04
1.405651048116851490e-04
1.263096670300001224e-04
1.231481560353131499e-04
1.298059212786029201e-04
1.275884197639243157e-04
1.275292101126979159e-04
1.378814825329755076e-04
1.259747063159011359e-04
1.255617488823190851e-04
1.318117346272629274e-04
1.229637948199524436e-04
1.177586926132789786e-04
1.323353010775463298e-04
1.305428970226785060e-04
1.245494541763036923e-04
1.182925367174902877e-04
1.272439409149228541e-04
1.405893957780790569e-04
1.264258365154091843e-04
1.345215186120185590e-04
1.266926941752899492e-04
1.266875212422746591e-04
1.236545077517803239e-04
1.253142080713587402e-04
1.297412522035301717e-04
1.186079383842297884e-04
1.248902291990816485e-04
2.760735656011092942e-04
1.289367581193801124e-04
1.270507770641415737e-04
1.242366227415914290e-04
1.234949345416680444e-04
1.232610874467354788e-04
1.208327967106015421e-04
1.378876803755702039e-04
1.288835394916532204e-04
1.257177303159551338e-04
1.278981389987166040e-04
1.336696373982704190e-04
1.353357905827579143e-04
1.298486607083759845e-04
1.354322539555141702e-04
1.217002792145649383e-04
1.263974197172501482e-04
1.220699469740793520e-04
1.247223701284383315e-04
1.266329659301845822e-04
1.231148106853652334e-04
1.230987048984388875e-04
1.376015418827592038e-04
1.328986854787217453e-04
1.317063934948237093e-04
1.228598852321738431e-04
1.233290347954607677e-04
1.220831600221572444e-04
1.102616847674653400e-04
1.056582289493235267e-04
1.025557321554515511e-04
1.050656283041462302e-04
1.051445404300466153e-04
1.050875460350653130e-04
1.054567325809330241e-04
1.080154617739026462e-04
1.062895466930058319e-04
1.038939690261031501e-04
1.048051580255560165e-04
1.039136563122156130e-04
1.052896697729011093e-04
1.099460238947358475e-04
1.093424747523386086e-04
1.079509564078762169e-04
1.056611405147123096e-04
1.059413786606455715e-04
1.064382254298834596e-04
1.075019887139205767e-04
1.034881639498053064e-04
1.045319141212530640e-04
1.054224689141847247e-04
1.062708462086447926e-04
1.059531495229748598e-04
1.061249650774698185e-04
1.066599649675481514e-04
1.044705362801323699e-04
1.061949245467985693e-04
1.086402574401290595e-04
1.055805918440455625e-04
1.059511027960979845e-04
1.055399073266016758e-04
1.070178754162043387e-04
1.065383586137613693e-04
1.057540186593541903e-04
1.089123486053722472e-04
1.065963865585217718e-04
1.037070542224682868e-04
1.045851432536437588e-04
1.039724455949908642e-04
1.060089939528552350e-04
1.105855787500331671e-04
1.065508135980053339e-04
1.035998325278342236e-04
1.069033763997140395e-04
1.043800891238788636e-04
1.036369115354318610e-04
1.040941526753158541e-04
1.075499367289012298e-04
1.036318870774266489e-04
1.075331237188947907e-04
1.038914844684768495e-04
1.078559081179264413e-04
1.034320893268159179e-04
1.032504209433682317e-04
1.082621443856623901e-04
1.104371097426337629e-04
1.083233336430566905e-04
1.069646497853682404e-04
1.023320524382143021e-04
1.089409779524430633e-04
1.035522678648703677e-04
1.043431339894595967e-04
1.031904383125947761e-04
1.051206720148911727e-04
1.088241226170794134e-04
1.058163076777418637e-04
1.038630205584922778e-04
1.047029791152453981e-04
1.033869541060994406e-04
1.060110303114925046e-04
1.042719375618617023e-04
1.046948037583206260e-04
1.033328233461361351e-04
1.031679863444878666e-04
1.090737019694643041e-04
1.063341439476062105e-04
1.052988837727752926e-04
1.035309266626427443e-04
1.041342591634020182e-04
1.069285193807445521e-04
1.037087662552949095e-04
1.002459453957271708e-04
1.046461939949949683e-04
1.027587075441260795e-04
1.032391322951298261e-04
1.043890017626836197e-04
1.178136017188080586e-04
1.112067614485567874e-04
1.025573353217623689e-04
1.049434132255555542e-04
1.022622925574978581e-04
1.027988427267700954e-04
1.023765084937622305e-04
1.044534374159411527e-04
1.050879370268376106e-04
1.063570352016540764e-04
1.079925381418434026e-04
1.036895499055390219e-04
9.552887458994519508e-05
9.382946986988827663e-05
9.441687398066278276e-05
9.388815988131682388e-05
9.392835318067227490e-05
9.534490973237553222e-05
9.384475056322117141e-05
9.375495287713419570e-05
9.456070856685982475e-05
9.420956462236063089e-05
9.646211028666585295e-05
9.506484884695965136e-05
9.518649512756383318e-05
9.317302487943379674e-05
9.440921767236431518e-05
9.475276492594275353e-05
9.389406732225324688e-05
9.328423079750791929e-05
9.638525057198421564e-05
9.548189427732722834e-05
9.422752045793459361e-05
9.391837420480442233e-05
9.388822795699524617e-05
9.368058776999532440e-05
9.267809741686505731e-05
9.378705535709742067e-05
9.466396732022985545e-05
9.515307569927245455e-05
9.496602006038301353e-05
9.336766961496323889e-05
9.418911881766688934e-05
9.894464556055026789e-05
9.758210676409362079e-05
9.339515504507290005e-05
9.386505262227728692e-05
9.354291955787630286e-05
9.304038494519772397e-05
9.587505564923048951e-05
9.564953102199069419e-05
9.338840609416366166e-05
9.490326910963631777e-05
9.428077000848134590e-05
9.404177994838391625e-05
9.509832648291194346e-05
9.285351152357179129e-05
9.237254616891731897e-05
9.240717581633361717e-05
9.631709285713440933e-05
9.314794001511473285e-05
9.316287651017773896e-05
9.354311860079178045e-05
9.464636509619595288e-05
9.366216781927504966e-05
9.298424984081066756e-05
9.259981252398574183e-05
9.409228118784085382e-05
9.339216603621025570e-05
9.378586273669497499e-05
9.233455189132655776e-05
9.312938950643002132e-05
9.418228814865870207e-05
9.433570112378219803e-05
9.355439674436638326e-05
9.448683417758729232e-05
9.318829629592073074e-05
9.340508290733851027e-05
9.408670325683488045e-05
9.369266381327178990e-05
9.286887006965116598e-05
9.368241812808264242e-05
9.377287083225382416e-05
9.338915792795887412e-05
9.539769057482771770e-05
9.263672959605173131e-05
9.141519294644239748e-05
9.246512363461078534e-05
9.218747268278094085e-05
9.342327671220118375e-05
9.589067813067230785e-05
9.347992854600307142e-05
9.252973677575937472e-05
9.470533959756721200e-05
9.364959705635556562e-05
9.289716731473163778e-05
9.195991674459946807e-05
9.279229284402390747e-05
9.437961257390270746e-05
9.866659297586011235e-05
9.366016879539529869e-05
9.155775610452110685e-05
9.274954745706054924e-05
9.269182437492418374e-05
9.244392299478931818e-05
9.297691894971649162e-05
9.182763278658967465e-05
9.231846911461616401e-05
9.342594994450336982e-05
9.155180937341356455e-05
9.211046858581539709e-05
9.401886636624112454e-05
8.745435334276408499e-05
8.713235006325703309e-05
8.692931746736575773e-05
8.746707699174294519e-05
8.770804761297768253e-05
8.751325472076132970e-05
8.734093767088779443e-05
8.713985480426344478e-05
8.714371160749579120e-05
8.747000651965208817e-05
8.719058496353682131e-05
8.740902558201923966e-05
8.676428246872092403e-05
8.705281461516279338e-05
8.832446519591030665e-05
8.727379581614513610e-05
8.745892801016452451e-05
8.740881903577247245e-05
8.709982025720819907e-05
8.668749078424297662e-05
8.714962609701615293e-05
8.705936234036926451e-05
8.714855439393432422e-05
8.695184387761401555e-05
8.667129523018957658e-05
8.772778969614591373e-05
8.712146068319270582e-05
8.748566156100424083e-05
8.749603075557388636e-05
8.681458352839399324e-05
8.693509676049870905e-05
8.747869505896233564e-05
8.717803989384264880e-05
8.727897120479611020e-05
8.639861121082504356e-05
8.806471955722373055e-05
8.659265090500411772e-05
8.766101218498079377e-05
8.720690825612110162e-05
8.652205574435355997e-05
8.688886605341394626e-05
8.670095062370818963e-05
8.686703631610726006e-05
8.641063864160969659e-05
8.629658300378651164e-05
8.676211482452344539e-05
8.639654852231615494e-05
8.637232590444910416e-05
8.638212580081017222e-05
8.676523998474294785e-05
8.635037120257038894e-05
8.709599724170402895e-05
8.698823749000438878e-05
8.660046255499764540e-05
8.653702816445729966e-05
8.627829247416229648e-05
8.588648447585000580e-05
8.594219048063678201e-05
8.657633011353028083e-05
8.660527018946594948e-05
8.666796888974203923e-05
8.634232635813532126e-05
8.725125903765728621e-05
8.610083032181136699e-05
8.706751514182542180e-05
8.624230504210572961e-05
8.652169235574546930e-05
8.648260718473466384e-05
8.626044245829689316e-05
8.660017492729820971e-05
8.616257978246721363e-05
8.595096032877335985e-05
8.647815789117885830e-05
8.628879177194904147e-05
8.666395251566427760e-05
8.564701561226683863e-05
8.720456135051790896e-05
8.621817187304259278e-05
8.692102637724019858e-05
8.562929624531535043e-05
8.611284592916491052e-05
8.682546390446078109e-05
8.728671737117111023e-05
8.670988122503331939e-05
8.608192215433518326e-05
8.646545693409279649e-05
8.615164306320366179e-05
8.583288858972082109e-05
8.628481373307295144e-05
8.521536838088650798e-05
8.577418416280124260e-05
8.615476153863709809e-05
8.580797093600267273e-05
8.566816436541557236e-05
8.579976970395364604e-05
8.594816781624104438e-05
8.582508544350276312e-05
8.604953054600628635e-05
8.568956395720306589e-05
8.528677121830697248e-05
8.341809134435607662e-05
8.310178714054927696e-05
8.300342742586507851e-05
8.297689087157777434e-05
8.276395365101052990e-05
8.313501157317660360e-05
8.289722286463075123e-05
8.309518034366192296e-05
8.312401159855653261e-05
8.281768705273862539e-05
8.303033769152534660e-05
8.291313033623737825e-05
8.271987167063343804e-05
8.301518860207580106e-05
8.283218840006156553e-05
8.303316822093620702e-05
8.262518972514953388e-05
8.282156418317753745e-05
8.252168618128052913e-05
8.280793585981882101e-05
8.303142417389607912e-05
8.299009991787897346e-05
8.280997303700132761e-05
8.262468318207539229e-05
8.279127710011379717e-05
8.285716457976378111e-05
8.265401784228743325e-05
8.233521298279810891e-05
8.297416679852176729e-05
8.246272668657183571e-05
8.274291512861964022e-05
8.272901409327460258e-05
8.265073493021190556e-05
8.278053214780812228e-05
8.247675464190251660e-05
8.252500588241673269e-05
8.261036737167160027e-05
8.332224733749171448e-05
8.246279735431016617e-05
8.249364741459430390e-05
8.243184943239612310e-05
8.259929541054589208e-05
8.252751013060333207e-05
8.287418922918732549e-05
8.246863940257753982e-05
8.258341995315277018e-05
8.242099866038188880e-05
8.240216470767336432e-05
8.245684639405226877e-05
8.238494333454582917e-05
8.239624212365015139e-05
8.293081959891424320e-05
8.276386311081295757e-05
8.233514281528187526e-05
8.239607700488704722e-05
8.280762162939935846e-05
8.252734501184022791e-05
8.219774513236188524e-05
8.244996802204695725e-05
8.201929385904804532e-05
8.232709556068584246e-05
8.250120008597150174e-05
8.210537112063320819e-05
8.228148426496773298e-05
8.206900570257857637e-05
8.276418229797854749e-05
8.226296431530499560e-05
8.223965842262259956e-05
8.233330936491256580e-05
8.218372322517097657e-05
8.223195436585228890e-05
8.225558735830418300e-05
8.250420928561652816e-05
8.232037303059768787e-05
8.257567883447336228e-05
8.233226662923698314e-05
8.196304424927803027e-05
8.216034957513329844e-05
8.185450456039688745e-05
8.191575811906659239e-05
8.196686280825815629e-05
8.185988695004197963e-05
8.239091571340395061e-05
8.227418734350067640e-05
8.253688156401040033e-05
8.244851765084603725e-05
8.196887843041622817e-05
8.186239906535775477e-05
8.215978127736888749e-05
8.219488195209123931e-05
8.194622914743376625e-05
8.187430817088169901e-05
8.205681024264777079e-05
8.243437623605132374e-05
8.185281099031272150e-05
8.204140622183330746e-05
8.216451242333277789e-05
8.165372964867856625e-05
8.200442330235091775e-05
8.191827214432123583e-05
8.039899344112200739e-05
8.028670767998847256e-05
8.044315195547824531e-05
8.034083102756995319e-05
8.038644596126686976e-05
8.047619508033676539e-05
8.033726435314747234e-05
8.028172519516373908e-05
8.047275277931476554e-05
8.033925510062545614e-05
8.025228989936295508e-05
8.047720739341457103e-05
8.027454514376586032e-05
8.062565989348513269e-05
8.016005745048460085e-05
8.030993863030743709e-05
8.026085511119163401e-05
8.041553605835361212e-05
8.030473172766505470e-05
8.016592596504779067e-05
8.039279714466829319e-05
8.028756064959452488e-05
8.024227013265771986e-05
8.022807887755333835e-05
8.042409522204251883e-05
8.043974212341708791e-05
8.029389186958724167e-05
8.028296801967371179e-05
8.022369997888745545e-05
8.019761608011322638e-05
8.016436654543213623e-05
8.018296075533726524e-05
8.024893963920476381e-05
8.030291842260339492e-05
8.025441702557145889e-05
8.022844267543404752e-05
8.021635517252434511e-05
8.001070923455700355e-05
8.015063358470796997e-05
8.036955382522137641e-05
8.011781933419115647e-05
8.029648051888216287e-05
8.020175537239992449e-05
8.010742931219283491e-05
7.998623750609113175e-05
8.011063937374274246e-05
8.004423129932547183e-05
8.008440167941443546e-05
8.013844749257258994e-05
8.005305130609485786e-05
8.024200838008255232e-05
8.017988593564951403e-05
8.000381762940378394e-05
7.999443541848450510e-05
8.000704815458448138e-05
7.995109713192505567e-05
8.020681698326371221e-05
7.995735695658368330e-05
8.013149931684893090e-05
8.012903103917778393e-05
8.001029509614454311e-05
8.005434024198621317e-05
8.009534417396935169e-05
7.997484012776113192e-05
7.985505753822507997e-05
7.991687180037842792e-05
7.992399378053960390e-05
8.014099717001954559e-05
8.013094907255435828e-05
7.973306273925117606e-05
7.984045932971640101e-05
7.980939562912681140e-05
7.982535798873868500e-05
8.000172688298335104e-05
7.991678603502805345e-05
7.998621181286580666e-05
7.971347909005999642e-05
7.981622279658040226e-05
7.982603488017047950e-05
7.992257992555096551e-05
7.988843990460736135e-05
7.980665750437765924e-05
7.991468069121765981e-05
7.990371054802380426e-05
7.984735980244294935e-05
7.975813896337058666e-05
8.009181688066746845e-05
7.976866231729218271e-05
7.979728670761687139e-05
7.984851890796562657e-05
7.977108448358194708e-05
7.959305144140671202e-05
7.981814542290521786e-05
7.963723564898827502e-05
7.970064793880738394e-05
7.975730945872783737e-05
7.969204048094980495e-05
7.983926784618233254e-05
7.978999769875372294e-05
7.970754927555390168e-05
7.899919773990404792e-05
7.893652914390259499e-05
7.892203570918354942e-05
7.897134787526738364e-05
7.894686636973346778e-05
7.890131964813918417e-05
7.897356213106831459e-05
7.881215678935404596e-05
7.889795306255109337e-05
7.887284023126994996e-05
7.893506067375710429e-05
7.891647860560623852e-05
7.898167573330283089e-05
7.887097522143448627e-05
7.886099479037511628e-05
7.884533611104415653e-05
7.890527108429523380e-05
7.890074894021382166e-05
7.882493687247916201e-05
7.892327716945146947e-05
7.885648547016899372e-05
7.884295623625803815e-05
7.883077632868662748e-05
7.879841409703658157e-05
7.905462352937319976e-05
7.884084457145945093e-05
7.883800685704045463e-05
7.878357587287609931e-05
7.883854691499436469e-05
7.888313180046680460e-05
7.879162567405728081e-05
7.887892538747110481e-05
7.881293145146628105e-05
7.874323077885491697e-05
7.883604171183833116e-05
7.876189924900245116e-05
7.873493950683041476e-05
7.878779410930292215e-05
7.878032265580258992e-05
7.883954212957177971e-05
7.871946454542921314e-05
7.881438714321120100e-05
7.875258302192378324e-05
7.873214431128872635e-05
7.881113397161243754e-05
7.872753044466663228e-05
7.879236154622049342e-05
7.875358442106516761e-05
7.875568708186620186e-05
7.876649301579164146e-05
7.887460219535569195e-05
7.865309698900091733e-05
7.874043740230263211e-05
7.889295047789346969e-05
7.869350238252082450e-05
7.873335375734314128e-05
7.870917206673767028e-05
7.876434178797354067e-05
7.873127592574746272e-05
7.870266576901486220e-05
7.872145033616106957e-05
7.870209228713064844e-05
7.870042863942217624e-05
7.885863997216801548e-05
7.872007172409212488e-05
7.871853426877351012e-05
7.871842008171370524e-05
7.876339368522167477e-05
7.866590667617855983e-05
7.869517030485439775e-05
7.861030080675845695e-05
7.864561312089790048e-05
7.863882810852374492e-05
7.861727913223148518e-05
7.874404623180453471e-05
7.868976658755854627e-05
7.865823490647017567e-05
7.861837375457980128e-05
7.868181928643025729e-05
7.865757443141774545e-05
7.865263046369364019e-05
7.871495372455684079e-05
7.868950647207383921e-05
7.857496188989898656e-05
7.861117287575326005e-05
7.850390438761678795e-05
7.854783557377231502e-05
7.864505396355525319e-05
7.861898243390896281e-05
7.857720629544928670e-05
7.860870950935350807e-05
7.858442804717924988e-05
7.855119561099855035e-05
7.858016133468481170e-05
7.860922414693050086e-05
7.848215936974156377e-05
7.861136823521519817e-05
7.861543326725950465e-05
7.855569324419776054e-05
7.861189233153709482e-05
