1.506675291433930308e+00
4.397262129932641983e-01
3.094629868865013123e-01
2.648804033175110595e-01
2.123016808182001114e-01
2.022468339651823099e-01
1.996584065258502905e-01
2.047077333554625511e-01
1.626523708924651201e-01
1.695849682204425279e-01
1.554651718586683162e-01
1.365233175456523895e-01
1.350966303609311692e-01
1.448808301240205876e-01
1.263708554208278767e-01
1.358767974190414063e-01
1.278434581123292502e-01
1.236193253658711966e-01
1.227829361334443065e-01
1.336924659088253864e-01
1.136935792863369016e-01
1.079849692992866095e-01
1.233601983636617716e-01
1.242261847481131581e-01
1.133305966854095403e-01
1.248204843141138554e-01
1.279589958488941137e-01
1.091037720441818265e-01
1.114390339702367727e-01
1.229601164348423509e-01
1.191720942966640051e-01
1.373925996012985706e-01
1.093115317635238171e-01
1.124906650744378622e-01
9.895755564793944081e-02
9.883843604475259226e-02
1.653814517892897018e-01
4.008672854863107315e-01
1.222726755775511293e-01
1.092797498218715246e-01
1.211453162133693667e-01
1.100264629349112511e-01
1.163447656668722685e-01
1.072862874716520309e-01
1.110786612145602675e-01
1.087162530049681636e-01
1.100884582847356796e-01
9.956807307898998816e-02
1.106245376169681521e-01
1.088704791851341780e-01
1.123501082882285146e-01
9.724983302876352709e-02
9.916124735027551096e-02
9.926440622657536905e-02
1.112205785699188765e-01
1.029635637067258386e-01
1.014420074410736505e-01
9.846057882532477379e-02
1.007596683688461725e-01
1.004948588088154793e-01
9.773754673078656474e-02
1.033399566076695919e-01
9.688093019649386684e-02
1.193605210632085745e-01
1.093125450424849987e-01
1.200925348326563891e-01
1.021950744092464392e-01
9.943517791107296666e-02
1.025407353416085271e-01
2.356593446806073133e-01
1.463378684595227242e+00
2.783699654042720573e-01
1.454035011120140553e-01
1.263383558019995634e-01
1.178240992128849057e-01
1.210249015130102634e-01
1.132778644561767550e-01
1.166956607252359335e-01
1.090138814412057455e-01
1.077765928581357058e-01
1.132702223025262300e-01
1.078411732800304834e-01
1.144208941608667318e-01
1.169734032824635561e-01
1.102299531921744347e-01
1.057877968065440710e-01
1.076991721056401730e-01
9.914255775511264523e-02
1.001690752338618012e-01
1.238062360323965577e-01
1.028803152963519152e-01
1.011011350899934796e-01
1.067681638523936272e-01
1.085843294858932495e-01
1.016908613033592756e-01
1.025352816097438308e-01
9.590275436639786322e-02
9.889124548062681874e-02
1.080494093708694037e-01
1.039353527128696469e-01
7.867735046893357953e-02
7.579587721265852729e-02
7.684182720258832255e-02
7.601804533042014200e-02
7.341922889463603497e-02
7.902353485114872733e-02
7.709928927943110466e-02
8.037322340533137321e-02
7.654547551646828651e-02
7.894582860171794891e-02
8.126188190653919896e-02
7.642302042804657858e-02
7.834275495260953348e-02
7.854172377847135067e-02
7.786351111717522422e-02
7.750561768189072331e-02
8.294821460731327534e-02
7.580610341392457485e-02
7.921956270001828671e-02
7.572986735031009276e-02
8.092295555397868712e-02
8.514362154528498650e-02
7.335075591690838615e-02
8.259468432515859604e-02
8.438263386487961093e-02
7.403791649267077446e-02
7.489309175871312896e-02
7.544272891245781820e-02
7.391015030443667810e-02
8.226631595753133852e-02
7.825076295994222442e-02
9.099138397723435800e-02
8.731269938871263903e-02
8.285458888858557303e-02
7.585529861971736232e-02
7.653242060914636213e-02
7.852041148580610197e-02
8.299437928944826404e-02
7.518761721439659595e-02
7.535500540398061553e-02
7.604057057760656158e-02
9.380849460139870089e-02
8.549246625043452341e-02
7.728163902647793015e-02
7.391802780330181122e-02
7.457260289229453165e-02
7.935497658327221593e-02
7.711419998668134212e-02
7.790655968710780144e-02
7.454832307994366247e-02
7.801024052314460555e-02
7.489555515348911285e-02
1.777286974713206402e-01
9.175234548747539243e-02
7.701962161809206009e-02
7.739731469191610258e-02
7.747990950010716360e-02
7.189466455020010471e-02
7.433100650086998940e-02
7.778073940426111221e-02
7.405976019799709320e-02
8.295051157474517267e-02
7.744563552550971786e-02
7.546496125869453508e-02
7.515200432389974872e-02
7.727376534603536129e-02
7.528034783899784088e-02
7.248860667459666729e-02
7.687444435432552736e-02
7.376884142868220251e-02
7.486696038395165842e-02
7.085541826672851762e-02
7.725796736776828488e-02
8.214250830933451930e-02
7.274787328206003267e-02
7.884090812876820564e-02
7.510897857137024958e-02
7.548464341089129725e-02
7.706313570961356718e-02
7.292261188849806508e-02
7.159252953715622425e-02
7.838940653018652838e-02
7.301362273283303062e-02
7.192823980003595907e-02
7.668937165290116986e-02
1.114121458027511891e-01
1.875364229083061329e-01
7.791959200985729139e-02
7.607923182658851702e-02
7.512408853508531492e-02
7.282557138241826933e-02
8.085358832031488974e-02
6.885229432955383699e-02
7.394613535143435001e-02
7.147488105110824663e-02
7.484544930048286915e-02
7.963993549346923273e-02
7.698185094632208070e-02
7.427082993090153296e-02
6.992381047457456311e-02
6.449978505261241835e-02
5.967149045318365097e-02
5.918671395629644671e-02
6.117407046258449554e-02
6.074439380317926684e-02
6.082468475215137282e-02
5.993664423003793040e-02
6.516662393696606714e-02
6.253618695773184577e-02
6.124558621086180488e-02
6.185044702142476758e-02
6.770220664329826277e-02
6.370610743761062622e-02
6.117226914502680440e-02
6.315674260258674622e-02
6.186381508596241335e-02
6.227034451439976415e-02
6.420535584911704619e-02
6.189286429435014725e-02
6.219622767530381957e-02
6.298095835372805040e-02
6.256592138670384606e-02
6.077292943373322626e-02
6.177543275989592214e-02
6.107534412294626097e-02
6.300899023190140169e-02
6.373381935991347114e-02
6.297167306765913408e-02
1.447910781018436066e-01
6.768677351064980585e-02
6.347240395843982419e-02
6.256320052780210694e-02
6.231331452727317810e-02
6.107411496341228624e-02
6.225274349562823911e-02
6.206821049563586434e-02
6.066709407605230808e-02
6.223409245721996108e-02
6.394672361202538569e-02
6.355237043462694246e-02
6.229142523370682916e-02
6.213717833161354342e-02
6.199359931051730971e-02
6.238093087449669838e-02
6.383756105788052082e-02
6.244220901280641417e-02
6.349047753028572161e-02
6.085998523049056252e-02
6.176069369539618353e-02
6.091762757860123834e-02
6.328791868872940540e-02
6.099630915559828281e-02
6.177436215803026875e-02
6.456227446906268042e-02
6.159910960122942647e-02
6.511149713769555369e-02
6.181250046938657761e-02
6.639386853203177452e-02
6.280630095861852724e-02
6.080142748542129855e-02
6.146194892935454707e-02
6.179095194675028602e-02
6.191242341883480826e-02
6.262371866032481749e-02
6.171149741858243665e-02
6.303430260159074983e-02
6.211868757382035117e-02
6.079059340991079669e-02
6.485714251175522804e-02
6.330817211419344226e-02
6.186970788985490799e-02
6.002091104164719582e-02
6.357128596864640435e-02
6.200092053040862083e-02
6.250173943117261210e-02
6.240783319808542590e-02
6.084126452915370603e-02
6.162616601213812689e-02
6.460484862327575684e-02
6.269243271090089997e-02
6.639580447226763049e-02
6.284065186046064455e-02
6.058955742046236853e-02
6.125668529421091080e-02
6.065196869894862175e-02
6.184951951727270941e-02
5.971396905370056352e-02
6.361511130817235071e-02
6.063692620955407619e-02
6.309860246255993843e-02
6.207202533259988109e-02
6.121190306730568687e-02
6.240831394679844518e-02
6.496830414980650503e-02
6.026005954481661320e-02
1.225287004373967620e-01
7.597302407957613746e-02
6.530854762531816682e-02
6.570003940723836977e-02
6.156758554279804369e-02
5.773512730374932150e-02
5.468218098394572735e-02
5.505221388302743157e-02
5.479134302586317201e-02
5.456701801158488074e-02
5.477153677493333539e-02
5.525020863860845288e-02
5.543745905160903792e-02
5.608364343643188615e-02
5.516112139448523660e-02
5.528841419145465175e-02
5.540002756752073626e-02
5.611281818710267544e-02
5.788418343290686885e-02
5.498765320517122468e-02
5.503241214901209016e-02
5.745669794268905978e-02
5.630832393653691093e-02
5.610062740743160248e-02
5.477539775893092155e-02
5.547473449259996553e-02
5.569260767661034922e-02
5.731953559443354884e-02
5.528219272382557670e-02
5.547522180713713308e-02
5.714904242195188722e-02
5.650369175709783753e-02
5.818814011290669719e-02
5.563603467307984968e-02
5.494541870430112024e-02
5.464977202937006812e-02
5.501499506644904475e-02
5.528610907495021959e-02
5.641118050552904745e-02
5.524326805025338988e-02
5.610543531365692893e-02
5.431072702631354471e-02
5.591647592373192449e-02
5.743067534640431543e-02
5.614295126870274405e-02
5.648844866082072119e-02
5.527087552472949306e-02
5.514328763820230961e-02
5.507445703260600844e-02
5.562765132635831555e-02
5.830515627749264379e-02
5.572880324907601018e-02
5.508548668585717956e-02
5.630164761096238812e-02
5.603216299787163596e-02
5.605144067667424540e-02
5.770977609790861607e-02
5.573726580478251258e-02
5.552326366305351119e-02
5.636240099556744099e-02
5.511925336904823641e-02
5.420950748957693854e-02
5.706968377344310422e-02
5.662093409337103089e-02
5.530727244913578172e-02
5.426733870990574360e-02
5.574678047560155392e-02
5.803355574607849121e-02
5.581684205681085309e-02
5.712401480413973470e-02
5.578440506942570348e-02
5.543088214471936226e-02
5.521103614009916644e-02
5.576898204162716866e-02
5.613814732059836665e-02
5.416963170282542567e-02
5.506913154385983944e-02
8.089619907550513189e-02
5.659833420068025728e-02
5.593462190590799132e-02
5.532523249275982102e-02
5.502765425480902334e-02
5.523985624313354492e-02
5.465875309891998768e-02
5.718643288128077984e-02
5.635843342170119424e-02
5.527067589573562284e-02
5.587523663416504860e-02
5.668034791015088419e-02
5.734793064184486727e-02
5.656989715062081536e-02
5.716336015611887117e-02
5.481312796473503113e-02
5.562902968376874646e-02
5.491188853047788282e-02
5.545016052201390266e-02
5.598489153198897561e-02
5.520408283919096132e-02
5.511954966932534894e-02
5.761143811978399615e-02
5.686545339412987093e-02
5.673771421425044537e-02
5.525720720179379264e-02
5.542632490396499911e-02
5.481684003025293073e-02
5.254840590059757510e-02
5.159469447098672529e-02
5.099716172553599158e-02
5.152972061187029162e-02
5.144917159341275831e-02
5.150814671069383482e-02
5.154882883653044701e-02
5.199398477561771592e-02
5.179075603373348852e-02
5.130897602066397667e-02
5.141367516480386396e-02
5.129814115352928500e-02
5.149702336639165601e-02
5.243933601304888448e-02
5.237108543515205106e-02
5.204985267482697964e-02
5.180338071659207344e-02
5.161097235977649827e-02
5.182707975618541102e-02
5.197177231311798234e-02
5.133987581357359747e-02
5.141757749952376166e-02
5.171725666150450706e-02
5.171854812651872912e-02
5.165855237282812595e-02
5.186961158178746839e-02
5.191653752699494639e-02
5.145115572959184369e-02
5.179466600529849390e-02
5.251830234192311764e-02
5.169033794663846493e-02
5.179980117827653885e-02
5.170001233927905282e-02
5.184153816662728786e-02
5.207431330345570902e-02
5.170863131061196466e-02
5.234692334197461883e-02
5.195041690021753172e-02
5.149088180623948713e-02
5.152581273578107218e-02
5.151727735064923902e-02
5.175648932345211506e-02
5.261464170180261274e-02
5.198739636689424237e-02
5.139906895346939286e-02
5.202236133627593379e-02
5.155304963700473031e-02
5.145897315815091411e-02
5.147477127611636838e-02
5.210870648734271249e-02
5.139984427951276025e-02
5.212006377987563749e-02
5.138329803012311320e-02
5.211023692972958227e-02
5.116072581149637422e-02
5.128093119710683961e-02
5.213925139978527884e-02
5.256465706042945385e-02
5.207099500112235407e-02
5.187531225383281569e-02
5.114008099772036214e-02
5.224019708111882210e-02
5.143119497224688669e-02
5.144847575575113574e-02
5.115038831718266010e-02
5.162396202795207362e-02
5.231468672864138941e-02
5.171626554802059850e-02
5.141651844605803212e-02
5.158634199760854522e-02
5.127545236609876156e-02
5.184269570745527606e-02
5.153960916213691512e-02
5.158442561514675617e-02
5.138839948922395429e-02
5.126585471443832059e-02
5.242060865275562087e-02
5.189737654291093349e-02
5.164390108548104485e-02
5.130140534602105340e-02
5.140850576572120190e-02
5.182222356088459631e-02
5.131939603015780310e-02
5.064966240897774558e-02
5.151517465710640092e-02
5.116752479225396971e-02
5.128595153801143031e-02
5.143218282610177716e-02
5.433241003192960938e-02
5.304218032397330085e-02
5.120112220756709714e-02
5.171956373378634730e-02
5.097537175752222399e-02
5.114786485210061351e-02
5.105351889505982399e-02
5.152200907468795776e-02
5.164974313229322295e-02
5.185961662791669508e-02
5.202777846716344357e-02
5.134376722853630642e-02
4.942894158884882788e-02
4.908638456836342950e-02
4.920500442385673801e-02
4.910456789657473287e-02
4.908184790983795981e-02
4.937960538081824502e-02
4.910207455977797647e-02
4.906325675547122678e-02
4.933409420773386678e-02
4.925806042738258700e-02
4.962959866970777234e-02
4.941345728002488613e-02
4.945082315243780335e-02
4.894949402660131454e-02
4.931761319749057570e-02
4.931157650426030298e-02
4.918820117600262304e-02
4.902781951241195341e-02
4.960558079183101376e-02
4.951480259187519828e-02
4.923223191872239113e-02
4.913848163560032706e-02
4.910056772641837458e-02
4.911883734166622162e-02
4.886398091912269592e-02
4.910519053228199621e-02
4.928494510240852972e-02
4.935172405093908587e-02
4.937832988798618317e-02
4.903562525287270824e-02
4.929417599923908988e-02
5.015972754918038984e-02
4.986941986717283865e-02
4.909238880500197549e-02
4.918386647477746010e-02
4.908150839619338651e-02
4.894525543786585470e-02
4.951719203963875909e-02
4.942005672492087026e-02
4.899783926084637364e-02
4.934619516134262224e-02
4.922100710682571212e-02
4.920779038220644136e-02
4.940967783331871171e-02
4.893486355431377749e-02
4.886196278966963014e-02
4.885281501337886134e-02
4.959366992115974565e-02
4.895349456928670129e-02
4.898866401053965369e-02
4.900074638426303586e-02
4.931407147087156495e-02
4.904684354551136494e-02
4.893384226597845277e-02
4.882742711342871050e-02
4.918045103549957553e-02
4.903250746428966522e-02
4.921432184055447856e-02
4.877171949483453950e-02
4.893009271472692490e-02
4.914804380387068072e-02
4.919900884851813316e-02
4.909950196743011197e-02
4.920192332938313345e-02
4.895351915620267669e-02
4.899772135540843288e-02
4.929149360395967960e-02
4.909307286143303056e-02
4.885956887155771394e-02
4.904840975068509856e-02
4.910625084303319593e-02
4.896920237224548778e-02
4.940520212985575338e-02
4.881374849937856336e-02
4.865151443518698354e-02
4.882759070023894032e-02
4.877545707859098911e-02
4.892096337862313071e-02
4.943919517099857469e-02
4.903176240622997284e-02
4.877272266894579211e-02
4.922577291727066318e-02
4.900295101106166840e-02
4.887708534952252964e-02
4.870076198130846024e-02
4.877804126590490341e-02
4.918363234028220315e-02
4.989252616651355943e-02
4.907054039649665078e-02
4.852818241342902322e-02
4.880325091071426730e-02
4.885106296278536597e-02
4.875681297853588780e-02
4.892070847563445568e-02
4.864288200624287267e-02
4.874170371331274648e-02
4.902906236238777776e-02
4.869965016841888705e-02
4.867412191815674583e-02
4.907537526451051513e-02
4.755626677069813013e-02
4.745732345618307313e-02
4.737179144285619259e-02
4.755016397684812268e-02
4.755540699698031226e-02
4.754598536528646668e-02
4.752255263738334318e-02
4.745293329469859461e-02
4.748479700647294244e-02
4.748030579648911814e-02
4.750240705907345096e-02
4.754252564162016192e-02
4.739961060695350309e-02
4.740050695836543759e-02
4.770753593184053759e-02
4.749863441102206846e-02
4.751629987731575966e-02
4.748055292293429375e-02
4.745343299582600871e-02
4.735458549112081528e-02
4.743685708381235877e-02
4.742197436280548573e-02
4.741904470138251504e-02
4.739744742400944094e-02
4.735485475976020098e-02
4.756491770967841148e-02
4.744743276387453079e-02
4.748437944799661914e-02
4.749866372440010587e-02
4.739552200771868229e-02
4.741724045015871525e-02
4.747666937764734307e-02
4.742707661353051662e-02
4.748050239868462086e-02
4.729417474009096900e-02
4.762193043716252128e-02
4.732288126833737035e-02
4.755259344819932898e-02
4.745178213343024393e-02
4.728750311769545217e-02
4.737672894261777540e-02
4.732356616295874119e-02
4.735767622478306155e-02
4.725960309151559791e-02
4.724597292952239375e-02
4.734339644201100011e-02
4.724051258526742320e-02
4.722791844978928288e-02
4.726573154330253324e-02
4.736579223535954813e-02
4.723447668366134028e-02
4.741419693455099782e-02
4.734955425374209881e-02
4.736087792553007880e-02
4.727789042517542561e-02
4.720528465695679465e-02
4.714065929874777794e-02
4.713176223449409147e-02
4.725863062776625156e-02
4.728564894758165160e-02
4.729664465412497520e-02
4.725307379849254946e-02
4.738658908754587312e-02
4.716466921381652633e-02
4.740171544253826003e-02
4.720195205882191797e-02
4.725949384737759829e-02
4.725543353706598143e-02
4.720259588211774687e-02
4.729806496761738976e-02
4.713246384635567943e-02
4.710913854651153226e-02
4.726913063786923608e-02
4.723717281594872613e-02
4.730645464733242850e-02
4.702979894354939600e-02
4.736160561442374906e-02
4.717970229685306688e-02
4.736390560865402083e-02
4.704670934006571770e-02
4.720881944522261481e-02
4.730230111163109818e-02
4.743793993256986002e-02
4.724618711043149233e-02
4.716802514158189436e-02
4.718115874566138068e-02
4.716582987457514087e-02
4.712995863519608974e-02
4.718540390022098879e-02
4.695588503964245181e-02
4.706587544642389098e-02
4.718783549033105096e-02
4.708858849480748038e-02
4.706837851554155489e-02
4.710176431108266393e-02
4.709485610947013179e-02
4.709179247729480128e-02
4.713035903405397853e-02
4.708596337586641589e-02
4.692723932676017007e-02
4.643627395853400230e-02
4.636304909363388876e-02
4.634220399893820147e-02
4.630974028259515762e-02
4.625490447506308556e-02
4.633788012433796843e-02
4.630169223528355499e-02
4.631870575249195238e-02
4.634389788843691627e-02
4.627719460986554761e-02
4.632928424980491122e-02
4.627199007663875679e-02
4.625287887174635987e-02
4.630862399935722212e-02
4.630609918385743956e-02
4.630883685313165465e-02
4.621845304500311891e-02
4.626653236337006231e-02
4.621263677254319052e-02
4.627295818645506958e-02
4.628684534691274166e-02
4.631341891363262991e-02
4.628844675607979298e-02
4.621907453984022002e-02
4.624623446725308756e-02
4.628268387168645720e-02
4.622178720310330530e-02
4.616157528944313249e-02
4.629418919794261317e-02
4.617803730070590973e-02
4.622771102003753185e-02
4.624121407978236398e-02
4.620674173347651820e-02
4.626269936561584750e-02
4.617499620653688769e-02
4.617548468522727351e-02
4.624551208689808846e-02
4.636245602741837640e-02
4.617231106385588646e-02
4.613863253034651557e-02
4.617245416156947474e-02
4.621039826888591329e-02
4.617270901799201688e-02
4.626106661744415482e-02
4.618927084375172576e-02
4.619001150131225863e-02
4.616213720291852812e-02
4.617344052530825138e-02
4.615619396790861945e-02
4.616174444090574702e-02
4.612668058834969859e-02
4.626875291578471522e-02
4.623876404948532720e-02
4.613590305671096126e-02
4.615199905820190768e-02
4.623318454250693182e-02
4.618266643956303596e-02
4.607937054242938757e-02
4.612107870634644946e-02
4.604809919837862114e-02
4.610146917402744432e-02
4.616085218731313944e-02
4.609165717847645005e-02
4.611117532476782799e-02
4.605955567676574269e-02
4.620507210493087630e-02
4.611324651632457694e-02
4.608352589420974116e-02
4.610642364714294394e-02
4.607515321113168916e-02
4.610287062823772292e-02
4.609582037664949894e-02
4.618543414399027547e-02
4.611891005188226839e-02
4.617999568581580838e-02
4.609582731500268260e-02
4.604751048609614233e-02
4.605373004451394220e-02
4.600140280090272288e-02
4.599803029559552947e-02
4.600760857574641427e-02
4.599312662612646541e-02
4.610155732370913029e-02
4.606922902166843414e-02
4.615554327610880275e-02
4.611667557619512220e-02
4.603424076922237734e-02
4.599370134528726201e-02
4.605588025879114866e-02
4.608273641206324378e-02
4.599437895230949064e-02
4.600307028740644594e-02
4.604844271671026945e-02
4.611408687196671963e-02
4.596106261014938632e-02
4.606054904870689193e-02
4.603126468136906763e-02
4.595307679846882820e-02
4.603466445114463845e-02
4.597102762199938020e-02
4.558840771205723008e-02
4.553755801171064516e-02
4.557149880565702915e-02
4.556417292915284495e-02
4.554841690696775913e-02
4.557615653611719886e-02
4.553452089894562821e-02
4.553369521163404265e-02
4.560254705138504228e-02
4.554224498569965640e-02
4.552694789599627534e-02
4.557546623982489109e-02
4.553103744983673373e-02
4.562653661705553393e-02
4.549798355437815328e-02
4.553152178414165974e-02
4.553284998983144621e-02
4.556184776592999558e-02
4.553758148103952130e-02
4.550629223231226345e-02
4.554386730305850367e-02
4.552665171213447770e-02
4.552418005187064409e-02
4.552675592713058272e-02
4.556714717764407535e-02
4.555740579962730408e-02
4.552876681555062532e-02
4.553014482371509075e-02
4.552474012598395348e-02
4.548547137528657913e-02
4.549721921794116358e-02
4.549706722609699050e-02
4.551519565284252444e-02
4.551855879835784574e-02
4.550223387777805467e-02
4.549848916940391064e-02
4.549831056501716514e-02
4.546169447712600231e-02
4.548492259345948696e-02
4.553122580982744971e-02
4.547705543227494041e-02
4.552363352850079259e-02
4.549111160449683527e-02
4.548771865665912628e-02
4.543440034613013129e-02
4.546332191675901691e-02
4.546053288504481316e-02
4.547677687369287153e-02
4.546667025424540320e-02
4.546761959791183194e-02
4.547693766653537750e-02
4.546716648619621853e-02
4.546036175452172756e-02
4.544683024287223677e-02
4.544469080865383426e-02
4.544084020890295367e-02
4.548575223889202157e-02
4.543943312019109448e-02
4.547658581286669055e-02
4.545272360555827756e-02
4.544370132498443127e-02
4.544997899793088575e-02
4.545373418368399421e-02
4.543123021721839905e-02
4.538536199834197760e-02
4.541065036319195947e-02
4.540784582495689670e-02
4.545792536810040751e-02
4.545245752669870715e-02
4.536398551426827630e-02
4.540202398784458360e-02
4.539323151111603061e-02
4.538325306493788680e-02
4.542989507317542891e-02
4.540602476336062093e-02
4.542762623168528080e-02
4.537129085510969301e-02
4.538541343063116212e-02
4.539656005799770633e-02
4.540648479014634809e-02
4.540535842534154654e-02
4.537359308451414247e-02
4.540070539806038280e-02
4.540316341444849968e-02
4.538549007847905020e-02
4.535877313464879712e-02
4.544104919768869599e-02
4.537275775801390132e-02
4.536548659671098271e-02
4.537437318358570476e-02
4.537312812171876569e-02
4.531836505047977248e-02
4.538895338773727556e-02
4.534711218439042846e-02
4.533996777608990947e-02
4.537071373779326400e-02
4.536123049911111593e-02
4.538116427138447900e-02
4.536339128389954567e-02
4.535408322699367722e-02
4.514791418332606693e-02
4.511471537407487492e-02
4.510847772471606593e-02
4.512266039382666072e-02
4.511893892195075612e-02
4.511435537133366008e-02
4.512121407315135280e-02
4.509579655714333196e-02
4.511563086416572194e-02
4.510222035460174222e-02
4.510984765365719934e-02
4.510530822444706878e-02
4.513174514286220212e-02
4.510185564868152142e-02
4.510013596154749393e-02
4.508968777954578538e-02
4.510876680724322518e-02
4.510447857901454111e-02
4.508194150403142114e-02
4.510133096482604742e-02
4.509886084124446054e-02
4.509655728470533809e-02
4.508173321373760978e-02
4.507797351107001305e-02
4.512920212000608167e-02
4.510702495463192463e-02
4.508882653899490972e-02
4.507936146110295972e-02
4.508576968219131509e-02
4.509163200855255405e-02
4.508145204745232781e-02
4.508063220418989658e-02
4.507257710210978846e-02
4.506931814830750227e-02
4.507793977390974621e-02
4.507038628216832737e-02
4.505797883030027151e-02
4.506920319981873313e-02
4.506416944786906242e-02
4.508792965207249204e-02
4.505879445932805399e-02
4.506854049395769835e-02
4.505661157891154012e-02
4.505440616048872471e-02
4.506986415944993357e-02
4.504938651807606498e-02
4.505820616614073654e-02
4.505756578873842955e-02
4.506095615215599537e-02
4.505872579757123908e-02
4.507881170138716698e-02
4.503771183080971380e-02
4.505982110276818275e-02
4.508347404189407687e-02
4.504932891577482362e-02
4.506431778427213292e-02
4.504414210096001348e-02
4.505963781848550120e-02
4.505267338827252666e-02
4.505473328754305840e-02
4.504979092162102183e-02
4.504724070429801802e-02
4.503718507476150990e-02
4.508339746389537772e-02
4.504446717910468717e-02
4.504472790285944661e-02
4.505061036907136163e-02
4.506024888250977078e-02
4.502987009473145147e-02
4.503917128313332519e-02
4.501720014959573885e-02
4.502838761545717439e-02
4.503197106532752514e-02
4.501478497404605428e-02
4.506025316659360846e-02
4.503542880993336578e-02
4.502385228406637768e-02
4.501866796053945879e-02
4.503192836418747763e-02
4.503666046075523177e-02
4.503006211016327004e-02
4.502969165332615376e-02
4.503965030889958004e-02
4.499677191488445083e-02
4.500440284609794755e-02
4.498712965287268023e-02
4.500019827391952415e-02
4.502707314677536349e-02
4.502271164674311738e-02
4.501158939674496789e-02
4.500200464390217980e-02
4.500247908290475746e-02
4.498266289010643959e-02
4.500143132172525207e-02
4.501711660996079306e-02
4.498113612644374232e-02
4.501073658466338973e-02
4.500630614347755909e-02
4.498847660142928084e-02
4.500894993543624878e-02
