1.574119301512837479e-02
5.785873439162969416e-03
3.912372002378106291e-03
2.508110878989100283e-03
2.040866203606128606e-03
2.153628063388168725e-03
3.137813997454941273e-03
2.095890732016414491e-03
1.792202016804367260e-03
1.304706896189600273e-03
1.191763154929503885e-03
7.616614340804517703e-04
1.565168902743607759e-03
6.793612526962533159e-04
1.063707238063216166e-03
7.735876948572695472e-04
7.203541084891184948e-04
5.892651854082942443e-04
6.734963186318055012e-04
1.102869777241721749e-03
6.030751392245292664e-04
5.841555102961137891e-04
6.636727950535715060e-04
6.858916545752436139e-04
8.332348021212965467e-04
6.758590694516897418e-04
6.225667893886566162e-04
5.851245019584894397e-04
8.091850089840590737e-04
8.541403338313102288e-04
5.242725310381501913e-04
6.136247480753809430e-04
6.850973499240353487e-04
4.406114516314118884e-04
6.292620906606316783e-04
6.000830908305943012e-04
3.792283907532691817e-02
6.128263019490986629e-04
7.102102710632607774e-04
4.157378032687120248e-04
7.264955638675019145e-04
5.977987253572792032e-04
4.888464609393849969e-04
5.220378545345738964e-04
5.583780060987919352e-04
6.135684379842132330e-04
5.952845327556133487e-04
4.330251482315361717e-04
5.990462232148274779e-04
8.148893772158771970e-04
6.762831297237425609e-04
5.880129494471475916e-04
5.401741160312667706e-04
3.805429354542866132e-04
6.239231093786657073e-04
4.388023255160078298e-04
4.605088004609570016e-04
4.389917463413439908e-04
3.992559883045032837e-04
4.854997794609516967e-04
6.562615599250420928e-04
6.202416436281055646e-04
3.704112372361123345e-04
7.974196458235382600e-04
5.170410673599690416e-04
5.016494746087118766e-04
6.423967512091621973e-04
5.032616812968626402e-04
5.578826239798218012e-04
2.103516235947609087e-02
4.668816621415316885e-03
1.735201082192361442e-03
8.031769539229571819e-04
7.884378079324960925e-04
7.857235323172062635e-04
5.569678440224378867e-04
7.256382261402905421e-04
5.309874337399378636e-04
6.924002460436895707e-04
6.265890784561634281e-04
3.956600034143775485e-04
4.937179415719583847e-04
7.234726275783031962e-04
4.088414440047927418e-04
8.381091640330851512e-04
5.464835150633007722e-04
4.774568602442741611e-04
3.743599358131177507e-04
4.648706031730398753e-04
5.354023101972416260e-04
4.864336689934134375e-04
4.230825899867340814e-04
6.398343015462159894e-04
5.150032549863681631e-04
5.631979700410738154e-04
4.454707959666848183e-04
6.104447500547393723e-04
5.861764890141785362e-04
5.157946347026154182e-04
3.827812470262870193e-04
2.674117378774098944e-04
2.822288297466002405e-04
2.817599917761981379e-04
2.874063822673633586e-04
2.402293495833873640e-04
3.201135186827741563e-04
3.100974136032164097e-04
2.594950929051265121e-04
2.787205216009169600e-04
3.024614925379864872e-04
3.549089451553300023e-04
2.746860845945775509e-04
3.288420208264142492e-04
3.069995524128899195e-04
3.127871881588361941e-04
3.562306534149684229e-04
2.803780502290464721e-04
2.725855025346391120e-04
2.848566276952624104e-04
2.484439464751631021e-04
2.913298842031508576e-04
2.995609975187107921e-04
2.442268290906213007e-04
3.234526127926074077e-04
2.944196341559290778e-04
2.728188570472412028e-04
2.660086160176433406e-04
2.463916811393573663e-04
3.592069493606686809e-04
2.917115722084418156e-04
3.659049209090880941e-04
3.411488403799012412e-04
3.552492038579657457e-04
2.604048422654159367e-04
3.636700770584866188e-04
3.385755131603218832e-04
2.679403973161242685e-04
2.446813276037573923e-04
2.281023502291645909e-04
2.420255463221110458e-04
3.668458375614136457e-04
3.575942537281662226e-04
3.744180488865822337e-04
3.087665172643028200e-04
2.893092692829668739e-04
3.091232254519127418e-04
2.671739362995140471e-04
2.866364942747168026e-04
2.790926693705841790e-04
4.010020726127550223e-04
2.492854953743517507e-04
3.145901908283121992e-04
1.312616374343633738e-03
2.621084990096278272e-04
2.660872938577085950e-04
3.116594336461275708e-04
2.884333618567325066e-04
2.001214801566675360e-04
2.528597848140634813e-04
2.366582149988971542e-04
2.298932333360426019e-04
2.317355218110606183e-04
2.873357268981635679e-04
2.439235846395604258e-04
4.516384127782657526e-04
3.669825106044300117e-04
3.163919202052056681e-04
2.443767647491767786e-04
2.664554005605168532e-04
2.535269522923044860e-04
2.193358523072674870e-04
2.217822853708639687e-04
4.294794547604396722e-04
2.634391261381096921e-04
3.149608179228380539e-04
2.439528994727879708e-04
2.932194096501916430e-04
2.305447575054131394e-04
2.715506328968331001e-04
2.455130714224651564e-04
2.974800401716492962e-04
2.938686855486594249e-04
3.199008715455420315e-04
2.769484344753436744e-04
2.233670034911483472e-04
2.370122284628450697e-03
2.891173993702977679e-04
3.781086241360753883e-04
2.601439744466915835e-04
2.251409867312759269e-04
2.694447175599634647e-04
2.328176924493163824e-04
1.982653047889471054e-04
2.834465121850371361e-04
2.154595829779282321e-04
3.344089869642630436e-04
2.546741685364395597e-04
2.686335254111327339e-04
2.723499419516883790e-04
2.417051975498907160e-04
2.199890412157401551e-04
1.650450518354773467e-04
1.730337236949708204e-04
1.956413834705017507e-04
1.776344128302298540e-04
1.820542995119467269e-04
1.641269664105493575e-04
1.808669796446338188e-04
1.901127950986847390e-04
1.842533398303203231e-04
2.020845378865487765e-04
2.166595106245949756e-04
1.823028258513659347e-04
1.831993940868414938e-04
2.352468160097487217e-04
2.120389355695806335e-04
1.779678372258786166e-04
1.949354766111355166e-04
1.692548517894465422e-04
1.780978040187619681e-04
1.922548806760460247e-04
1.742739943438209485e-04
1.670158664637710791e-04
1.956900734512600939e-04
1.932279119500890374e-04
1.760227714839857072e-04
1.860943390056490844e-04
1.831356923503335457e-04
2.148652871255762821e-04
1.730717820464633514e-04
2.029994560871273333e-04
1.592117339896503944e-04
1.770819828379899155e-04
1.897687710879836286e-04
1.764053857186809291e-04
1.733608318318147266e-04
1.597494476300198476e-04
1.642258721403777599e-04
1.894180837552994435e-04
1.599023031303659027e-04
1.777861412847414559e-04
1.629040889383759350e-04
1.703269605059176629e-04
1.929401070810854327e-04
1.767062793078366775e-04
2.032397693255916184e-04
1.851783134043216814e-04
1.773469899490009939e-04
2.106258398271165788e-04
2.098738390486687476e-04
1.754318538587540280e-04
1.895901979878544699e-04
2.103917890053708160e-04
2.187590143876150250e-04
1.808001819881610627e-04
1.937352033564820994e-04
2.193815569626167525e-04
1.809751411201432347e-04
1.848198480729479343e-04
1.649269106565043330e-04
2.174535038648173213e-04
1.794283431081566905e-04
1.995567232370376533e-04
1.940910806297324598e-04
1.799008532543666661e-04
2.048698937869630808e-04
1.698352345556486290e-04
2.142106895917095244e-04
1.677515581832267452e-04
1.970384735614061464e-04
1.798411089112050886e-04
1.801601931219920408e-04
2.055778939393349100e-04
1.974109283764846515e-04
1.683835405856371034e-04
1.800078520318493301e-04
1.786512941180262606e-04
2.116434756317175979e-04
1.948924895259551758e-04
2.126456849509850036e-04
1.852168534242082387e-04
1.662344613578170430e-04
1.733332406729459708e-04
2.017909573623910546e-04
1.882798409496899748e-04
1.784046107786707580e-04
1.606485529919154942e-04
2.290070449816994477e-04
1.660483016166836078e-04
1.840312557760626023e-04
1.941177091794088537e-04
1.765225228155031854e-04
2.417254523606970852e-04
1.958060456672683358e-04
1.907220459543168436e-04
5.417103966465219855e-04
2.007584844250231981e-04
1.885414560092612993e-04
1.896628469694405740e-04
3.172996308421716311e-04
1.442079061234835481e-04
1.453504235541913767e-04
1.510269874415826161e-04
1.386862044455483610e-04
1.641579750867094899e-04
1.491310569690540325e-04
1.404189191816840375e-04
1.518208453489933271e-04
1.609861843462567722e-04
1.400714019837323468e-04
1.467926776967942715e-04
1.387811702443286831e-04
1.812703252653591389e-04
1.476242759963497519e-04
1.434068813978228664e-04
1.507816581579390967e-04
1.491170391091145629e-04
1.470982017053756754e-04
1.385781841236166764e-04
1.528280539787374491e-04
1.427304719982203042e-04
1.509697438450530280e-04
1.537723983346950263e-04
1.496578646765556241e-04
1.489825059252325391e-04
1.482109611970372390e-04
1.528321910882368575e-04
1.629603058972861509e-04
1.595820074726361890e-04
1.466096575313713293e-04
1.394233535393141264e-04
1.463170381612144519e-04
1.647770106501411538e-04
1.422919041942804943e-04
1.524415296444203759e-04
1.429529249435290586e-04
1.523699262179434245e-04
1.891489562694914747e-04
1.655029365792870413e-04
1.535411691293120493e-04
1.393703838402870988e-04
1.430269861884880865e-04
1.508673747594002743e-04
1.406067924108356129e-04
1.721898268442601074e-04
1.405645576596725678e-04
1.429706157068722004e-04
1.426354196155443842e-04
1.434384008462075090e-04
1.553138448798563386e-04
1.543078789836726974e-04
1.617066664039157331e-04
1.393724014633335173e-04
1.568685220263432711e-04
1.491967821493744959e-04
1.435586229490581791e-04
1.435603262507356703e-04
1.551857923914212625e-04
1.535749368485994745e-04
1.405161849106661867e-04
1.517956181487534087e-04
1.554731483338400776e-04
1.483921099861618186e-04
1.498147947131656219e-04
1.579620875418186188e-04
1.647790370043367039e-04
1.461352665501181145e-04
1.438400067854672670e-04
1.512555609224364161e-04
1.495435521064791883e-04
1.428990137355867665e-04
1.381430847686715424e-04
1.497155470133293528e-04
1.448297058232128566e-04
1.451515199732966721e-04
1.603247234015725499e-04
1.437418381101451868e-04
1.396805499098263789e-04
1.792330993339419473e-04
1.493253839726094157e-04
1.411829536664299558e-04
1.541090772661846185e-04
1.602168835233897025e-04
1.892424756078980917e-04
1.473301272199023515e-04
1.569686995935626382e-04
1.504251813457813114e-04
1.470386880100704621e-04
1.463268483348656337e-04
1.440290288883261383e-04
1.536168492748402059e-04
1.396827305143233443e-04
1.493134011980146278e-04
1.469682996685151065e-04
1.609027094673365355e-04
1.557481613417621756e-04
1.474004813644569259e-04
1.490232760261278708e-04
1.516318385256454294e-04
1.583048062457237284e-04
1.363040384603664171e-04
1.318441136390902102e-04
1.280203192436601912e-04
1.300624455325305353e-04
1.327190475421957672e-04
1.301378339121583795e-04
1.297398768656421344e-04
1.334589534963015359e-04
1.357763241685461145e-04
1.255613446119241471e-04
1.314615670708008056e-04
1.312695756496396024e-04
1.300290488870814334e-04
1.432720840966794694e-04
1.331926323473453522e-04
1.512420749349985272e-04
1.260374949197284769e-04
1.339237278443761170e-04
1.328448845015372973e-04
1.255071088962722515e-04
1.276473740290384740e-04
1.260300770809408169e-04
1.306644975556992049e-04
1.283447338209953051e-04
1.305808073084335774e-04
1.331022314843721579e-04
1.358643210551235933e-04
1.363981413305737132e-04
1.318750415521208143e-04
1.372577440633904135e-04
1.317409645707812214e-04
1.458604390791151781e-04
1.283110250369645655e-04
1.308737577346619273e-04
1.347897639789152999e-04
1.340947579592466300e-04
1.341212700936011970e-04
1.368006298434920501e-04
1.286346421693451811e-04
1.281384065805468708e-04
1.308253900788258707e-04
1.279994183278177042e-04
1.291661195864435340e-04
1.314264314714819139e-04
1.333826970949303413e-04
1.267821135115809739e-04
1.324506672972347696e-04
1.260605618881527280e-04
1.441035579773597365e-04
1.345468655927106630e-04
1.360908201604615789e-04
1.306058082263916839e-04
1.283318539208266830e-04
1.295133908570278328e-04
1.320453382504638393e-04
1.360656824545003474e-04
1.391998826875351315e-04
1.375727151753380895e-04
1.368014687614049708e-04
1.294503963436000049e-04
1.301043412240687758e-04
1.311825719312764596e-04
1.289461921260226464e-04
1.313297158048953807e-04
1.308803679421544129e-04
1.247690146556124145e-04
1.413531404978129959e-04
1.320984520134516060e-04
1.284497877350076925e-04
1.313535016379319186e-04
1.305110854445956647e-04
1.339954236755147631e-04
1.412657649780157845e-04
1.314508110226597529e-04
1.312491367571055889e-04
1.310336825554259067e-04
1.352484861854463707e-04
1.289354455366264975e-04
1.358874316792935025e-04
1.307736034505069202e-04
1.332727020781021511e-04
1.341146911727264578e-04
1.272540546779055257e-04
1.306902398937381858e-04
1.384199415042530637e-04
1.283197103475686109e-04
1.276397430046927130e-04
1.438637322280556018e-04
1.601304953510407304e-04
1.315122368396259790e-04
1.265099053853191435e-04
1.241603698872495497e-04
1.266403865884058123e-04
1.339415357506368309e-04
1.286337406781967675e-04
1.389272423693910295e-04
1.239668403286486918e-04
1.380255569529254098e-04
1.438375700672622878e-04
1.245891158760059571e-04
1.199764745251741233e-04
1.220164012920577079e-04
1.222872851940337569e-04
1.234064111486077309e-04
1.207309389428701279e-04
1.197835314087569659e-04
1.223883926286362220e-04
1.219443329318892211e-04
1.223366700287442546e-04
1.210681417433079278e-04
1.223962739459239001e-04
1.233494003827217966e-04
1.204510801471769837e-04
1.250343229912687093e-04
1.252627218491397690e-04
1.235312462085857933e-04
1.221751183038577329e-04
1.188263828225899434e-04
1.237770651641767526e-04
1.238559860212262828e-04
1.191920557175762978e-04
1.201633414893876788e-04
1.249295448360498886e-04
1.223787476192228496e-04
1.215660515299532590e-04
1.211029746627900722e-04
1.217547309352085049e-04
1.237925083842128569e-04
1.210285801789723364e-04
1.207685781992040575e-04
1.236538664670661092e-04
1.275648355658631772e-04
1.239845361851621311e-04
1.221732549311127568e-04
1.203491781780030551e-04
1.205635671794880182e-04
1.206785615067928975e-04
1.336035966232884675e-04
1.265742364921607186e-04
1.244324121216777712e-04
1.215870186570100459e-04
1.224450839799828773e-04
1.232641021488234347e-04
1.205344116897322265e-04
1.256095434655435329e-04
1.203071682539302910e-04
1.203043582790996852e-04
1.242965176061261499e-04
1.224818843184038997e-04
1.220610276504885432e-04
1.190850220154970939e-04
1.191964096506126279e-04
1.238306933373678367e-04
1.212628267239779234e-04
1.228736189659685005e-04
1.264074111531954313e-04
1.202841725898906643e-04
1.228884226293303018e-04
1.297141818213276457e-04
1.217835524585098028e-04
1.202868930704425966e-04
1.269964108360000009e-04
1.212029907037503963e-04
1.184555563668254709e-04
1.242474543687421937e-04
1.201298022351693416e-04
1.232738293765578527e-04
1.196925033582374481e-04
1.214549323776736910e-04
1.227106891747098362e-04
1.270425767870619947e-04
1.232111259014345651e-04
1.224914951308164637e-04
1.216725941048935056e-04
1.261723205971065854e-04
1.222171827976126170e-04
1.215758878970518762e-04
1.281453362025786083e-04
1.204460946610197371e-04
1.258549113117624128e-04
1.242692327650729621e-04
1.216870652569923577e-04
1.258392185263801366e-04
1.262584482901729643e-04
1.243647624505683834e-04
1.232242299010977095e-04
1.205846514494624043e-04
1.272386718483175974e-04
1.254176553629804457e-04
1.199608952447306392e-04
1.280036740354262292e-04
1.200531114591285586e-04
1.305370838963426595e-04
1.211491042340639952e-04
1.248539738298859447e-04
1.203465406433679136e-04
1.209132482472341562e-04
1.190352268167771399e-04
1.237596370629034936e-04
1.224952698976267075e-04
1.180151113658212152e-04
1.184949695016257438e-04
1.190608149045147056e-04
1.199916914629284292e-04
1.187108246085699648e-04
1.176649697299581075e-04
1.189054521091748056e-04
1.180659564852248877e-04
1.181968560558743721e-04
1.185025881568435525e-04
1.187149551697075313e-04
1.175116063677705770e-04
1.193377087474800701e-04
1.182512365630827790e-04
1.200684950163122321e-04
1.183338361443020376e-04
1.178121106931939667e-04
1.185062676086090532e-04
1.190411538118496510e-04
1.182234373118262738e-04
1.173033058876171681e-04
1.179710336145944920e-04
1.192201991216279593e-04
1.170193965663202134e-04
1.190007278637494892e-04
1.167115748103242313e-04
1.200157537823542925e-04
1.180609120638109689e-04
1.186802612210158286e-04
1.200401682581286850e-04
1.207085530040785616e-04
1.183729487820528393e-04
1.227344524522777593e-04
1.192709496535826474e-04
1.191627423395402702e-04
1.168891838460694971e-04
1.169545932498294887e-04
1.197658566525205970e-04
1.206876338983420255e-04
1.195688040752429569e-04
1.189455389976501492e-04
1.203267136588692638e-04
1.171229137980844771e-04
1.187956833746284274e-04
1.188852591440081569e-04
1.190426155517343432e-04
1.174033452116418657e-04
1.195208533317781985e-04
1.186360670544672784e-04
1.168379953014664406e-04
1.195546763483434888e-04
1.198955804284196320e-04
1.176362078695092404e-04
1.179510196379851496e-04
1.177521724457619685e-04
1.177309881313704008e-04
1.196733544929884347e-04
1.176825135189574212e-04
1.176773497718386406e-04
1.191843788546975756e-04
1.191343770187813762e-04
1.184574517537839657e-04
1.191471790662035319e-04
1.210559363244101351e-04
1.174028540845029083e-04
1.194914468214847175e-04
1.175743083877023337e-04
1.182246596727054566e-04
1.195318829559255418e-04
1.176618083263747448e-04
1.177239646494854242e-04
1.190157185192219967e-04
1.200102597067598253e-04
1.190414448501542183e-04
1.186377165140584084e-04
1.189651113236323026e-04
1.208778448926750571e-04
1.208538815262727439e-04
1.186748937470838373e-04
1.189657901704776978e-04
1.198793906951323152e-04
1.254021073691546809e-04
1.185083834570832496e-04
1.180707993626128855e-04
1.168586801213677918e-04
1.208864974614698386e-04
1.229419860464986305e-04
1.190969240269623670e-04
1.207074783451389521e-04
1.173634336737450212e-04
1.169015136838424897e-04
1.180252969788853133e-04
1.190494243928697014e-04
1.177281235868576887e-04
1.196926532429642975e-04
1.210051792440935915e-04
1.196526514831930345e-04
1.209017609653528780e-04
1.191247261886019205e-04
1.180737628601491478e-04
1.170740739325992709e-04
1.168671558843925568e-04
1.165847483207471723e-04
1.168474533187691068e-04
1.170911447843536762e-04
1.171824464108794982e-04
1.173720731458161053e-04
1.177096724859438782e-04
1.167421396530698985e-04
1.165367146313656094e-04
1.165279514680150842e-04
1.181479623483028317e-04
1.162341613962780684e-04
1.171378491562791196e-04
1.172087009763345068e-04
1.172900643723551130e-04
1.170198156614787877e-04
1.170544601336587220e-04
1.188719397759996355e-04
1.175790079287253374e-04
1.177458412712439840e-04
1.156887788965832388e-04
1.174244258436374312e-04
1.170496638223994577e-04
1.175075500214006698e-04
1.174691133201122284e-04
1.168717666587326730e-04
1.161934516858309534e-04
1.165613968623802093e-04
1.167840113339480067e-04
1.176771147584076971e-04
1.166080568509642089e-04
1.182561383757274625e-04
1.183011328976135728e-04
1.180818137072492418e-04
1.179455000965390327e-04
1.164258879725821262e-04
1.185725202958565178e-04
1.168568793218582814e-04
1.165417961601633579e-04
1.169431961898226291e-04
1.179659469926264191e-04
1.183353633678052574e-04
1.171583964605815736e-04
1.180411112727597410e-04
1.189506896480452324e-04
1.165621128166094477e-04
1.179877752292668420e-04
1.185272238217294189e-04
1.165026551461778581e-04
1.176267665869090652e-04
1.202739294967614114e-04
1.178566562884952873e-04
1.174062213976867443e-04
1.184048378490842879e-04
1.171897856693249196e-04
1.173964752524625456e-04
1.168897586467210176e-04
1.178213868115562918e-04
1.160446146968752173e-04
1.189731003250926760e-04
1.166989502962678644e-04
1.172772281279321760e-04
1.174047531094402102e-04
1.173624055809341317e-04
1.181400570203550214e-04
1.166041285614483086e-04
1.171867101220414097e-04
1.179275801405310577e-04
1.199030739371664822e-04
1.172958785900846178e-04
1.179560436867177432e-04
1.185472050565294976e-04
1.167119218735024360e-04
1.162141619715839679e-04
1.192429779621306780e-04
1.177767582703381804e-04
1.181807201646734029e-04
1.169421469967346693e-04
1.176592129922937575e-04
1.183286069135647294e-04
1.169837036286480779e-04
1.188218477182090310e-04
1.176733079773839617e-04
1.182135732960887307e-04
1.173244389065075639e-04
1.175760022306349074e-04
1.180148567073047188e-04
1.176122546894475763e-04
1.177530786662828204e-04
1.208427231176756349e-04
1.179342587420251193e-04
1.182856969535350827e-04
1.185882421850692508e-04
1.180672974442131872e-04
1.170812705822754706e-04
1.176906589535064995e-04
1.185010667541064295e-04
1.185618471936322694e-04
1.180344865133520270e-04
1.169591792859137004e-04
1.171707845060154796e-04
1.170489696960430619e-04
1.167183370853308561e-04
1.163019565865397399e-04
1.175370001874398494e-04
1.174046919913962483e-04
1.172539523395244032e-04
1.167932561656925854e-04
1.172272284748032662e-04
1.171912845165934414e-04
1.173229931737296310e-04
1.174610442831180990e-04
1.173239405034109923e-04
1.170875868410803405e-04
1.171380936284549534e-04
1.170863193692639416e-04
1.176914418465457830e-04
1.166696485597640303e-04
1.166274283605162000e-04
1.167692629678640569e-04
1.179143226181622567e-04
1.172461488749831915e-04
1.172618773125577664e-04
1.179345490527339280e-04
1.167078669823240462e-04
1.170906594779808020e-04
1.171866730146575665e-04
1.169705115898977911e-04
1.166958725661970648e-04
1.176960169686935869e-04
1.170544674096163362e-04
1.170580064353998778e-04
1.168602742836810703e-04
1.175515615614131066e-04
1.174959063064307002e-04
1.176714831672143191e-04
1.168248607427813086e-04
1.177492238639388206e-04
1.166844900581054335e-04
1.169384609966073131e-04
1.170743067632429248e-04
1.173372613266110447e-04
1.168182738183531964e-04
1.174839315353892716e-04
1.171726493339520002e-04
1.171465322840958888e-04
1.170622788777109208e-04
1.171942021755967289e-04
1.172793010482564596e-04
1.165757865237537744e-04
1.169933355413377258e-04
1.177340309368446469e-04
1.177621743408963084e-04
1.172379030322190320e-04
1.170312996691791314e-04
1.173346710857003954e-04
1.176017918623983806e-04
1.177173806354403469e-04
1.176882964500691796e-04
1.171809606603346738e-04
1.169011928141117069e-04
1.166053974884562249e-04
1.172292024421039996e-04
1.175528552266769138e-04
1.172538904938846827e-04
1.174671255284920389e-04
1.173648386611603173e-04
1.178490274469368160e-04
1.173369681055191877e-04
1.177016936708241674e-04
1.172239826701115817e-04
1.177656238724011901e-04
1.182505846372805509e-04
1.177365840703714666e-04
1.171354851976502687e-04
1.175308258098084425e-04
1.178953418275341419e-04
1.175526893348433050e-04
1.175700286694336628e-04
1.173183882201556116e-04
1.178773607534822049e-04
1.179002196295186931e-04
1.168484479421749738e-04
1.183971748105250353e-04
1.173948901850962984e-04
1.166707173979375566e-04
1.173033044324256507e-04
1.176433725049719214e-04
1.170654526504222358e-04
1.172792086435947513e-04
1.171245086879935143e-04
1.170427291071973687e-04
1.175708166556432843e-04
1.172176027466775877e-04
1.174540579086169655e-04
1.164549161330796832e-04
1.182136678835377151e-04
1.175802222860511338e-04
1.174692275526467657e-04
1.170281815575435812e-04
1.172398049675393823e-04
1.170151750557124561e-04
1.168470429547596777e-04
1.170873198134358918e-04
1.172007490822579766e-04
1.167730166343972033e-04
1.172944772406481152e-04
1.173394113720860359e-04
1.170813811768312007e-04
1.166946400189772194e-04
1.172426978882867789e-04
1.168454306025523638e-04
1.166135858511552160e-04
1.174107332190033103e-04
1.170135154097806635e-04
1.172508265881333527e-04
1.172692740510683561e-04
1.170333081972785321e-04
1.170003903098404353e-04
1.170866802567616159e-04
1.171638992673251724e-04
1.173944561742246097e-04
1.174094082671217566e-04
1.171524469100404477e-04
1.173219621705356931e-04
1.172385782410856336e-04
1.172551499621476951e-04
1.171820869785733548e-04
1.169926603324711377e-04
1.169903502159286345e-04
1.170695759356021881e-04
1.167584225186146823e-04
1.175135796074755517e-04
1.172926102299243185e-04
1.171229363535530919e-04
1.172211639641318443e-04
1.172124284494202584e-04
1.177910009573679444e-04
1.171449090179521536e-04
1.173127904621651423e-04
1.174149459984619225e-04
1.172011805465444895e-04
1.176885351014789167e-04
1.174144716060254696e-04
1.172914504422806149e-04
1.172108757600653889e-04
1.171687988971825662e-04
1.170249161077663302e-04
1.167200134659651667e-04
1.169866234704386416e-04
1.174747056211344871e-04
1.171449373941868517e-04
1.175060337118338848e-04
1.174734861706383526e-04
1.177122918306849843e-04
1.173619508335832452e-04
1.174444725620560375e-04
1.172303745988756418e-04
1.173632917925715446e-04
1.178637539851479232e-04
1.170036237454041812e-04
1.169013674370944473e-04
1.172160416899714592e-04
1.173133023257832974e-04
1.173722033854574019e-04
1.173258213384542587e-04
1.174468678073026213e-04
1.179367347504012314e-04
1.171280302514787790e-04
1.172935517388395965e-04
1.173322634713258594e-04
1.173459480924066210e-04
1.171416748547926491e-04
1.174378397990949506e-04
1.176118174043949666e-04
1.177778751298319575e-04
1.175817684270441478e-04
1.177529557025991380e-04
1.172032963950186995e-04
1.173367658338975216e-04
1.177805861516389996e-04
1.172533287899568731e-04
1.172340387711301419e-04
1.172883574326988283e-04
1.181416831968817914e-04
1.175753008283209110e-04
1.174664648715406656e-04
1.174955985334236148e-04
1.169877541542518884e-04
1.171868621895555353e-04
1.176646066596731571e-04
1.177505444502457949e-04
1.173743919935077402e-04
1.174540309875737849e-04
1.180321472929790670e-04
1.176630117697641199e-04
1.174034929135814255e-04
1.173583186755422503e-04
1.171353367681149366e-04
