5.430965602397919145e-01
3.540780454874038474e-01
2.916342020034790039e-01
2.186020374298095759e-01
2.075904846191406194e-01
2.108199939131736866e-01
2.537217229604721291e-01
1.986967504024505504e-01
1.916997030377388112e-01
1.533521324396133478e-01
1.495716631412506159e-01
1.260733038187026867e-01
1.903897866606712452e-01
1.182571575045585632e-01
1.401438027620315607e-01
1.198921807110309573e-01
1.224895149469375638e-01
1.112112917006015805e-01
1.186694897711277064e-01
1.423912093043327443e-01
1.151727125048637446e-01
1.091112740337848719e-01
1.159426227211952237e-01
1.244497619569301661e-01
1.328047126531601008e-01
1.144733697175979587e-01
1.152523405849933680e-01
1.100201234221458435e-01
1.248234748840331976e-01
1.281527116894722040e-01
1.081963919103145627e-01
1.079246945679187830e-01
1.177563808858394651e-01
9.181951433420180997e-02
1.074474953114986364e-01
1.045154124498367254e-01
1.086842274665832608e+00
1.169219367206096594e-01
1.156123511493205996e-01
9.181894958019257147e-02
1.264137953519821056e-01
1.122351393103599576e-01
9.608082175254821500e-02
1.019471310079097803e-01
1.161919675767421750e-01
1.121781773865222903e-01
1.111039735376834897e-01
9.107260480523109158e-02
1.128823064267635290e-01
1.298305600881576594e-01
1.235891036689281408e-01
1.052808284759521457e-01
1.127834178507328006e-01
9.053759574890136996e-02
1.150252684950828497e-01
9.163326919078826349e-02
9.569915458559989652e-02
9.078147411346434992e-02
9.294492900371550959e-02
9.886838793754577914e-02
1.103289037942886408e-01
1.169162750244140681e-01
8.646901845932006281e-02
1.322258189320564270e-01
1.054326891899108887e-01
9.739141389727593023e-02
1.218913130462169619e-01
9.794029667973518094e-02
9.863633662462234497e-02
7.108484745025634988e-01
3.203963935375213623e-01
2.019383311271667480e-01
1.307026416063308827e-01
1.348244845867156982e-01
1.209318615496158544e-01
1.149356454610824529e-01
1.249067097902298029e-01
1.065925143659114810e-01
1.183719210326671656e-01
1.233019910752773257e-01
9.319913387298583984e-02
1.030106991529464722e-01
1.297369338572025299e-01
9.068885147571563443e-02
1.296236090362072046e-01
1.111235365271568271e-01
9.636870622634888250e-02
9.018511474132537287e-02
9.811850190162658969e-02
1.110528469085693415e-01
9.551164656877517145e-02
9.254468977451324463e-02
1.268261253833770641e-01
1.074442505836486761e-01
1.019565813243389074e-01
9.352692216634750366e-02
1.164841309189796476e-01
1.179748646914959009e-01
1.043113172054290771e-01
9.424319788813591281e-02
7.431791573762894232e-02
7.670423015952110291e-02
7.997527197003365118e-02
8.038835488259792050e-02
7.149436697363853455e-02
8.102156072854996283e-02
8.462881296873092651e-02
7.551419511437415522e-02
7.569648176431656439e-02
8.211762681603432257e-02
8.793265596032143194e-02
7.640509232878685275e-02
8.469397947192192078e-02
7.969389259815215509e-02
8.212233856320380609e-02
8.471892252564430792e-02
7.902111187577247342e-02
7.698945328593254089e-02
7.810337021946907321e-02
7.336130626499652585e-02
7.939631640911101740e-02
7.777610868215560636e-02
7.193083390593528470e-02
8.257199227809905451e-02
7.847186923027038574e-02
7.577390298247337064e-02
7.646192759275435846e-02
7.568111941218376437e-02
9.129183143377303522e-02
7.973073646426201422e-02
8.714941665530204218e-02
9.328481033444405157e-02
9.181238785386085233e-02
7.340861223638057986e-02
8.916456326842307767e-02
8.132291287183761319e-02
7.626325637102127075e-02
7.471379414200782221e-02
7.005890682339668829e-02
7.257043607532978613e-02
9.343866854906082708e-02
9.418663159012793940e-02
9.082732647657394687e-02
7.990806400775909979e-02
7.849409729242325107e-02
8.329927325248717707e-02
7.833042219281197149e-02
8.158669993281364441e-02
7.567116804420948029e-02
9.391358122229576111e-02
7.421490028500557501e-02
8.091328367590903958e-02
1.969874754548072704e-01
7.580131888389587957e-02
7.700866833329200745e-02
8.366309627890586298e-02
7.847142890095711032e-02
6.676159724593162814e-02
7.372172400355339605e-02
7.030202560126781741e-02
7.154980674386024475e-02
7.056443318724632541e-02
8.024583533406257074e-02
7.260742150247097293e-02
1.118622347712516785e-01
8.454229533672333319e-02
8.161969408392906467e-02
7.546347305178642551e-02
7.358513474464416226e-02
7.685153186321258545e-02
6.795156821608543118e-02
7.047970965504646301e-02
1.007875062525272342e-01
7.954685166478156488e-02
8.816721960902214328e-02
7.761078476905822199e-02
7.980959415435791293e-02
7.321324758231639862e-02
7.546803504228591364e-02
7.541734278202057162e-02
8.635547608137131292e-02
8.345838561654091159e-02
7.765373662114143094e-02
7.753286287188529413e-02
7.099882811307907382e-02
2.689226433634758218e-01
7.673223167657852728e-02
9.465470761060715277e-02
7.740934453904628476e-02
6.904876604676246643e-02
7.572850175201892298e-02
7.028300724923611242e-02
6.673137284815311432e-02
7.566069141030311307e-02
6.734320297837256830e-02
8.122412934899329862e-02
7.510677278041839877e-02
7.787939608097076138e-02
7.511395364999770563e-02
7.321508489549159726e-02
6.649639904499053678e-02
6.012889891862869401e-02
6.159726791083812436e-02
6.436681523919104975e-02
6.307557821273804266e-02
6.323330886662006933e-02
6.049087829887866974e-02
6.459805443882941922e-02
6.438501812517642697e-02
6.562785468995571692e-02
6.403708420693873804e-02
6.683656051754952032e-02
6.426621787250041962e-02
6.346542127430439273e-02
7.034642174839973727e-02
7.000058069825172702e-02
6.298353672027587336e-02
6.493609957396984100e-02
6.140999905765056471e-02
6.370810382068156641e-02
6.587044969201087674e-02
6.238641068339347701e-02
6.074496097862720767e-02
6.745982840657234469e-02
6.367841213941574652e-02
6.252333261072635928e-02
6.402642652392387390e-02
6.440988853573799411e-02
7.064906470477580469e-02
6.147497557103633742e-02
6.591632068157196600e-02
6.021571978926658353e-02
6.329510062932967862e-02
6.467986404895782748e-02
6.346482075750828344e-02
6.201935485005379001e-02
6.118494495749473433e-02
6.087834686040878573e-02
6.555155776441097537e-02
6.047262363135814944e-02
6.388118676841259003e-02
6.079991757869720320e-02
6.373154260218143186e-02
6.586583331227302551e-02
6.350643299520015994e-02
6.756051070988178253e-02
6.496556885540485937e-02
6.322698853909969330e-02
6.677988395094872076e-02
6.645396165549755096e-02
6.334172114729881564e-02
6.441835239529609958e-02
6.671917624771595001e-02
6.795336231589317599e-02
6.369240768253803253e-02
6.542608328163623810e-02
6.662253886461258490e-02
6.505468599498272220e-02
6.436392404139042178e-02
6.107193231582641602e-02
6.866332143545150757e-02
6.432751491665840426e-02
6.703982576727866849e-02
6.795534379780292233e-02
6.274165920913218897e-02
7.025717124342918674e-02
6.105046868324279924e-02
7.129447869956492823e-02
6.129796579480171342e-02
6.492552943527699072e-02
6.211717203259468217e-02
6.560082286596298495e-02
6.607367955148220340e-02
6.608100906014442721e-02
6.176173835992813249e-02
6.364154629409313202e-02
6.381895840167998990e-02
6.942427866160869043e-02
6.572172008454799097e-02
6.921878382563591281e-02
6.466769538819790164e-02
6.155436187982558927e-02
6.320385038852691095e-02
6.513379923999310095e-02
6.383714638650417328e-02
6.307737082242965976e-02
6.121477298438549042e-02
6.999823898077010831e-02
6.158571615815162936e-02
6.457360349595546445e-02
6.503451056778430939e-02
6.391844302415847223e-02
7.232160866260528564e-02
6.580337733030319769e-02
6.470167189836502353e-02
1.181289799511432703e-01
6.783314943313598078e-02
6.550942994654178342e-02
6.587091609835624140e-02
8.500168845057487488e-02
5.671430230140685896e-02
5.802580341696739197e-02
5.930397137999534468e-02
5.666376650333404541e-02
5.998017750680446902e-02
5.796656496822834292e-02
5.673640370368957658e-02
5.912108905613422394e-02
5.950691588222980360e-02
5.668171495199203491e-02
5.747826509177685061e-02
5.673606209456920346e-02
6.175298132002353391e-02
5.778311938047409058e-02
5.737943835556506833e-02
5.881949923932552199e-02
5.862858332693576813e-02
5.812289416790008406e-02
5.706657320261001448e-02
5.854072719812393466e-02
5.746106281876563887e-02
5.942294821143150052e-02
5.978344716131687303e-02
5.939203761518001279e-02
5.858922712504863878e-02
5.871701687574386319e-02
5.879024863243102750e-02
6.091981045901775221e-02
5.924825184047222137e-02
5.840891599655151367e-02
5.727804414927959581e-02
5.731463022530079027e-02
6.153723932802677293e-02
5.740700326859950881e-02
5.826472379267215451e-02
5.766846872866153439e-02
5.890058837831020633e-02
6.460926607251167575e-02
6.119736544787883481e-02
5.849584862589836398e-02
5.780058428645133695e-02
5.738840252161026001e-02
6.080374680459499359e-02
5.704417079687118530e-02
6.211036108434200148e-02
5.713109299540519714e-02
5.774219967424869260e-02
5.756720863282680650e-02
5.733868442475795885e-02
5.983758196234702925e-02
5.993350408971309662e-02
6.002455800771713118e-02
5.743714310228824338e-02
5.922164544463157793e-02
5.938434265553951125e-02
5.783968195319175859e-02
5.820128060877323428e-02
6.044373549520969113e-02
5.868904516100883345e-02
5.688684843480586867e-02
5.860270410776138167e-02
5.905218422412872314e-02
5.863591060042381425e-02
5.755022354423999786e-02
5.997177101671695432e-02
6.126999109983444214e-02
5.862316116690635681e-02
5.807433351874351224e-02
5.896311029791832109e-02
5.822492465376853665e-02
5.713839679956436018e-02
5.734375715255737166e-02
5.908053815364837369e-02
5.779367052018642703e-02
5.780865773558616777e-02
5.908835753798484525e-02
5.817031525075435500e-02
5.729727037250995775e-02
6.247799955308437625e-02
5.958183743059634885e-02
5.704675465822219710e-02
6.015860997140407701e-02
6.002893596887588779e-02
6.704667806625366766e-02
5.848352201282978197e-02
6.047869138419628005e-02
5.837733782827854434e-02
5.930234603583812991e-02
5.853330641984939853e-02
5.780668929219245911e-02
5.956261232495307922e-02
5.731285437941550931e-02
5.796595476567745209e-02
5.796388909220695496e-02
6.019014939665794095e-02
5.953756310045719286e-02
5.828594192862510820e-02
5.912013575434684615e-02
5.971092619001865109e-02
6.026283502578735213e-02
5.613703019917011539e-02
5.527681596577167789e-02
5.491677410900593082e-02
5.526361502707004270e-02
5.583195835351943692e-02
5.535738430917262753e-02
5.572612024843692780e-02
5.546210967004298886e-02
5.583734922111034671e-02
5.492553971707821170e-02
5.558290034532546720e-02
5.547828860580920896e-02
5.544850379228592058e-02
5.811322033405304233e-02
5.590136274695396701e-02
5.908048674464225908e-02
5.501695945858955245e-02
5.607173331081867496e-02
5.568011999130249162e-02
5.487445406615733962e-02
5.493578054010868350e-02
5.501787327229976793e-02
5.559977069497108737e-02
5.524032786488532881e-02
5.588123798370361189e-02
5.585257448256016055e-02
5.642842948436736783e-02
5.643542520701885085e-02
5.595255419611930986e-02
5.639834553003311018e-02
5.603285841643810411e-02
5.794091969728469571e-02
5.514718852937221250e-02
5.569662302732467790e-02
5.609514340758323808e-02
5.602132454514503757e-02
5.623167678713798801e-02
5.647069141268730441e-02
5.509882755577564378e-02
5.518807098269462585e-02
5.573001354932784895e-02
5.498399585485458374e-02
5.577196665108204165e-02
5.564790032804012299e-02
5.658584274351596832e-02
5.486553423106670102e-02
5.621572397649288177e-02
5.509146973490715304e-02
5.864766798913478851e-02
5.625273436307907243e-02
5.604225471615791043e-02
5.596585310995579043e-02
5.481721162796020230e-02
5.554348826408386092e-02
5.555975064635276794e-02
5.600823312997817854e-02
5.661630891263484677e-02
5.651799254119396071e-02
5.694380290806293210e-02
5.508054755628109117e-02
5.572572872042656084e-02
5.557040832936763902e-02
5.551239028573036471e-02
5.586372278630733629e-02
5.580171532928943773e-02
5.476637110114097873e-02
5.731152258813380918e-02
5.612944811582565308e-02
5.519515573978424350e-02
5.597445070743560513e-02
5.550361461937427382e-02
5.598978474736213823e-02
5.702278688549995700e-02
5.564608350396156589e-02
5.566982775926589827e-02
5.560839101672172824e-02
5.619181804358959476e-02
5.503656305372715135e-02
5.634447000920772552e-02
5.611808709800243655e-02
5.620820038020610948e-02
5.643280111253261289e-02
5.481342375278473039e-02
5.582229755818843980e-02
5.662499517202377458e-02
5.556510351598262926e-02
5.528562925755977492e-02
5.755963809788226804e-02
6.209220103919506351e-02
5.577325448393821716e-02
5.506221428513526778e-02
5.493399463593959947e-02
5.531033575534820279e-02
5.609193667769431929e-02
5.514404065907001218e-02
5.696945376694202701e-02
5.442123152315616469e-02
5.666209012269973755e-02
5.791688710451126099e-02
5.458450056612491885e-02
5.341012813150882582e-02
5.402807667851448198e-02
5.405970662832260132e-02
5.406150221824645996e-02
5.363776944577693800e-02
5.353986583650112430e-02
5.408417582511901994e-02
5.419232621788978854e-02
5.410988032817840715e-02
5.391905307769775252e-02
5.413057059049606462e-02
5.428034551441669742e-02
5.391542464494705061e-02
5.447268337011337141e-02
5.488148219883441647e-02
5.408579334616660933e-02
5.415292233228683610e-02
5.384208709001540860e-02
5.460278652608394762e-02
5.428671054542064806e-02
5.374099053442478457e-02
5.371103622019290924e-02
5.442083105444908003e-02
5.419488772749900957e-02
5.414899326860904416e-02
5.403790995478630066e-02
5.390204116702079773e-02
5.460876226425170898e-02
5.413480065762996812e-02
5.410313419997692108e-02
5.427590422332286696e-02
5.526579059660434445e-02
5.454729385673999509e-02
5.446657165884971619e-02
5.391850285232067247e-02
5.406078658998012682e-02
5.433256328105926652e-02
5.589040592312812666e-02
5.451303571462631087e-02
5.469865910708904266e-02
5.420083664357662478e-02
5.439302213490009030e-02
5.434185788035392900e-02
5.394338108599185805e-02
5.478787235915660858e-02
5.395269840955733975e-02
5.406641662120818814e-02
5.452216900885105411e-02
5.413217768073082248e-02
5.445933751761913161e-02
5.375473722815513750e-02
5.360641479492187639e-02
5.440727397799492021e-02
5.433944314718246182e-02
5.460026636719703813e-02
5.488448478281497678e-02
5.387215390801429471e-02
5.435194559395313540e-02
5.576830133795738359e-02
5.415144748985767365e-02
5.420542396605014523e-02
5.523515976965427676e-02
5.428078696131706515e-02
5.373754315078258653e-02
5.453938767313957353e-02
5.413629934191703519e-02
5.458939336240291318e-02
5.410323515534400801e-02
5.424317009747028212e-02
5.435603074729442735e-02
5.547840632498264590e-02
5.431812852621078352e-02
5.426476262509823123e-02
5.441780388355255127e-02
5.467457100749015947e-02
5.431402623653412004e-02
5.434247180819511136e-02
5.523894540965557098e-02
5.412912890315055986e-02
5.495047494769096652e-02
5.455993823707103868e-02
5.417939051985740800e-02
5.497786663472652158e-02
5.516005232930183688e-02
5.489272400736808916e-02
5.461888238787650923e-02
5.429113768041134158e-02
5.563028082251549045e-02
5.489557906985283176e-02
5.426192581653595248e-02
5.511305257678032060e-02
5.397503115236759047e-02
5.548896566033363620e-02
5.415446273982525011e-02
5.552911497652530948e-02
5.402361713349819461e-02
5.443127751350403110e-02
5.394150279462337633e-02
5.452608279883861681e-02
5.429003387689590454e-02
5.354098193347454210e-02
5.356960780918598036e-02
5.357754975557327271e-02
5.378795899450779239e-02
5.376570709049701552e-02
5.361255370080471316e-02
5.392076894640922269e-02
5.364047847688198367e-02
5.361033864319324216e-02
5.364382676780223708e-02
5.370244123041630069e-02
5.355850942432880540e-02
5.402254424989223758e-02
5.360257849097251753e-02
5.400780551135540147e-02
5.366281308233737668e-02
5.378530994057655057e-02
5.362920202314853946e-02
5.385066606104373793e-02
5.360540449619292935e-02
5.356885269284248491e-02
5.371146686375141005e-02
5.396179817616939683e-02
5.354449227452277860e-02
5.376844592392444888e-02
5.353193730115890503e-02
5.396931022405624528e-02
5.377387180924415866e-02
5.377072356641292294e-02
5.411874577403068265e-02
5.397533178329468051e-02
5.361648909747600278e-02
5.448888316750526151e-02
5.409701131284237047e-02
5.410761348903179307e-02
5.357859805226326128e-02
5.355275310575961789e-02
5.396150648593902449e-02
5.410666838288306912e-02
5.405144281685352048e-02
5.394337251782417575e-02
5.434636771678924561e-02
5.362959541380405565e-02
5.380107723176479062e-02
5.405638255178928098e-02
5.390153080224990845e-02
5.374087132513523379e-02
5.404045917093754092e-02
5.383728593587875505e-02
5.362163223326206485e-02
5.400005467236042300e-02
5.415249541401863376e-02
5.398671291768551012e-02
5.390436537563800951e-02
5.396510548889636716e-02
5.378971733152866641e-02
5.391024164855480472e-02
5.370626412332057953e-02
5.382765755057335177e-02
5.403200611472129544e-02
5.404240079224109650e-02
5.402253419160842757e-02
5.407715365290641923e-02
5.410618521273136139e-02
5.382020771503448486e-02
5.413408018648624420e-02
5.371321476995945254e-02
5.384146198630333086e-02
5.421150736510753354e-02
5.374595858156681200e-02
5.389494411647319932e-02
5.426535494625568667e-02
5.433603860437870303e-02
5.420207716524601260e-02
5.402371361851691922e-02
5.419882163405418535e-02
5.433336347341537198e-02
5.418822169303894043e-02
5.400206632912159244e-02
5.436825342476368089e-02
5.410528220236301283e-02
5.507527850568294525e-02
5.388083644211292406e-02
5.365514755249023438e-02
5.386994332075119296e-02
5.418770350515842577e-02
5.479916110634804050e-02
5.415559746325016022e-02
5.454880632460117063e-02
5.372693315148353854e-02
5.398662313818931857e-02
5.383020713925361356e-02
5.404961183667182645e-02
5.409822687506675443e-02
5.412240512669086456e-02
5.436048544943332395e-02
5.421728305518627028e-02
5.469010695815086642e-02
5.398627147078514238e-02
5.401061587035656253e-02
5.365984067320823947e-02
5.362544879317283908e-02
5.355896018445491930e-02
5.371143072843551775e-02
5.387565083801746507e-02
5.372609645128249845e-02
5.373491458594799319e-02
5.382565967738628387e-02
5.362333394587039809e-02
5.361771769821643829e-02
5.366976968944072585e-02
5.389210283756255826e-02
5.366287566721439362e-02
5.371908396482467929e-02
5.375151894986629486e-02
5.367998145520687381e-02
5.363685786724090715e-02
5.371154434978962083e-02
5.402485616505146165e-02
5.377035215497016907e-02
5.394674092531204224e-02
5.372595973312854767e-02
5.371875725686550002e-02
5.372693352401256700e-02
5.394652262330055376e-02
5.391447208821773668e-02
5.383877158164977750e-02
5.365794077515602389e-02
5.375237874686718265e-02
5.372989811003207883e-02
5.389346033334731917e-02
5.372591391205787381e-02
5.406022965908050676e-02
5.392722263932227950e-02
5.391193218529224257e-02
5.385713614523410936e-02
5.389876477420330048e-02
5.405206680297851285e-02
5.366829633712768416e-02
5.377216674387454848e-02
5.384397767484187802e-02
5.401600115001201768e-02
5.400223135948181014e-02
5.398685783147812167e-02
5.406004935503005981e-02
5.414337106049060822e-02
5.379790030419826646e-02
5.387813597917556763e-02
5.407623089849948606e-02
5.370696149766444882e-02
5.395818576216697415e-02
5.454473346471786638e-02
5.405315980315208296e-02
5.396984927356242995e-02
5.419573523104190965e-02
5.395230129361152510e-02
5.394330061972141266e-02
5.398511178791522841e-02
5.399790257215499739e-02
5.376883521676063815e-02
5.418564788997173171e-02
5.388036742806434631e-02
5.397827699780464311e-02
5.398641638457775394e-02
5.394689738750457764e-02
5.403688736259937286e-02
5.392868071794509888e-02
5.397493317723274509e-02
5.392903052270412584e-02
5.425570234656333646e-02
5.397754348814487457e-02
5.401602685451507846e-02
5.401039980351925174e-02
5.383931733667850217e-02
5.386515706777572632e-02
5.403350628912449022e-02
5.398639440536499162e-02
5.405461899936199466e-02
5.401851013302803178e-02
5.396706685423850736e-02
5.405292548239230832e-02
5.386562310159206252e-02
5.433354564011096816e-02
5.399930179119109830e-02
5.423621200025081912e-02
5.392463952302932462e-02
5.400363877415657182e-02
5.405188389122485976e-02
5.406863093376159529e-02
5.403275936841964860e-02
5.423198826611042023e-02
5.406248159706592699e-02
5.429692491889000217e-02
5.416292361915111403e-02
5.411355942487716675e-02
5.408058911561965804e-02
5.398467630147933682e-02
5.412168465554714064e-02
5.413270629942416867e-02
5.408566966652870317e-02
5.383042618632316589e-02
5.388534069061279297e-02
5.392577946186065396e-02
5.383246392011642456e-02
5.378666147589683533e-02
5.399400629103183469e-02
5.398544482886791229e-02
5.393401011824607710e-02
5.385105200111865720e-02
5.391569472849368910e-02
5.393703803420066972e-02
5.400318093597888947e-02
5.399011224508285661e-02
5.397406592965126038e-02
5.393382720649242401e-02
5.397801436483860155e-02
5.393531434237956723e-02
5.394614338874816756e-02
5.388157665729522566e-02
5.386085994541645050e-02
5.392870828509330888e-02
5.401855409145354947e-02
5.391457267105579515e-02
5.397904962301254550e-02
5.410726964473724226e-02
5.388822332024574557e-02
5.393635258078575273e-02
5.390926226973533769e-02
5.389495752751827240e-02
5.393915772438049455e-02
5.407369434833526889e-02
5.394217930734157562e-02
5.392875932157039504e-02
5.392871238291263580e-02
5.406693518161773820e-02
5.406020507216453830e-02
5.403013378381728987e-02
5.392136387526989122e-02
5.402891598641872128e-02
5.386417359113693237e-02
5.400736071169376373e-02
5.400086604058742384e-02
5.403857752680778226e-02
5.391297750174998960e-02
5.405317433178424835e-02
5.397736169397830686e-02
5.405117459595203122e-02
5.401997081935405731e-02
5.402995422482490678e-02
5.402996055781841139e-02
5.387166850268840929e-02
5.393044501543044905e-02
5.400258600711822787e-02
5.418899394571781436e-02
5.402371436357498308e-02
5.396815724670887132e-02
5.396689884364604811e-02
5.405881926417351047e-02
5.412247292697429379e-02
5.406363867223262787e-02
5.402648188173771182e-02
5.398247838020324429e-02
5.389350317418575148e-02
5.392910055816173276e-02
5.412290804088115692e-02
5.399574339389801025e-02
5.407810248434543471e-02
5.398755110800266405e-02
5.409499518573283872e-02
5.407688319683075229e-02
5.414542406797408919e-02
5.395186841487884660e-02
5.406571365892887115e-02
5.422077961266040524e-02
5.410121940076351166e-02
5.403276681900024553e-02
5.408997163176536283e-02
5.415506325662135939e-02
5.415734760463238040e-02
5.404645837843417844e-02
5.406915768980979919e-02
5.419209897518158237e-02
5.409911349415778836e-02
5.399905815720558444e-02
5.428802631795406203e-02
5.404154881834984103e-02
5.393738523125648360e-02
5.395946875214576582e-02
5.409525781869888028e-02
5.406793877482414523e-02
5.406641401350498199e-02
5.403154641389847079e-02
5.399317219853401462e-02
5.411757193505763869e-02
5.401079356670379639e-02
5.409489870071411410e-02
5.396379008889198164e-02
5.418732389807701111e-02
5.415037199854851047e-02
5.409732460975646973e-02
5.399491153657436093e-02
5.398585312068462233e-02
5.402364619076251845e-02
5.400063917040824613e-02
5.396997183561325073e-02
5.403035841882228990e-02
5.395357236266136447e-02
5.407323054969311038e-02
5.406281091272831241e-02
5.396033786237239976e-02
5.401116348803043643e-02
5.404174216091632565e-02
5.392904914915561815e-02
5.396046303212642670e-02
5.406452305614948411e-02
5.401826575398445407e-02
5.408818647265434265e-02
5.406508706510067264e-02
5.401932001113891879e-02
5.399922430515289445e-02
5.400994867086410245e-02
5.402679108083248416e-02
5.406963825225830078e-02
5.405624881386757175e-02
5.404066294431686401e-02
5.405030623078346114e-02
5.406458601355552951e-02
5.404902286827564101e-02
5.407162234187126021e-02
5.405115187168121199e-02
5.401127114892005643e-02
5.407924652099609097e-02
5.398596711456775388e-02
5.410422123968601504e-02
5.405815206468105039e-02
5.401890799403190335e-02
5.403290912508964400e-02
5.403364598751068254e-02
5.413851253688335696e-02
5.404770337045192857e-02
5.407706461846828461e-02
5.412116609513759752e-02
5.406227670609951158e-02
5.407773889601230621e-02
5.408394671976566453e-02
5.404164008796215335e-02
5.405825152993202348e-02
5.403419137001037875e-02
5.406133197247982303e-02
5.401025563478469710e-02
5.402626432478428026e-02
5.407494530081748824e-02
5.406201928853988925e-02
5.409303866326808929e-02
5.410885326564311704e-02
5.413778088986873765e-02
5.407516583800316134e-02
5.408874377608299117e-02
5.407446362078190127e-02
5.411319173872471133e-02
5.418147332966327667e-02
5.403619930148124972e-02
5.402683354914188107e-02
5.406912118196487149e-02
5.405610427260398865e-02
5.409411527216434479e-02
5.409937389194965224e-02
5.409080162644386292e-02
5.416637808084488054e-02
5.404043942689895630e-02
5.405235886573791365e-02
5.408488176763057848e-02
5.406107753515243530e-02
5.404211059212684493e-02
5.410963408648968020e-02
5.408661179244518558e-02
5.411005616188049178e-02
5.409636870026588579e-02
5.421682149171828946e-02
5.403664782643317899e-02
5.411895625293254575e-02
5.421893931925296506e-02
5.408941246569156508e-02
5.406511276960372647e-02
5.408987775444984436e-02
5.423990860581397871e-02
5.417643375694751462e-02
5.414391271770000597e-02
5.409076549112797061e-02
5.409080833196640292e-02
5.410946644842624942e-02
5.415039658546447893e-02
5.414493307471275607e-02
5.410862006247043471e-02
5.415735244750976424e-02
5.421151854097842893e-02
5.410296171903609952e-02
5.414748303592205325e-02
5.412655025720596036e-02
5.405836552381515503e-02
