1.770618420839309648e+00
7.482020437717438188e-01
6.890758454799652544e-01
6.579237222671509011e-01
6.080000102519989014e-01
4.734572231769561546e-01
3.216186076402663963e-01
2.370713755488395580e-01
1.849021211266517750e-01
1.553666070103645325e-01
1.303815744817256872e-01
1.099422127008438110e-01
8.087792992591857910e-02
6.666885800659656802e-02
5.438967719674110690e-02
5.061675533652305881e-02
4.556114152073860446e-02
4.282233901321887831e-02
3.657849356532096724e-02
3.024054486304521630e-02
3.575425166636705260e-02
2.878407798707485060e-02
2.687784116715192725e-02
8.819446694105863294e-02
6.083665229380130768e-02
4.289511162787675719e-02
3.957130499184131900e-02
3.495931178331375400e-02
1.927648112177848816e-02
1.521872421726584365e-02
1.467564003542065620e-02
1.209186958149075473e-02
1.289954055100679328e-02
1.242466419935226406e-02
9.724499238654971817e-03
1.255757892504334380e-02
1.496404800564050605e-02
1.791438739746809006e-02
1.162526411935687135e-02
1.060897121205925907e-02
1.032425793819129536e-02
9.917085524648427963e-03
1.001068037003278663e-02
7.953307265415788044e-03
1.125931530259549618e-02
1.074870219454169239e-02
7.333003310486673962e-03
9.850691026076673767e-03
6.887380126863717686e-03
7.717199018225073467e-03
7.452892325818538839e-03
8.601756673306227077e-03
8.238292299211025238e-03
6.500640697777271097e-03
5.959819257259369070e-03
5.338339251466095448e-03
5.915273493155836886e-03
5.420203832909464663e-03
5.387992598116397858e-03
5.728170601651072155e-03
7.266771141439675938e-03
6.733177648857236082e-03
7.488434645347296845e-03
4.912819643504917448e-03
6.268508848734200001e-03
7.138855732046067368e-03
5.790078081190586090e-03
4.415075597353279764e-03
4.331100033596158028e-03
4.220284265466034065e-03
4.973830678500235428e-03
3.772821603342890826e-03
3.305422817356884566e-03
3.756590432021767074e-03
4.067150945775211031e-03
3.806080250069498842e-03
6.014077994041145021e-03
4.851508955471217806e-03
5.224638211075216532e-03
4.067361727356911053e-03
4.327226220630109657e-03
4.748176876455545078e-03
6.210294924676418651e-03
1.435726380441337824e-02
1.331362603232264484e-02
1.004456963855773245e-02
1.050759353674948250e-02
4.733956931158900087e-03
3.455396578647196466e-03
2.838178165256977168e-03
2.456633630208671006e-03
3.684912552125752059e-03
5.046733701601624315e-03
5.150991817936300884e-03
1.080548188183456590e-02
9.379442781209945679e-03
8.891808427870273243e-03
8.657133392989634774e-03
7.928609428927303054e-03
8.022075751796364784e-03
5.561220902018248688e-03
2.772828587330877694e-03
1.814281311817467299e-03
1.634732971433550206e-03
1.545200287364423318e-03
1.513093919493258086e-03
1.484483131207525730e-03
1.525348919676616701e-03
1.464875647798180580e-03
1.428054837742820425e-03
1.386082777753472372e-03
1.429428206756711093e-03
1.353985513560473919e-03
1.334222743753343777e-03
1.319381594657897906e-03
1.333451818209141536e-03
1.332377636572346091e-03
1.396301778731867584e-03
1.415213185828179034e-03
1.388270803727209611e-03
1.461178995668888092e-03
1.393245928920805498e-03
1.395436935126781464e-03
1.334379846230149226e-03
1.272723934380337553e-03
1.260508445557206826e-03
1.282501994865015149e-03
1.601393474265932950e-03
1.611835008952766744e-03
1.323323324322700587e-03
1.279678283026441932e-03
1.355040917405858593e-03
1.325485808774828954e-03
1.204069663072004958e-03
1.232860650634393053e-03
1.185123348841443745e-03
1.262925448827445507e-03
1.236586913000792178e-03
1.145788579015061173e-03
1.342085993383079811e-03
1.268882292788475795e-03
1.118853141088038770e-03
1.294958795187994794e-03
1.256594259757548571e-03
1.273251365637406620e-03
1.376769499620422634e-03
1.388931157998740760e-03
1.255998742999509064e-03
1.224893378093838692e-03
1.258278719615191265e-03
1.646736753173172474e-03
1.568800257518887476e-03
1.680567313451320020e-03
4.076215019449591463e-03
3.889342595357447863e-03
3.784360550343990499e-03
2.399989380501210776e-03
1.301455602515488863e-03
1.172089576721191493e-03
1.223408064106479287e-03
1.179566397331654939e-03
1.067733950912952510e-03
1.072023983579129024e-03
1.158762769773602529e-03
1.100494910497218457e-03
1.215198426507413387e-03
1.083833264419808940e-03
1.057273545302450614e-03
1.005351729691028552e-03
1.218866143608465704e-03
1.224323117639869452e-03
1.246184133924543771e-03
1.296921877656131939e-03
1.111248420784249902e-03
1.066884322790429083e-03
1.170041493605822368e-03
1.022136048413813201e-03
1.240066991886123971e-03
1.137963664950802836e-03
1.107157324440777302e-03
1.121160539332777175e-03
1.027438073651865081e-03
1.036904292413964954e-03
1.025829272111877756e-03
1.057046244386583523e-03
1.168334414251148614e-03
1.268735632766038136e-03
1.307840237859636502e-03
1.439458213280886455e-03
1.394179166527464942e-03
1.241998252226039767e-03
9.600159595720469735e-04
9.783549059648067193e-04
1.249819621443748561e-03
1.066687674028798894e-03
1.388971076812595042e-03
3.653179469984024676e-03
3.376559016760438854e-03
3.454353776760399342e-03
2.218614204321056431e-03
1.059753011213615623e-03
8.544586889911442995e-04
7.429238234180956862e-04
7.024201127933338501e-04
6.784453027648851709e-04
6.824557669460773902e-04
6.691012502415105267e-04
6.626769929425791340e-04
6.517285830341279940e-04
6.759358773706480427e-04
6.529416859848424792e-04
6.457862094976007722e-04
6.322776200249791579e-04
6.423270737286656878e-04
6.515395216410979629e-04
6.436310271965339563e-04
6.347054033540189700e-04
6.507695768959819837e-04
6.140440673334524035e-04
6.259478017454966686e-04
6.263162882532924631e-04
6.807660916820168712e-04
6.488434504717588208e-04
6.884041678858921365e-04
7.455569517333060720e-04
6.917626538779586770e-04
6.551701750140637376e-04
6.178565992740914659e-04
6.017712177708745436e-04
6.039732572389767008e-04
6.091161572840064981e-04
5.860248929820954800e-04
6.108539673732593656e-04
5.772097239969298677e-04
5.693108076229691072e-04
6.790900952182710171e-04
6.494520377600565986e-04
6.050683994544669552e-04
6.093733652960508628e-04
5.659466929500922778e-04
6.405511201592161818e-04
6.403083942132070227e-04
5.860069009941071489e-04
5.820356687763706066e-04
6.055721867596730156e-04
5.873929359950125651e-04
6.044130481313913844e-04
5.787588539533317306e-04
6.052099022781475945e-04
5.556523188715800860e-04
5.473558092489838166e-04
5.510788410902023532e-04
6.308211159193888307e-04
5.885560385650023818e-04
5.702582682715728445e-04
5.790349561721086936e-04
5.387128621805459261e-04
5.354657478164881468e-04
5.115641775773838379e-04
6.162918987683951421e-04
6.105158623540774205e-04
5.519478494534268758e-04
5.747149494709447243e-04
5.579841788858174844e-04
5.782400228781625195e-04
5.880953976884484291e-04
5.878596712136641145e-04
6.185567413922399499e-04
5.652791791362687729e-04
5.191935721086338379e-04
6.174747744807973287e-04
5.414288258180022457e-04
5.710176948923618035e-04
6.044613750418647907e-04
5.620677431579679684e-04
6.182023411383852146e-04
5.855257128132507422e-04
5.530561727937310500e-04
5.464926536660641865e-04
5.515770782949403362e-04
5.910117004532366557e-04
5.245951935648918586e-04
5.164301343029365160e-04
5.279859149595722122e-04
5.117671389598399401e-04
5.238792102318257527e-04
5.463154142489656589e-04
5.129678494995460348e-04
5.574465409154072621e-04
5.108719604322686358e-04
5.351526604499667449e-04
4.919841972878203013e-04
5.077819456346333244e-04
5.502152635017409921e-04
5.344887584215029640e-04
5.574845796218142130e-04
8.316374238347634890e-04
7.965534372488036535e-04
8.537204703316092491e-04
5.563765880651772022e-04
4.578096268232911825e-04
4.198232811177149307e-04
4.096121119800955057e-04
4.018946056021377444e-04
4.028660216135904085e-04
3.980955370934680104e-04
3.924344113329425237e-04
3.946288576116785624e-04
3.898413371643982719e-04
3.892607026500627507e-04
3.937784887966699790e-04
4.011972385342232991e-04
4.017005616333335421e-04
4.089986614417284727e-04
3.982671129051596143e-04
3.830479865428060185e-04
3.884996142005547773e-04
3.809429908869788051e-04
3.860204975353554108e-04
3.932007835828699388e-04
3.928721533156931509e-04
3.946689976146444678e-04
3.814566269284114350e-04
3.859680306049995341e-04
3.833633119938894998e-04
3.811205562669783722e-04
3.729471631231717548e-04
3.737942141015082706e-04
3.769963543163612377e-04
3.699099936056882035e-04
3.639467322500422597e-04
3.688168042572215308e-04
3.699372842675075152e-04
3.867518011247738979e-04
3.758768347324803255e-04
3.691829275339842059e-04
3.810622074524872005e-04
3.648145968327298652e-04
3.610503161326050867e-04
3.646775250672362636e-04
3.628523365478031229e-04
3.623504366260021708e-04
3.683373332023620714e-04
3.566591491107829132e-04
3.553920076228678335e-04
3.703437192598358014e-04
3.670688485726714026e-04
3.669917859951965511e-04
3.607288934290409197e-04
3.596028851461597004e-04
3.677165746921673634e-04
3.765178524190560092e-04
3.666201344458386410e-04
3.524863204802386463e-04
3.447448820224962912e-04
3.405679322895594158e-04
3.430259253946133175e-04
3.435778096900321652e-04
3.407315351068973650e-04
3.368810823303647231e-04
3.378267632797360203e-04
3.451273936661891422e-04
3.396044397959485433e-04
3.386901502381078682e-04
3.510804453981108963e-04
3.673686340334825326e-04
3.856269177049398422e-04
3.708374890265986215e-04
3.359301816090010215e-04
3.315041147288866450e-04
3.266111845732666444e-04
3.358146786922588944e-04
3.355375476530752968e-04
3.422654408495873213e-04
3.427125455345958580e-04
3.336270514409988902e-04
3.754069824935868166e-04
3.832510323263704560e-04
3.690903104143217206e-04
3.522504819557070841e-04
3.269103675847872875e-04
3.496290766634046923e-04
3.252133814385160587e-04
3.159334242809564092e-04
3.358203408424742737e-04
3.602820710511877916e-04
3.259576609707437239e-04
3.305372418253682662e-04
3.281131925177760205e-04
3.349945865920744728e-04
3.277813637396320809e-04
3.334812136017717421e-04
3.343364878674037755e-04
3.367231794982217144e-04
3.515933087328448783e-04
3.558105032425374009e-04
3.221543782274238874e-04
3.321731666801497232e-04
3.296890092315152179e-04
3.146602408378385224e-04
3.089117002673446915e-04
2.953503120806999288e-04
2.891833268222398839e-04
2.938071687822229943e-04
2.907824178691953637e-04
2.905451081460341920e-04
2.899505998357199132e-04
2.914472963311709355e-04
2.885341426008381058e-04
2.896153746405616403e-04
2.879423773265443742e-04
2.874879603041335832e-04
2.891203082981519509e-04
2.901309213484637656e-04
2.894630277296528329e-04
2.879010076867416718e-04
2.887956070480868220e-04
2.865957460016943406e-04
2.863904272089712430e-04
2.828752505593001734e-04
2.843899579602293887e-04
2.870144075131974898e-04
2.835435647284611843e-04
2.826220646966248534e-04
2.843395763193256936e-04
2.800220288918353726e-04
2.814398991176858761e-04
2.803200462949462018e-04
2.811695143464021168e-04
2.788076322758570530e-04
2.785549266263842691e-04
2.769059967249631773e-04
2.764339311397634663e-04
2.765079960227012743e-04
2.780108465231023512e-04
2.821082249283790805e-04
2.774166510789655366e-04
2.773985150270164121e-04
2.768058722722343992e-04
2.742085023783147443e-04
2.730934473220259060e-04
2.749522362137213458e-04
2.718359348364174258e-04
2.741655785939656415e-04
2.749145758571103324e-04
2.720942546147853244e-04
2.714734524488449314e-04
2.713569803745485734e-04
2.734129098826088228e-04
2.711287030251696923e-04
2.760061310254968486e-04
2.718970237765461098e-04
2.677195981959812235e-04
2.763074138783849559e-04
2.778377442155033133e-04
2.745698977378196906e-04
2.728170613409019898e-04
2.711949229706078659e-04
2.787501376587897756e-04
2.840341316186822734e-04
2.805043768603354692e-04
2.682158534298651137e-04
2.677974291145801436e-04
2.629685259307734668e-04
2.651342903845943402e-04
2.642535066115669798e-04
2.675787167390808246e-04
2.655573101947083852e-04
2.640377439092844941e-04
2.646857989020645835e-04
2.711808585445396494e-04
2.687644489924423505e-04
2.599097351776435971e-04
2.647743807756341777e-04
2.623835011036135039e-04
2.577159131760708879e-04
2.564535127021372210e-04
2.654997966601513543e-04
2.575974009232595780e-04
2.582653803983703364e-04
2.551854107878170691e-04
2.539634064305573485e-04
2.573977544670924544e-04
2.593162760604173053e-04
2.633353418787009797e-04
2.682674676179885864e-04
2.787949619232676706e-04
2.635227298014797487e-04
2.549530516262166310e-04
2.522169525036588311e-04
2.509841258870437850e-04
2.544632370700128376e-04
2.557893705670721721e-04
2.598708058940246810e-04
2.737455739406869032e-04
3.282654768554493893e-04
3.041074029169976928e-04
2.666595741175114892e-04
2.514216466806828976e-04
2.528878219891339649e-04
2.454999514156952392e-04
2.444776619086042047e-04
2.440722455503419042e-04
2.443710560328327336e-04
2.429527128697373081e-04
2.436760027194395716e-04
2.430074673611670732e-04
2.425357612082734650e-04
2.449060208164155700e-04
2.419682336039841229e-04
2.419187410851009299e-04
2.414482303720433373e-04
2.400877026957459856e-04
2.426819395623169894e-04
2.410015789791941697e-04
2.419283860945142751e-04
2.434556765365414213e-04
2.406725281616672765e-04
2.404727929388172925e-04
2.405416198598686606e-04
2.397199059487320483e-04
2.392478447291068624e-04
2.392612514086067677e-04
2.378253280767239576e-04
2.387581640505231863e-04
2.373485142015851926e-04
2.379939804086461772e-04
2.377475888351909870e-04
2.379532961640506983e-04
2.378731078351847827e-04
2.404023485723882859e-04
2.376626274781301672e-04
2.371190392295830060e-04
2.368582005146890824e-04
2.370809655985795016e-04
2.362954830459784608e-04
2.389507993939332718e-04
2.387923959759064019e-04
2.380681355134583901e-04
2.353805597522296066e-04
2.359156424063257873e-04
2.359536971198394840e-04
2.335235418286174482e-04
2.359486956265755052e-04
2.341628016438335072e-04
2.371915579715278000e-04
2.385522529948502779e-04
2.335614248295314664e-04
2.337607540539465736e-04
2.337226556846871918e-04
2.351947288843802999e-04
2.344838154385797625e-04
2.332456395379267741e-04
2.317764679901301807e-04
2.325018722331151366e-04
2.313800825504585992e-04
2.311902149813249653e-04
2.335387514904141535e-04
2.323837165022268946e-04
2.309867777512408793e-04
2.298433508258313049e-04
2.309367220732383322e-04
2.297384344274178147e-04
2.318312981515191495e-04
2.314397817826829742e-04
2.296257829584647024e-04
2.298511826666072011e-04
2.305080226506106447e-04
2.294686419190838933e-04
2.286657734657637883e-04
2.288689167471602451e-04
2.282610323163680624e-04
2.300608073710464050e-04
2.302855340531095917e-04
2.280281652929261218e-04
2.283864858327433575e-04
2.265660848934203495e-04
2.267994219437241500e-04
2.281820125062949955e-04
2.253934573673177402e-04
2.279890104546211660e-04
2.254843595437705408e-04
2.262487789266742657e-04
2.269558593980036730e-04
2.281974419020116438e-04
2.273923993925563883e-04
2.243903261842206229e-04
2.240182526293210631e-04
2.237538210465572774e-04
2.251603436889126897e-04
2.258109547256026471e-04
2.248257660539820790e-04
2.239063032902777195e-04
2.259047541883774102e-04
2.246457945147994797e-04
2.239304623799398433e-04
2.238554123323410858e-04
2.253994607599452138e-04
2.233908206108026315e-04
2.239499619463458549e-04
2.201287890784442316e-04
2.213675914390478392e-04
2.210014412412419969e-04
2.199436014052480351e-04
2.199975569965317845e-04
2.198213624069467187e-04
2.199895272497087609e-04
2.204758748121093959e-04
2.192890904552769024e-04
2.197076348238624524e-04
2.187775302445516044e-04
2.196114444814156849e-04
2.195231791120022535e-04
2.194735418015625219e-04
2.186907120631076504e-04
2.193530192016623806e-04
2.178067734348587692e-04
2.194696426158770919e-04
2.179422212066128904e-04
2.184681768994778503e-04
2.179858143790624982e-04
2.184733995818532895e-04
2.172362408600747694e-04
2.172258493374101709e-04
2.177165064495056922e-04
2.178479728172533106e-04
2.172547028749249876e-04
2.169975239667110254e-04
2.191670602769590806e-04
2.164169258321635479e-04
2.182056254241615588e-04
2.174227549403440099e-04
2.167738603020552546e-04
2.188504389778245295e-04
2.175284316763281822e-04
2.170007071981672306e-04
2.164883961086161543e-04
2.167805418139323646e-04
2.162483331630937864e-04
2.161413416615687365e-04
2.174921159166842753e-04
2.160812306101433879e-04
2.172893131501041407e-04
2.170711457438301403e-04
2.156348869903013056e-04
2.149745203496422727e-04
2.163204066164325977e-04
2.154732166673056673e-04
2.147138948203064501e-04
2.141487391781993319e-04
2.148865562048740577e-04
2.140687895007431399e-04
2.144707941624801606e-04
2.144454963854514171e-04
2.136537921614945043e-04
2.143228412023745477e-04
2.143344638170674335e-04
2.146751910913735737e-04
2.136880706530064399e-04
2.135264687240123640e-04
2.152479792130179703e-04
2.154209360014647245e-04
2.136819923180155348e-04
2.130373177351430058e-04
2.138201976777054315e-04
2.131839952198788469e-04
2.137435491022188162e-04
2.140378033800516223e-04
2.118469536071643342e-04
2.157889823138248067e-04
2.141929842764511813e-04
2.136914343282114823e-04
2.125872240867465843e-04
2.133895708539057577e-04
2.113377020577900220e-04
2.119649077940266688e-04
2.122595862601883601e-04
2.108697190124075860e-04
2.112258232955355306e-04
2.126044448232278119e-04
2.119693483109585832e-04
2.126349689206108559e-04
2.110849542077630704e-04
2.103884333337191601e-04
2.100703219184651917e-04
2.112303329340647798e-04
2.111752066412009190e-04
2.117050127708352994e-04
2.101614103594329262e-04
2.091591930366121341e-04
2.101913698425050716e-04
2.092775539495050907e-04
2.104431943735107671e-04
2.095558142173104042e-04
2.094930292514618432e-04
2.114398150297347348e-04
2.094423580274451524e-04
2.101659047184512019e-04
2.090632253384683173e-04
2.102145706885494400e-04
2.086728534777648855e-04
2.079338868497870917e-04
2.087389380903914517e-04
2.088170345814432895e-04
2.073198993457481265e-04
2.078119461657479297e-04
2.081142556562554091e-04
2.074088668450713266e-04
2.075686083117034340e-04
2.075432363199070042e-04
2.077668330457527299e-04
2.068573194264899939e-04
2.067185771011281650e-04
2.068213310849387253e-04
2.073144903988577534e-04
2.070826987619511675e-04
2.066789878881536478e-04
2.068959889584220892e-04
2.062256869976408888e-04
2.069950176519341875e-04
2.069057722110301310e-04
2.067548542981967384e-04
2.067788373096846044e-04
2.065139917249325554e-04
2.083141211187467033e-04
2.073242183541879166e-04
2.064518557745032012e-04
2.078081350191496421e-04
2.056029712548479384e-04
2.059573926089797169e-04
2.052036499662790339e-04
2.055526303593069207e-04
2.055945878964848816e-04
2.053812320809811462e-04
2.054158569080755006e-04
2.061238796159159446e-04
2.053584168606903296e-04
2.065979257167782580e-04
2.048533970082644373e-04
2.059359598206356222e-04
2.058393707557115650e-04
2.053618998616002608e-04
2.042665641056373770e-04
2.049916452961042469e-04
2.049056478426791782e-04
2.057764650089666247e-04
2.061794737528544028e-04
2.051375522569287568e-04
2.045641216682270223e-04
2.048844631644897109e-04
2.048448841378558427e-04
2.039671038801316226e-04
2.053979966149199700e-04
2.049146438366733437e-04
2.038457838352769559e-04
2.044408174697309732e-04
2.039082959527149851e-04
2.041592480964027237e-04
2.049314221949316507e-04
2.041409432422369827e-04
2.038061000348534543e-04
2.031942240137141198e-04
2.039522994891740490e-04
2.031365758739411722e-04
2.034931450907606523e-04
2.031853175139985870e-04
2.048662805464118665e-04
2.026516725891269798e-04
2.037256090261507779e-04
2.022897300776094252e-04
2.026217087404802550e-04
2.035920413618441780e-04
2.032895310549065362e-04
2.035304525634273778e-04
2.033969707554206306e-04
2.028451657679397667e-04
2.026406509685330093e-04
2.032202995906118358e-04
2.027379538048990017e-04
2.030818432103842497e-04
2.033788347034715062e-04
2.022753767960239310e-04
2.030333234870340675e-04
2.017501275986432921e-04
2.021012260229326785e-04
2.020878251641988700e-04
2.013070814427919794e-04
2.023546723648905646e-04
2.017098042415454875e-04
2.017319173319265355e-04
2.020144842390436733e-04
2.013882971368730122e-04
2.017153165070340037e-04
2.034770353930071050e-04
2.016676662606187165e-04
2.012590855883900185e-04
2.011456723266746795e-04
2.006589915254153365e-04
2.013510835240594988e-04
2.010092372074723190e-04
2.006807073485106121e-04
2.005836322496179491e-04
2.002945853746496087e-04
2.002389141125604565e-04
2.003338217036798651e-04
2.001778440899215530e-04
2.005816699238494093e-04
1.999927713768556660e-04
1.997983956243842732e-04
1.995529768464621211e-04
1.998112318688072373e-04
2.000230364501476342e-04
1.999359476030804108e-04
2.002183362492360283e-04
2.000217558816075379e-04
2.001893357373774106e-04
1.998849475057795644e-04
1.998534586164168959e-04
1.994162332266569029e-04
1.995467988308519071e-04
1.995341255678795170e-04
1.999052226892672588e-04
1.997952793317381401e-04
1.995182508835569133e-04
1.994192964048124741e-04
1.995600970985833447e-04
1.991133642150089036e-04
1.991903394809924120e-04
1.993121462874114568e-04
1.986692106584086906e-04
1.992386125493794571e-04
1.990655990084633340e-04
1.993023550312500555e-04
1.998885862121824284e-04
1.992769430216867477e-04
1.991491611988749409e-04
1.996779486944433356e-04
1.991841985727660412e-04
1.992367710045073236e-04
1.988574447750579674e-04
1.983576235943473821e-04
1.987129595363512581e-04
1.989934513403568363e-04
1.985459850402548801e-04
1.985705654078628814e-04
1.987700416066218168e-04
1.980455846933182221e-04
1.985342605621553957e-04
1.991704324609600062e-04
1.983531736186705638e-04
1.981276451260782724e-04
1.987837720662355531e-04
1.983559319342020845e-04
1.985949646041263003e-04
1.984870919841341620e-04
1.980470384296495413e-04
1.979064116312656660e-04
1.981994966627098512e-04
1.980121029191650396e-04
1.977944972168188488e-04
1.978531377972103601e-04
1.971950761799234788e-04
1.977705971512477737e-04
1.981042056286241805e-04
1.976592386199626963e-04
1.976220264623407274e-04
1.972291633137501830e-04
1.977734937099739909e-04
1.977690626517869532e-04
1.978427739231847281e-04
1.973100945178884904e-04
1.971521414816379547e-04
1.973727383301593472e-04
1.978352105652447844e-04
1.974156824871897752e-04
1.969593911780975867e-04
1.973008125787600821e-04
1.972239071619696807e-04
1.971683406736701618e-04
1.969015829672571272e-04
1.968448399566114003e-04
1.972210404346696924e-04
1.974416809389367700e-04
1.972245154320262372e-04
1.966590818483382355e-04
1.975113264052197337e-04
1.969081895367708057e-04
1.960476161912083572e-04
1.966892523341812193e-04
1.968178505194373320e-04
1.971233738004229909e-04
1.963982598681468571e-04
1.971894809685181718e-04
1.966629803064279204e-04
1.957525098987389464e-04
1.966149131476413350e-04
1.965287556231487542e-04
1.961869158549234163e-04
1.966685362276621217e-04
1.957009139005094821e-04
1.959341883775778169e-04
1.957360444066580493e-04
1.956723019247874509e-04
1.956590058398433030e-04
1.958848049980588366e-04
1.956427302502561469e-04
1.956040141521953046e-04
1.959743138286285211e-04
1.956670559593476247e-04
1.955142433871515095e-04
1.957163884071633328e-04
1.960492147190961878e-04
1.955745450686663443e-04
1.951668869878631031e-04
1.953988758032210171e-04
1.957461819984018694e-04
1.953837912878952975e-04
1.950391582795418853e-04
1.954851628397591358e-04
1.957327003765385598e-04
1.957470834895502830e-04
1.950725745700765401e-04
1.953212173248175477e-04
1.954369254235643893e-04
1.956848798727151115e-04
1.951576821738854159e-04
1.949836674612015432e-04
1.951119716977700537e-04
1.953465507540386170e-04
1.951854559592902715e-04
1.954199062311090421e-04
1.953494931512977820e-04
1.948737888596952070e-04
1.947664219187572544e-04
1.953931896423455328e-04
1.951492115040309619e-04
1.946506592503283064e-04
1.950287965883035159e-04
1.950792524439748431e-04
1.949059820617549067e-04
1.951982114405836802e-04
1.948603232449386160e-04
1.945093732501845753e-04
1.945371215697377812e-04
1.948907753103412634e-04
1.947340671904384981e-04
1.946964679518714601e-04
1.944916017237119322e-04
1.945715936017222648e-04
1.953412778675556237e-04
1.949177807546220774e-04
1.945952244568616152e-04
1.943495277373585796e-04
1.947515120264142752e-04
1.947334647411480654e-04
1.944714924320578467e-04
1.944782969076186527e-04
1.945382653502747525e-04
1.941553404321894104e-04
1.945457603142131066e-04
1.947283264598809074e-04
1.941413589520379847e-04
1.942432762007229139e-04
1.942754774063360000e-04
1.941459231602493674e-04
1.943237984960433096e-04
1.942235925525892580e-04
1.939537847647443360e-04
1.936064749315846766e-04
1.939066503837239106e-04
1.942034905368927866e-04
1.944577707035932690e-04
1.937706103490199785e-04
1.938763904036022669e-04
1.939481007866561413e-04
1.939869296620600034e-04
1.937154986080713462e-04
1.935915686772205044e-04
1.938360597705468481e-04
1.936868007760494893e-04
1.936501714226324003e-04
1.938896479259710813e-04
1.939117079018615132e-04
1.937041226483415704e-04
1.934846368385478854e-04
1.935991313075646758e-04
1.935647895152215023e-04
1.935210704687051367e-04
1.936782602570019554e-04
1.935041829710826169e-04
1.934575673658400882e-04
1.934117120981682146e-04
1.933060164446942617e-04
1.934649502800311947e-04
1.939938811119645834e-04
1.930412523506674861e-04
1.937292734510265399e-04
1.933291314344387501e-04
1.929875463247299086e-04
1.931425962538924122e-04
