3.870352476835250966e-01
2.667146831750869529e-01
2.543538808822631836e-01
2.475100666284561213e-01
2.383670732378959656e-01
2.118505179882049505e-01
1.777839034795761219e-01
1.531443983316421453e-01
1.352867931127548218e-01
1.235880009829997961e-01
1.127169094979763031e-01
1.035468012094497708e-01
8.877817392349243719e-02
8.037282824516296664e-02
7.244081348180771152e-02
7.016998603940009793e-02
6.637836769223212641e-02
6.435457020998000544e-02
5.955811962485313416e-02
5.410930700600147247e-02
5.857402458786964417e-02
5.266398750245571136e-02
5.075323842465877255e-02
8.685455136001110632e-02
7.652032636106013974e-02
6.393818147480487268e-02
6.154412291944026669e-02
5.780210569500923018e-02
4.278419278562069217e-02
3.788567297160625597e-02
3.701272942125797411e-02
3.385685198009014130e-02
3.490799516439437727e-02
3.419779296964407106e-02
3.004966210573911667e-02
3.435453325510025302e-02
3.716387171298265318e-02
4.021983034908771515e-02
3.318259026855230331e-02
3.164400421082973203e-02
3.104934897273779054e-02
3.036984875798225472e-02
3.056130744516849518e-02
2.718996684998273988e-02
3.240200281143188615e-02
3.141797836869954924e-02
2.608193531632423470e-02
3.040567506104707718e-02
2.550137825310230116e-02
2.679027616977691650e-02
2.604112233966588905e-02
2.821194380521774292e-02
2.784936912357807021e-02
2.447952050715684891e-02
2.350458744913339754e-02
2.243152987211942742e-02
2.339518330991268227e-02
2.249947600066661696e-02
2.254103384912014077e-02
2.282759798690676620e-02
2.598630469292402198e-02
2.458781898021698137e-02
2.605427596718072961e-02
2.143027652055025031e-02
2.399198561906814436e-02
2.525203218683600564e-02
2.329965736716985841e-02
2.039757277816534042e-02
2.026367578655481269e-02
1.964843422174453874e-02
2.133722212165594170e-02
1.835838919505477021e-02
1.738192327320575714e-02
1.829262161627411704e-02
1.924798255786299567e-02
1.839745501056313376e-02
2.350289234891533852e-02
2.091922741383313994e-02
2.161494689062237740e-02
1.911853905767202377e-02
1.977039687335491180e-02
2.053595511242747168e-02
2.357140006497502466e-02
3.498116917908191542e-02
3.391823265701532364e-02
2.993655335158109526e-02
3.014836777001619200e-02
2.087077489122748236e-02
1.785783059895038744e-02
1.617860607802867889e-02
1.486595906317234039e-02
1.844364907592534880e-02
2.126175211742520332e-02
2.143390057608485222e-02
3.152110967785119733e-02
2.960869017988443375e-02
2.936959788203239580e-02
2.876051720231771400e-02
2.741502169519662718e-02
2.751439604908227990e-02
2.261221203953027795e-02
1.587445763871073862e-02
1.277451682835817337e-02
1.204664967954158748e-02
1.168833514675498078e-02
1.154477344825863804e-02
1.143231689929962228e-02
1.163365188986062969e-02
1.137238610535860027e-02
1.120708435773849418e-02
1.101583726704120567e-02
1.123157599940896069e-02
1.086704190820455586e-02
1.074756998568773304e-02
1.071163564920425346e-02
1.075278567150235107e-02
1.075530163943767478e-02
1.105849286541342805e-02
1.119929086416959763e-02
1.105591822415590356e-02
1.133344313129782711e-02
1.109464541077613900e-02
1.113632991909980705e-02
1.081842342391610076e-02
1.053849030286073754e-02
1.042639426887035335e-02
1.056208368390798569e-02
1.198332589119672706e-02
1.202053166925907100e-02
1.078775683417916229e-02
1.056976784020662377e-02
1.093535404652357101e-02
1.088562700897455215e-02
1.020718058571219375e-02
1.039517698809504578e-02
1.014745514839887619e-02
1.049218298867344787e-02
1.041954783722758363e-02
9.885030332952737808e-03
1.091911057010292938e-02
1.059657856822013820e-02
9.813157655298710563e-03
1.069007432088255917e-02
1.044481713324785233e-02
1.054239291697740485e-02
1.109513547271490097e-02
1.110936077311635087e-02
1.055783210322260891e-02
1.037374623119831016e-02
1.055031651630997623e-02
1.213606037199497188e-02
1.199397416785359313e-02
1.236172849312424694e-02
1.865970296785235405e-02
1.860584048554301401e-02
1.848066691309213638e-02
1.444007894024252822e-02
1.085458155721425941e-02
1.020420594140887191e-02
1.046226671896874870e-02
1.026493143290281226e-02
9.653379302471875797e-03
9.733663033694028507e-03
1.011757496744394337e-02
9.889596141874790192e-03
1.028804564848542248e-02
9.740343410521745335e-03
9.613861888647079121e-03
9.333600569516421058e-03
1.038051052019000123e-02
1.050698682665824821e-02
1.043131761252880096e-02
1.074296245351433719e-02
9.952691383659839630e-03
9.755166852846742023e-03
1.026865066960453918e-02
9.520265460014342568e-03
1.050678100436925819e-02
1.007652524858713115e-02
9.948891401290894249e-03
1.004730518907308648e-02
9.589453227818012238e-03
9.562062798067927361e-03
9.540999447926879276e-03
9.754759445786475441e-03
1.014058003202080761e-02
1.077452600002288749e-02
1.089615169912576745e-02
1.125685507431626285e-02
1.102419113740324939e-02
1.054544830694794690e-02
9.261401183903218010e-03
9.266485553234815251e-03
1.061461600475013291e-02
9.759352169930934559e-03
1.107820710167288850e-02
1.829303679987788131e-02
1.763543616980314116e-02
1.809700718149542809e-02
1.427060812711715768e-02
9.786956664174794457e-03
8.662727987393736492e-03
8.004126558080314896e-03
7.739543309435248028e-03
7.616102462634444237e-03
7.583595765754580671e-03
7.542397640645503824e-03
7.510282192379235874e-03
7.419288903474807566e-03
7.596584549173712557e-03
7.417204556986689568e-03
7.363944360986351793e-03
7.307924190536141049e-03
7.392581971362233335e-03
7.410742342472076416e-03
7.377326302230357950e-03
7.326170615851878946e-03
7.442066445946693420e-03
7.210728200152516539e-03
7.276867004111409361e-03
7.292390940710902561e-03
7.685453211888670748e-03
7.467623939737677921e-03
7.724591670557856907e-03
8.087480952963233688e-03
7.829089276492595326e-03
7.552966848015785564e-03
7.249629544094205076e-03
7.153258705511689013e-03
7.157714618369936770e-03
7.174338726326823061e-03
6.993408501148224050e-03
7.189880358055233955e-03
6.961499014869332660e-03
6.924356520175934011e-03
7.672600820660591472e-03
7.470710342749953617e-03
7.197157293558120554e-03
7.238863874226808895e-03
6.926195090636610638e-03
7.485117204487324108e-03
7.478162087500095714e-03
7.027697656303644527e-03
7.019230118021369154e-03
7.175515173003077507e-03
7.033192226663232197e-03
7.203285535797476942e-03
7.028759177774191076e-03
7.210195250809192831e-03
6.864024000242352833e-03
6.829767720773816109e-03
6.840621028095484127e-03
7.351650390774011612e-03
7.123457593843340527e-03
6.980172777548432524e-03
7.062948262318968946e-03
6.768017029389739210e-03
6.754513550549745733e-03
6.552959885448217045e-03
7.362936809659004385e-03
7.284475257620215416e-03
6.878019962459802801e-03
7.046232838183641781e-03
6.928557297214865685e-03
7.080883812159299504e-03
7.183283427730202328e-03
7.132441690191626722e-03
7.347853807732463056e-03
7.009085081517696207e-03
6.645970279350876808e-03
7.382686808705329548e-03
6.814472377300262451e-03
7.070469949394464319e-03
7.294395891949534590e-03
6.948034744709730148e-03
7.378619909286498850e-03
7.181503297761082823e-03
6.945898430421948780e-03
6.898572947829961603e-03
6.965717952698469335e-03
7.181879924610256802e-03
6.738501647487282580e-03
6.701447255909443075e-03
6.737136142328381191e-03
6.598638230934738766e-03
6.714604841545224016e-03
6.910731503739953215e-03
6.624362757429480206e-03
7.006567157804966146e-03
6.646575825288891966e-03
6.821618368849158461e-03
6.499320408329367985e-03
6.580599024891853679e-03
6.908569391816854824e-03
6.822563521564006632e-03
7.039767317473888050e-03
8.598161442205310562e-03
8.553302427753806808e-03
8.856905624270439148e-03
7.008938118815422058e-03
6.257859338074922388e-03
5.948223033919930111e-03
5.812313780188560833e-03
5.757687287405133594e-03
5.783507414162158793e-03
5.691971583291888410e-03
5.686120875179767435e-03
5.675159255042671810e-03
5.657519632950425321e-03
5.644593760371208538e-03
5.690412782132625753e-03
5.773068033158778797e-03
5.737876333296298807e-03
5.861249612644314419e-03
5.725021893158555204e-03
5.604424234479665930e-03
5.625343648716807365e-03
5.583037948235869061e-03
5.631504766643047506e-03
5.707373423501849001e-03
5.697767017409205437e-03
5.696278065443038940e-03
5.583765823394060482e-03
5.620472040027380337e-03
5.602127639576792717e-03
5.591439921408892025e-03
5.530885932967066591e-03
5.523117212578654463e-03
5.546373687684536327e-03
5.481458129361271511e-03
5.441701272502541542e-03
5.493443831801414837e-03
5.501154763624072248e-03
5.642724642530083830e-03
5.575406271964311947e-03
5.494851991534233440e-03
5.573527887463569641e-03
5.465515609830618078e-03
5.435653775930404490e-03
5.424811551347374743e-03
5.437141982838511467e-03
5.449704173952340906e-03
5.516620632261037653e-03
5.372163699939846646e-03
5.378510849550366228e-03
5.502431187778711319e-03
5.524466373026370655e-03
5.485942261293530811e-03
5.468051414936780930e-03
5.456136539578437805e-03
5.504494765773415565e-03
5.606852611526847233e-03
5.499771656468510281e-03
5.384952761232852936e-03
5.277055827900767153e-03
5.237392568960786039e-03
5.281563708558678280e-03
5.285056913271546711e-03
5.241871764883399183e-03
5.236256169155240059e-03
5.234227282926440239e-03
5.305669410154223789e-03
5.241370480507612402e-03
5.254809604957699429e-03
5.360296135768294681e-03
5.508342105895280665e-03
5.711045628413557833e-03
5.595649592578411102e-03
5.243622604757547725e-03
5.176311265677214016e-03
5.138758197426795613e-03
5.237300647422671318e-03
5.221564741805195982e-03
5.283253174275160183e-03
5.306757241487503225e-03
5.259592179208993565e-03
5.622344883158802639e-03
5.699792830273509199e-03
5.583230033516883503e-03
5.418564332649112095e-03
5.194664373993873943e-03
5.399101739749312054e-03
5.158702423796057528e-03
5.063616903498768806e-03
5.230600852519274105e-03
5.462411977350711996e-03
5.159487109631299626e-03
5.243539577350020409e-03
5.173833156004547899e-03
5.232456466183066021e-03
5.213748430833220482e-03
5.288255494087934147e-03
5.281038489192724575e-03
5.302883218973875046e-03
5.417376477271318609e-03
5.492101004347204989e-03
5.152536602690815752e-03
5.234216805547475815e-03
5.243667820468545133e-03
5.089166015386581768e-03
5.003605177626014103e-03
4.868582030758262028e-03
4.836373776197433298e-03
4.818144533783197229e-03
4.806180787272751505e-03
4.795830277726054018e-03
4.819224914535879742e-03
4.807556653395295490e-03
4.805975267663598408e-03
4.791894927620887756e-03
4.788150778040289879e-03
4.787476966157555580e-03
4.804097418673336679e-03
4.790661204606294458e-03
4.822762589901686062e-03
4.782893415540456945e-03
4.801390273496508425e-03
4.779629828408360655e-03
4.757124790921806942e-03
4.744522226974368269e-03
4.773943172767758543e-03
4.768985509872436697e-03
4.747969936579466213e-03
4.740859521552920688e-03
4.772089794278145183e-03
4.722111625596880913e-03
4.723089933395385916e-03
4.720312543213367462e-03
4.732802673242986029e-03
4.712752765044569969e-03
4.697435069829225540e-03
4.683462530374526631e-03
4.676578938961029400e-03
4.668295616284012794e-03
4.698648094199597489e-03
4.732885910198092287e-03
4.707483854144811457e-03
4.717225907370448112e-03
4.696552408859133720e-03
4.665191797539591616e-03
4.654602846130728722e-03
4.654104541987180883e-03
4.651210550218820398e-03
4.680481180548668255e-03
4.670962039381265467e-03
4.643081175163388426e-03
4.630678589455783714e-03
4.644376365467906345e-03
4.674307722598314459e-03
4.644821980036795139e-03
4.696276644244790424e-03
4.635729105211794029e-03
4.635836021043360580e-03
4.701632214710116733e-03
4.713749769143760551e-03
4.694140003994107420e-03
4.664150695316493338e-03
4.661245504394173622e-03
4.748451383784412991e-03
4.795398889109491955e-03
4.779228754341602152e-03
4.648588458076119076e-03
4.609204828739166260e-03
4.557607672177254807e-03
4.590051714330911636e-03
4.576221993193030531e-03
4.639052227139473308e-03
4.612987954169511448e-03
4.562113806605339397e-03
4.595548450015485460e-03
4.655465460382401596e-03
4.647480533458292137e-03
4.542006668634713043e-03
4.584778426215052258e-03
4.575031762942671949e-03
4.526363243348896850e-03
4.512209142558276480e-03
4.592802375555038452e-03
4.538183100521564484e-03
4.532463103532791311e-03
4.498618328943848957e-03
4.475191747769713228e-03
4.516839678399264639e-03
4.561931686475872647e-03
4.603382479399442499e-03
4.637544462457299406e-03
4.795998614281415766e-03
4.620861448347568685e-03
4.512180248275399555e-03
4.464978119358420372e-03
4.464760143309831793e-03
4.513022163882851948e-03
4.529996053315698754e-03
4.584723641164601196e-03
4.717149771749973297e-03
5.290468479506671776e-03
5.081800464540720159e-03
4.668066976591944695e-03
4.479594132862985308e-03
4.496508440934121435e-03
4.425221518613397902e-03
4.393278947100042950e-03
4.387816367670893843e-03
4.389594914391637195e-03
4.391180211678146969e-03
4.386931215412915100e-03
4.374188231304287564e-03
4.374654823914169918e-03
4.390804143622517412e-03
4.374931077472865235e-03
4.360600886866450136e-03
4.361900198273360556e-03
4.357719421386718403e-03
4.367339750751852642e-03
4.356426559388637890e-03
4.375595808960497032e-03
4.375284467823803251e-03
4.354473389685154135e-03
4.352702316828072418e-03
4.352411814033984791e-03
4.347909358330070972e-03
4.344363277778029268e-03
4.335264302790164601e-03
4.334000963717698704e-03
4.337990493513643915e-03
4.320695204660296787e-03
4.316996387206018145e-03
4.323081136681139816e-03
4.320936766453087677e-03
4.353471915237605572e-03
4.342450876720249653e-03
4.338460997678339828e-03
4.332215199247002949e-03
4.317106655798852097e-03
4.317456507124006748e-03
4.318886809051037182e-03
4.339840915054083044e-03
4.349286481738090342e-03
4.330334486439824104e-03
4.319024411961436619e-03
4.316714126616716385e-03
4.304025764577090393e-03
4.299648501910269087e-03
4.301184765063225876e-03
4.295119829475879496e-03
4.333004239015281200e-03
4.341448214836418976e-03
4.290023143403232445e-03
4.285646299831569021e-03
4.294437286444008177e-03
4.314594855532050306e-03
4.301794129423797478e-03
4.286178527399897922e-03
4.270981927402317350e-03
4.264819971285760576e-03
4.272973281331360340e-03
4.270358057692646807e-03
4.278270411305129528e-03
4.279232327826320778e-03
4.264850495383143078e-03
4.253631434403359543e-03
4.258428723551333298e-03
4.256885731592774391e-03
4.271932994015514851e-03
4.276656731963157827e-03
4.256803519092499863e-03
4.252884560264647354e-03
4.253537114709615881e-03
4.243953106924891645e-03
4.247950180433690895e-03
4.241134203039109533e-03
4.232547502033412803e-03
4.269320261664688240e-03
4.256256809458136732e-03
4.245969466865062714e-03
4.236393352039157997e-03
4.224659898318350662e-03
4.234012635424733335e-03
4.225061484612524162e-03
4.227933241054415703e-03
4.226525430567562580e-03
4.221140593290329153e-03
4.214037093333899975e-03
4.222896881401538849e-03
4.227789072319865400e-03
4.237021761946379791e-03
4.202215815894305706e-03
4.200813663192093546e-03
4.192588105797767813e-03
4.200603440403937947e-03
4.220955050550400864e-03
4.201513947919011116e-03
4.210071475245058710e-03
4.210621537640690977e-03
4.220426874235272061e-03
4.185853758826851845e-03
4.214839101769030441e-03
4.210537718608975584e-03
4.196487902663648302e-03
4.190657008439302618e-03
4.163842205889523376e-03
4.163883160799741745e-03
4.162233415991067539e-03
4.157987050712108265e-03
4.157193121500313282e-03
4.150842828676104372e-03
4.153832024894654577e-03
4.155871062539518053e-03
4.145940276794135224e-03
4.145198850892484188e-03
4.144434467889368534e-03
4.146457067690789700e-03
4.151953873224556793e-03
4.149350547231733452e-03
4.139283159747719938e-03
4.137110663577914238e-03
4.141044081188737999e-03
4.139620205387472759e-03
4.139774502255022873e-03
4.134917305782437671e-03
4.131528409197926174e-03
4.135224758647382606e-03
4.132642899639904846e-03
4.130747937597334558e-03
4.132263781502843077e-03
4.130988707765936505e-03
4.126622900366782795e-03
4.126539966091513460e-03
4.133957345038652767e-03
4.134724359028041016e-03
4.137453762814402927e-03
4.123754939064383854e-03
4.126219660975039005e-03
4.142202390357852156e-03
4.145556874573230570e-03
4.128741426393389355e-03
4.121633269824087967e-03
4.117898573167621916e-03
4.125571413896978075e-03
4.119604500010609974e-03
4.137828759849071329e-03
4.123444575816393246e-03
4.127399460412561720e-03
4.126789025031029831e-03
4.110174905508756811e-03
4.107042844407260244e-03
4.106655181385576552e-03
4.118452826514839953e-03
4.108906025066971779e-03
4.095897893421351910e-03
4.102615825831890280e-03
4.095623013563453804e-03
4.098425828851759087e-03
4.099223902449012150e-03
4.095004382543265473e-03
4.095115140080452312e-03
4.095787485130131418e-03
4.098546435125171791e-03
4.088016506284475153e-03
4.097526473924517458e-03
4.111198429018259222e-03
4.117186018265783960e-03
4.096966097131371151e-03
4.089966975152492176e-03
4.092800430953502655e-03
4.096465371549129660e-03
4.101336142048240055e-03
4.089214559644460852e-03
4.089664807543158878e-03
4.110015276819467371e-03
4.108839924447238792e-03
4.095242382027209152e-03
4.093581973575055426e-03
4.083908302709460605e-03
4.081018595024943005e-03
4.077473282814025532e-03
4.079969320446252996e-03
4.072135756723582398e-03
4.079004353843629534e-03
4.080708883702754801e-03
4.082194808870553797e-03
4.073917423374951233e-03
4.073198721744120294e-03
4.059550212696194302e-03
4.064768413081764828e-03
4.075077362358570099e-03
4.072968522086739887e-03
4.075805796310305942e-03
4.054852854460477482e-03
4.054140485823154623e-03
4.052618425339460720e-03
4.063976206816732537e-03
4.061744501814246351e-03
4.057063907384872610e-03
4.056805022992193352e-03
4.069425025954842220e-03
4.070848203264176499e-03
4.062597756274044514e-03
4.058988206088543285e-03
4.053101385943591248e-03
4.048341419547796249e-03
4.037662525661289692e-03
4.039649129845201622e-03
4.043937171809374939e-03
4.031238751485944141e-03
4.033690458163619388e-03
4.039521911181509495e-03
4.033157904632389719e-03
4.027225892059504986e-03
4.032642766833305532e-03
4.034273326396942139e-03
4.026704863645136183e-03
4.028586531057953488e-03
4.029557504691183394e-03
4.031063453294336622e-03
4.028149112127721136e-03
4.019795125350356449e-03
4.023241065442562277e-03
4.022375517524779016e-03
4.025406506843865091e-03
4.023602278903126543e-03
4.022213094867765730e-03
4.025997989811003035e-03
4.029232659377157688e-03
4.030439513735472809e-03
4.035992664285004139e-03
4.034390859305858786e-03
4.026902536861598318e-03
4.016605066135525356e-03
4.012176021933555776e-03
4.013777361251413822e-03
4.011825122870504683e-03
4.012605152092873703e-03
4.012771323323250164e-03
4.010774893686175346e-03
4.012002400122583259e-03
4.011455387808382338e-03
4.014716506935656418e-03
4.012514720670878887e-03
4.015215393155813391e-03
4.010984371416270559e-03
4.009199282154441053e-03
4.002345865592360843e-03
4.007719387300312346e-03
4.011621652171015913e-03
4.024874907918274750e-03
4.010941390879452575e-03
4.005168494768440550e-03
4.009590880014002150e-03
4.004212701693177570e-03
3.998714010231196533e-03
4.003329575061798443e-03
4.007761226966976773e-03
4.007129790261387478e-03
4.002905404195189649e-03
4.000178608112037355e-03
3.999435622245073145e-03
4.000339750200509678e-03
4.002497019246220762e-03
4.002749314531683575e-03
3.992516477592289274e-03
3.989048581570386713e-03
3.990559885278343981e-03
3.988420334644615303e-03
3.990230802446603948e-03
3.992700530216097658e-03
4.001012421213090420e-03
3.993648709729314197e-03
3.989411168731749058e-03
3.982323128730059017e-03
3.983713663183152329e-03
3.995470050722360437e-03
3.995862556621432304e-03
3.993729059584438627e-03
3.986196545884013349e-03
3.983451239764690573e-03
3.989224042743444616e-03
3.990877070464193821e-03
3.992340643890202045e-03
3.991127968765795578e-03
3.991044638678431337e-03
3.984073945321142847e-03
3.978618769906461239e-03
3.980748914182185780e-03
3.981446404941380371e-03
3.977308678440749472e-03
3.975438373163342649e-03
3.977374406531453133e-03
3.981139161624014378e-03
3.972235578112303864e-03
3.977687959559261625e-03
3.975057159550487995e-03
3.976495377719402660e-03
3.983480739407241344e-03
3.984856954775750811e-03
3.979269391857087265e-03
3.970102313905954708e-03
3.967095422558486809e-03
3.966873674653470343e-03
3.969838516786694874e-03
3.964804089628159653e-03
3.961030743084847927e-03
3.960465942509472197e-03
3.957501379773020744e-03
3.957759239710867405e-03
3.957400936633348812e-03
3.959094407036900520e-03
3.957105008885264744e-03
3.956023813225328575e-03
3.954996610991657127e-03
3.954273322597146381e-03
3.954552114009857178e-03
3.956613154150545944e-03
3.956075664609670986e-03
3.956354665569960724e-03
3.958612564019858837e-03
3.956291382201016296e-03
3.956105210818350315e-03
3.953179344534873962e-03
3.952037636190652500e-03
3.952931752428412784e-03
3.950749244540929968e-03
3.951032971963286053e-03
3.953294083476066763e-03
3.949685604311525822e-03
3.951286664232611656e-03
3.950061276555061340e-03
3.949217847548425198e-03
3.946564043872058392e-03
3.946507768705487425e-03
3.946976107545197184e-03
3.948506922461092819e-03
3.950535692274570812e-03
3.951760241761803627e-03
3.953112405724823475e-03
3.956358088180423130e-03
3.952953219413757498e-03
3.947388008236884724e-03
3.945536562241613865e-03
3.947743098251521587e-03
3.944282280281185757e-03
3.942442708648741245e-03
3.943997016176581209e-03
3.939844132401048964e-03
3.940691612660885204e-03
3.942385711707174605e-03
3.946024389006197279e-03
3.943485231138766159e-03
3.942724876105785023e-03
3.938760980963707317e-03
3.942440869286656727e-03
3.942899592220783407e-03
3.941910387948155230e-03
3.942112554796040058e-03
3.939931350760162050e-03
3.940507397055625569e-03
3.939282917417586023e-03
3.938683774322271347e-03
3.934045531786977898e-03
3.933465084992348801e-03
3.933136211708187710e-03
3.933696914464235653e-03
3.934501158073544676e-03
3.935136576183139931e-03
3.932348731905221766e-03
3.932178462855517517e-03
3.929950366728007967e-03
3.930568043142556971e-03
3.936577029526234020e-03
3.937281295657157551e-03
3.930282196961343288e-03
3.930052975192666054e-03
3.931080969050526445e-03
3.932506637647747647e-03
3.931108093820512121e-03
3.930358821526170124e-03
3.929492831230163401e-03
3.927080868743359696e-03
3.927487647160887718e-03
3.926598187536001379e-03
3.928480320610105991e-03
3.926505055278539831e-03
3.927601641044021000e-03
3.928835457190871412e-03
3.928852872923016895e-03
3.931554569862783129e-03
3.922749473713338202e-03
3.923125169239938433e-03
3.922012960538267742e-03
3.926016855984926224e-03
3.928905259817839016e-03
3.926494694314897234e-03
3.927585785277187824e-03
3.921903157606721098e-03
3.920293436385691513e-03
3.923081280663609678e-03
3.923751856200396668e-03
3.923889109864830624e-03
3.922311030328274120e-03
3.917644382454454899e-03
3.914823895320296634e-03
3.913119039498269731e-03
3.912815917283296238e-03
3.913491265848278999e-03
3.913462487980723034e-03
3.912834962829947298e-03
3.912815055809914892e-03
3.914215485565364361e-03
3.912387578748166388e-03
3.913839953020215381e-03
3.914383333176374088e-03
3.912156750448048288e-03
3.913880651816725384e-03
3.912794194184244026e-03
3.911241143941879446e-03
3.911092155613004814e-03
3.910103347152471542e-03
3.910586773417890245e-03
3.910196130163967609e-03
3.913286281749606479e-03
3.912120545282960112e-03
3.909006202593445951e-03
3.908898122608661999e-03
3.909526136703788887e-03
3.909708117134869099e-03
3.906874568201601505e-03
3.910034615546465094e-03
3.909613471478223801e-03
3.910938766784966339e-03
3.908170433714985674e-03
3.909092489629983555e-03
3.907600743696093212e-03
3.907248144969344139e-03
3.906551259569823395e-03
3.907566424459218979e-03
3.905313229188322934e-03
3.907875902950763529e-03
3.907122346572577780e-03
3.905336209572851831e-03
3.906260523945092981e-03
3.906059311702847481e-03
3.904121043160557573e-03
3.903153957799076947e-03
3.903482132591307077e-03
3.903064178302884102e-03
3.901614411734044725e-03
3.905646246857941237e-03
3.903254843316972342e-03
3.904707194305956190e-03
3.907781536690890442e-03
3.906260128132998943e-03
3.901725052855908871e-03
3.903150255791842764e-03
3.902334114536643115e-03
3.901486960239708510e-03
3.903110511600971222e-03
3.901238366961479014e-03
3.901332407258450898e-03
3.899246058426797563e-03
3.899355209432542237e-03
3.900695056654512709e-03
3.898879140615463344e-03
3.899789089336991223e-03
3.900636173784732992e-03
3.899820684455335314e-03
3.898588009178638458e-03
3.897893638350069349e-03
3.896322264336049383e-03
3.896398190408945257e-03
3.896901127882301894e-03
3.895656042732298548e-03
3.897159453481435862e-03
3.895877883769571694e-03
3.896617307327687827e-03
3.895203256979584607e-03
3.895531268790364352e-03
3.895537415519356901e-03
3.893817076459527016e-03
3.894227510318160231e-03
3.894215309992432681e-03
3.892816766165196722e-03
3.893524478189647371e-03
3.895246679894626054e-03
3.895941749215126124e-03
3.894090605899691755e-03
3.891478013247251684e-03
3.892269358038902196e-03
3.893371555022895336e-03
3.891653823666274634e-03
3.889342420734465122e-03
3.891305183060467243e-03
3.892381698824465188e-03
3.889999468810856342e-03
3.889463283121585759e-03
3.892181580886244687e-03
3.893044148571789438e-03
3.892102628014981747e-03
3.890693653374910355e-03
3.888968331739306623e-03
3.888164437375962647e-03
