4.824142853418986188e-01
4.618424276510874615e-01
4.067179560661315918e-01
3.875061571598052979e-01
3.322195112705230713e-01
3.520841300487518311e-01
2.761526207129160748e-01
2.312287737925847464e-01
1.554743150870005197e-01
1.547292371590932303e-01
1.572396854559580393e-01
8.501222232977549698e-02
7.348035275936126709e-02
6.358656908075015213e-02
4.522443562746047974e-02
4.902031893531481194e-02
5.389449869592984749e-02
3.597741698225339485e-02
3.708544870217641426e-02
4.660986860593160225e-02
3.836966430147489143e-02
5.722481881578763557e-02
3.275263433655103279e-02
7.035648698608081009e-02
7.788126418987910415e-02
2.994370274245738983e-02
5.199797824025154114e-02
1.999986233810583866e-02
2.009740720192591465e-02
1.712150126695632935e-02
2.462085522711277008e-02
3.467179772754510475e-02
1.541130896657705307e-02
1.409495621919631958e-02
3.199645069738229347e-02
2.691333927214145660e-02
2.899593487381935120e-02
3.152778682609399391e-02
2.182537068923314297e-02
2.279388966659704960e-02
1.223493802050749403e-02
2.551117911934852600e-02
9.378026550014814319e-03
2.156172506511211395e-02
1.398270763456821442e-02
1.639539562165737152e-02
8.938211637238660870e-03
1.893700969715913021e-02
1.502042605231205565e-02
1.008045859634876251e-02
1.277616278578837770e-02
1.036209085335334200e-02
1.012245255211989027e-02
2.225933720668156826e-02
1.387648408611615557e-02
1.142106950283050537e-02
1.080355575929085356e-02
1.525435596704483032e-02
2.083545612792174137e-02
9.060582766930261669e-03
1.018360412369171721e-02
5.903262024124463110e-03
1.220780021200577360e-02
9.236508049070835114e-03
6.729429898162682562e-03
9.327578358352184296e-03
4.674079129472374916e-03
4.033430867517988176e-03
4.359984459976355524e-03
6.562043447047472000e-03
6.904733056823412866e-03
7.044765787820021601e-03
1.548920137186845201e-02
1.358960724125305754e-02
3.932832119365532904e-03
3.839540838574369893e-03
1.096518027285734755e-02
6.977113119016091318e-03
5.014216372122366934e-03
1.062670474251111406e-02
4.668306016052762956e-03
5.832143748799960108e-03
2.122246039410432064e-02
4.216065087045232744e-03
3.378933854401111603e-02
1.110065573205550570e-02
1.334252084294954878e-02
9.552853492399057331e-03
4.332014514754216165e-03
4.905780389284093886e-03
1.273020915687084198e-02
6.133071923007567434e-03
4.719717893749475479e-03
1.125401630997657776e-02
5.724875877300898523e-03
1.906404954691727840e-02
7.970700350900491657e-03
1.701525909205277645e-02
7.688456370184819193e-03
1.435723062604665756e-02
5.066640675067901611e-03
4.858676188935835867e-03
3.126539367561539159e-03
3.214793434987465396e-03
3.614329655344287410e-03
2.913125790655612946e-03
2.874718202898899570e-03
2.877218648791313171e-03
3.317162316913405910e-03
2.757602604106068611e-03
2.960463675359884753e-03
3.388491148749987140e-03
2.714054503788550839e-03
2.784672658890485764e-03
2.632419656341274724e-03
2.451934463654955373e-03
2.952684493114551053e-03
2.750444070746501431e-03
2.643762233977516637e-03
2.503091857458154216e-03
3.494473872706294060e-03
2.260697074234485626e-03
2.301140377918879047e-03
3.059294462824861064e-03
3.008620425437887654e-03
2.216277954479058728e-03
2.255069712797800555e-03
4.060261805231372804e-03
2.927424153313040733e-03
2.803395890320340648e-03
3.147424819568792834e-03
2.577782608568668365e-03
2.731181836376587405e-03
3.032691000650326266e-03
2.066302229650318623e-03
2.240971817324558749e-03
2.418087523741026864e-03
2.030065360789497838e-03
1.891832294253011472e-03
2.185793321890135751e-03
1.831765674675504439e-03
1.782169875999291666e-03
2.167437303190430150e-03
1.806521788239479065e-03
3.447940417875846372e-03
2.450270112603902817e-03
3.290575696155428886e-03
2.840453603615363583e-03
2.285849070176482201e-03
2.893182759483655438e-03
3.952640263984600992e-03
2.156687124321857944e-03
3.730119361231724277e-03
4.030467166254918070e-03
2.727080835029482841e-03
9.247926063835620880e-03
3.507333574816584587e-03
2.766614546999335289e-03
2.099014469422399998e-03
2.682064116622010722e-03
2.170684980228543282e-03
2.678876820330818639e-03
2.715128939598798752e-03
2.518244941408435359e-03
3.010164868707458034e-03
2.110070587756732955e-03
2.765736154591043935e-03
2.367947250604629517e-03
3.396046891187628255e-03
3.017873270437121391e-03
1.830602219949166052e-03
4.422775469720363617e-03
3.042004148786266789e-03
3.666260202104846492e-03
2.688064550360043988e-03
1.747689520319302805e-03
2.048324017475048556e-03
2.874759646753469958e-03
1.874084429194529779e-03
3.510820912197232246e-03
3.058471794550617680e-03
2.126070127512017741e-03
2.203187672421336174e-03
3.376427805051207542e-03
2.192070513653258338e-03
1.894394323850671523e-03
2.091196016408503056e-03
3.342550170297423854e-03
2.288250563045342908e-03
2.021146317323049054e-03
1.875403919257223606e-03
1.808581058867275715e-03
1.903718337416648865e-03
1.953751198016107082e-03
2.463037458558877454e-03
7.432837349673111944e-03
5.210268932084242792e-03
7.949414663016796112e-03
3.634180873632431030e-03
2.510423539206385612e-03
2.169496690233548627e-03
2.440311092262466893e-03
2.325966449764867768e-03
2.333549860243996129e-03
2.134135342203080654e-03
1.983041758649051189e-03
2.113957307301461697e-03
2.026628043192128196e-03
1.874222342545787566e-03
1.819092547520995140e-03
2.102358615957200527e-03
2.035412549351652608e-03
2.149443568972249970e-03
2.189759242658813939e-03
1.990017791589101300e-03
2.012328982042769446e-03
1.888926723040640354e-03
2.109214818725983157e-03
1.993231436548133836e-03
1.784006521726648085e-03
1.923658729841311700e-03
2.065969631075859070e-03
2.281154505908489227e-03
2.928534445042411342e-03
2.473995632802446828e-03
2.236650946239630237e-03
1.915423936831454508e-03
2.064724685624241829e-03
1.825164964733024366e-03
2.009143354371190071e-03
2.054533377910653606e-03
2.105587666543821349e-03
1.963597450715800271e-03
1.996856920110682502e-03
2.076690201647579670e-03
2.279384604965647206e-03
2.307469607330858707e-03
2.063592701839903846e-03
2.026538131758570671e-03
2.271089431208868966e-03
2.444466653590401158e-03
1.493194218104084261e-03
2.249015922037263856e-03
1.777030527591705322e-03
2.032800073114534364e-03
1.450102853899200685e-03
2.164949003296593680e-03
2.381851353372136607e-03
2.162950462661683559e-03
2.259021392092108727e-03
1.920082683985431917e-03
1.593471892798940413e-03
1.481235764610270731e-03
1.867456051210562460e-03
1.487513848890860803e-03
1.893964828923344612e-03
1.682698377408087254e-03
1.745998277328908443e-03
1.708970832017560728e-03
1.544721735020478494e-03
1.706932748978336580e-03
1.802793820388615131e-03
2.009045410280426488e-03
1.460632270512481458e-03
1.709950350535412557e-03
1.483720145188271999e-03
2.646888373419642448e-03
2.248836060365041242e-03
1.820448009918133490e-03
1.873058072912196391e-03
2.172340522520244122e-03
2.036346277842918887e-03
1.948077192840476759e-03
2.087838249281048775e-03
1.943065202794969082e-03
2.087868051603436470e-03
1.696561191541453130e-03
1.631716188664237730e-03
1.342392138515909441e-03
1.612120502007504232e-03
1.487204028914372199e-03
1.596388989128172398e-03
1.589915404717127554e-03
1.669653031664590113e-03
1.398380147293210030e-03
1.609621142658094637e-03
1.924832739556829207e-03
1.653467693055669539e-03
1.945381285622715950e-03
1.331741145501534216e-03
1.410749508067965508e-03
1.856671917873124354e-03
1.549461623653769493e-03
1.267146357956032031e-03
1.810148668785889871e-03
1.727982191368937492e-03
2.158673790593942151e-03
1.273900425682465308e-03
1.761334327359994180e-03
2.031149847122529998e-03
1.776756214288373716e-03
1.454441226087510586e-03
1.438228995539247990e-03
1.347327022813260555e-03
1.505391672253608704e-03
1.545539824292063713e-03
1.514840948705871828e-03
1.496151012058059447e-03
1.469731292066474683e-03
1.491029940855999715e-03
1.558271236717700958e-03
1.532453228719532490e-03
1.628419966436922550e-03
1.440944188895324938e-03
1.392865437082946301e-03
1.429748799030979402e-03
1.355283272763093240e-03
1.512820444380243547e-03
1.491160481236875057e-03
1.394734446269770391e-03
1.515943479413787596e-03
1.353662034186224215e-03
1.491099596023559570e-03
1.394969527609646320e-03
1.519904898790021665e-03
1.330117927864193916e-03
1.442772181083758600e-03
1.425563939847052097e-03
1.285313725626717083e-03
1.411774894222617149e-03
1.321443977455298178e-03
1.319652656093239784e-03
1.277599483728408813e-03
1.563317414062718623e-03
1.335231975341836684e-03
1.408312702551484108e-03
1.234719180501997471e-03
1.385673996992409229e-03
1.446892429764072173e-03
1.372311458302040823e-03
1.329701587868233449e-03
1.287884040114780195e-03
1.379822846502065659e-03
1.286038119966785185e-03
1.233276561833918095e-03
1.351201441138982773e-03
1.264970788421730273e-03
1.382180955260992050e-03
1.322286513944466836e-03
1.289668027311563492e-03
1.290511727953950636e-03
1.461889323157568700e-03
1.447928370907902718e-03
1.265218830667436123e-03
1.368710033906002767e-03
1.218608114868402481e-03
1.352373665819565527e-03
1.218720378043750994e-03
1.370452033976713889e-03
1.255537810114522703e-03
1.300030193912486308e-03
1.270518987439572811e-03
1.192771907274921663e-03
1.283241823936502211e-03
1.135829428676515818e-03
1.461468714599807985e-03
1.197296660393476486e-03
1.242233983551462419e-03
1.208358715909222834e-03
1.260883252446850069e-03
1.272911749159296281e-03
1.292749890126287937e-03
1.290909868354598753e-03
1.373239016781250708e-03
1.231088729885717161e-03
1.279682231446107156e-03
1.294077335235973127e-03
1.450591759445766680e-03
1.161005541992684133e-03
1.205262650425235503e-03
1.212805160321295261e-03
1.328870886936783791e-03
1.250708320488532312e-03
1.174300598601500266e-03
1.169306769346197374e-03
1.156410629240175016e-03
1.187162357382476330e-03
1.212420718123515375e-03
1.249044551514089108e-03
1.170599076431244612e-03
1.379833091050386429e-03
1.235665054991841316e-03
1.338416943326592445e-03
1.188583943682412379e-03
1.295566675253212452e-03
1.103347768851866252e-03
1.060248837651063926e-03
1.106582290958613157e-03
1.225620973855257034e-03
1.276115188375115395e-03
1.280083670280873775e-03
1.084364213359852560e-03
1.082027389202266932e-03
1.121092762332409620e-03
1.166450170179208047e-03
1.190893468447029591e-03
1.200325282601018674e-03
1.207812107168138027e-03
1.205419888719916344e-03
1.111008847753206961e-03
1.107214678389330633e-03
1.197336396823326819e-03
1.228367327712476254e-03
1.170237781479954720e-03
1.242115239923198946e-03
1.181360683403909206e-03
1.134844574456413515e-03
1.109891241261114605e-03
1.116985067104299791e-03
1.081641511215517991e-03
1.159818765396873229e-03
1.179544371552765369e-03
1.098120391058425181e-03
1.164475242452075012e-03
1.158094538065294497e-03
1.076220243703573942e-03
1.072573475539684296e-03
1.090963991979758017e-03
1.116403184520701640e-03
1.073886737382660382e-03
1.180047615586469643e-03
1.167025960360964067e-03
1.136322272941470146e-03
1.156195416115224361e-03
1.125374692492187023e-03
1.143142154129842989e-03
1.200413370194534533e-03
1.048636933167775400e-03
1.177948724944144487e-03
1.098756057520707376e-03
1.109400667094935901e-03
1.126106556815405614e-03
1.110949281913538702e-03
1.007624610792845488e-03
1.081811846233904362e-03
1.096689142286777496e-03
1.132071115231762402e-03
1.099397816384832137e-03
1.160704899424066074e-03
1.039564861760785110e-03
1.147659650693337195e-03
1.106129687589903600e-03
1.119031570851802826e-03
1.035033278943349845e-03
1.127863302826881409e-03
1.055414070530484192e-03
1.139564711290101283e-03
1.109765978374828823e-03
1.087190195297201402e-03
1.201319275423884392e-03
1.062272291164845228e-03
1.100795071882506139e-03
1.045479963067919016e-03
1.148987289828558691e-03
1.117834704928100109e-03
1.094917592126876116e-03
1.072452675240735285e-03
1.061691475721697085e-03
1.123660399268070929e-03
1.066439241791764967e-03
1.057315637202312477e-03
1.052223029546439648e-03
9.872050335009892059e-04
1.138513422726343148e-03
1.136747227671245806e-03
1.040348395084341295e-03
1.067902504776914842e-03
1.026008394546806812e-03
1.089805232671399839e-03
1.042388379573822021e-03
1.060624315869063139e-03
1.069811444419125788e-03
1.177396431254843943e-03
1.034977535406748526e-03
1.026430594113965757e-03
1.088686035169909470e-03
1.130151601197818987e-03
1.028888897659878008e-03
1.024974995137502677e-03
1.078622279843936436e-03
1.036337751429527998e-03
1.017894634666542284e-03
1.026807391705612414e-03
1.168368772293130629e-03
1.153685598789403908e-03
1.174268700803319685e-03
1.169008552096784115e-03
1.019247361303617485e-03
1.050305455767859943e-03
1.114465878345072269e-03
1.070266899963219888e-03
1.020549330860376358e-03
1.100659137591719627e-03
1.012161451702316530e-03
1.040386424089471571e-03
1.009834775080283411e-03
1.045844090792040102e-03
1.120164447153608077e-03
1.040593623959769733e-03
1.010338737008472211e-03
1.033776478531460040e-03
1.061696753216286428e-03
1.058009162079542875e-03
1.039913758480300434e-03
1.028551370836794376e-03
1.029004653294881113e-03
9.898265901332099510e-04
1.051996116681645386e-03
1.054922623249391787e-03
1.038587167082975380e-03
1.097314079136898048e-03
1.070124407609303720e-03
9.803889552131295204e-04
1.014777808450162411e-03
1.023824753550191648e-03
1.084052433725446463e-03
1.032329397276043892e-03
1.045528682880103588e-03
1.067452171506981127e-03
1.005365183421720989e-03
1.019536866806447506e-03
1.008122092268119328e-03
1.052429317496716976e-03
1.020005419074247353e-03
1.038536933871607058e-03
1.008143590297549963e-03
1.008313091006129980e-03
1.041172751380751603e-03
1.015919629329194553e-03
9.895933520359296871e-04
9.921706514433026314e-04
1.098749324834595196e-03
1.022119676539053447e-03
9.938376606442034245e-04
1.012042494645963185e-03
1.022697445781280525e-03
1.030260852227608435e-03
1.001742513229449518e-03
1.008507135945061915e-03
1.024148873208711617e-03
1.058871062317242153e-03
9.956632081108789372e-04
9.998079040087759495e-04
1.027021169041593797e-03
1.035004795994609594e-03
1.002511843883742816e-03
1.011244642237822287e-03
1.001130401467283495e-03
9.975159579577546048e-04
1.042403668786088698e-03
1.027875987347215414e-03
1.060568048463513382e-03
1.013977278489619493e-03
1.055909572945286758e-03
1.045986854781707056e-03
1.078067386212448351e-03
1.057828679525603778e-03
1.023656009541203506e-03
1.025815960019826889e-03
9.636952696988979614e-04
1.014721055980771780e-03
1.074277795851230621e-03
9.671773683900634086e-04
1.021717306381712429e-03
1.008381911863883264e-03
1.030139993720998294e-03
9.632440827166041100e-04
1.011331914924085140e-03
1.011734673132498987e-03
1.040998923902710207e-03
1.045104892303546197e-03
1.007313490845263004e-03
1.008456922136247158e-03
9.612196008674800396e-04
9.984298764417569565e-04
9.683979636368652546e-04
1.004484753745297663e-03
1.026441866997629404e-03
9.705581663486858570e-04
1.033910705397526495e-03
9.826911458124716354e-04
1.030689978506416082e-03
1.022779848426580429e-03
1.054213809159894712e-03
1.014893661097933776e-03
9.915569292691845966e-04
9.824783774092793465e-04
9.590748231858015060e-04
9.736280965929230416e-04
1.011853397358208895e-03
9.380306776923438275e-04
9.884127454521756100e-04
9.992312795172135758e-04
9.698806291756530964e-04
9.450613094183305538e-04
9.696184036632379257e-04
9.542717016302049160e-04
1.025501696858555079e-03
1.017241680528968573e-03
1.005808570577452652e-03
1.022547658067196608e-03
9.536855504848062992e-04
9.879527885156373906e-04
1.017616421449929476e-03
9.786741187175114227e-04
1.011037636393060215e-03
1.031574191680799000e-03
9.918227830591301846e-04
9.903528844006359577e-04
1.002941707459588773e-03
9.945107352298994136e-04
9.841511685711641384e-04
9.603898312586048877e-04
9.579899682042499745e-04
1.010387476223210566e-03
9.659156203269958496e-04
9.818672939824562001e-04
9.934845923756558967e-04
9.818907904749114585e-04
1.043103615908573143e-03
9.877659419241051602e-04
9.650733554735779762e-04
9.562807584491869175e-04
1.026926639800270326e-03
9.874973135689895081e-04
1.005841399698207848e-03
9.864601500642795635e-04
1.002880298377325065e-03
9.717818271989623344e-04
9.931745783736307693e-04
9.255026622364918030e-04
9.461477554092804229e-04
1.066966797225177288e-03
9.835996703865628171e-04
9.880187571980059147e-04
9.955156516904632973e-04
9.673831518739461899e-04
1.008821437911440856e-03
9.418717042232552803e-04
9.451205454145868981e-04
9.569494480577608311e-04
9.996488612766067910e-04
1.083421889537324436e-03
9.253700263798236847e-04
9.975968083987634110e-04
9.696708875708281994e-04
1.012067814978460543e-03
9.890602862772841525e-04
9.793334756977856159e-04
1.019945271157969959e-03
1.021795168829460866e-03
9.413068570817509926e-04
1.025885848018030398e-03
1.000359557413806446e-03
9.988925885409116745e-04
9.872869122773408890e-04
9.962971671484410763e-04
9.912259023015697074e-04
9.387749596498906612e-04
9.542383098353942597e-04
9.901610707553725171e-04
9.810699072356026101e-04
1.034774584695696831e-03
1.009829012521852977e-03
9.789267787709832191e-04
1.042646724575509555e-03
1.007383689284324646e-03
9.690019263265033924e-04
9.598050770970681942e-04
9.397645092879732811e-04
9.547474522454043591e-04
9.456108091399073601e-04
9.969145564051966595e-04
9.789986070245504379e-04
9.489751343304911888e-04
9.594190050847828388e-04
9.672535428156455719e-04
9.884673636406660080e-04
1.007493973399202101e-03
9.874837705865502357e-04
1.000136447449525125e-03
9.003795372943083084e-04
9.677646254810193813e-04
1.000743107094119065e-03
9.541577310301363468e-04
9.401841671206057072e-04
9.524151294802626335e-04
9.716436422119537628e-04
9.651894021468857563e-04
9.566015214659273624e-04
9.688679322910805905e-04
9.993029913554589676e-04
9.809852538940806461e-04
9.835269496155281139e-04
9.319126062716046608e-04
9.694107769367595875e-04
9.262121942204734051e-04
9.583792804429928100e-04
9.855196112766861916e-04
1.005888315072904103e-03
9.526104161826273167e-04
9.452460993391772473e-04
9.447495685890316963e-04
9.853386630614597869e-04
9.837186856505770755e-04
9.850432203772168088e-04
9.717956030120452606e-04
9.658331788765887058e-04
9.947157426116366458e-04
9.775598688671986985e-04
1.009737975740184314e-03
1.000719106135268934e-03
9.999418010314304901e-04
1.034633081872016191e-03
9.805265775260825229e-04
9.678343776613473892e-04
9.979114984162151814e-04
9.754281102990111077e-04
9.990784844073157239e-04
9.475065356430908406e-04
9.551576998395224774e-04
9.379446079644063747e-04
9.490982629358768463e-04
9.469047072343528271e-04
9.589221638937791550e-04
9.616292663849890232e-04
9.931068440588812756e-04
9.581111565542718136e-04
9.778548458901543689e-04
9.983218430231015610e-04
1.005726788813869231e-03
9.685087716206908226e-04
9.459064846547941005e-04
9.768864062304298806e-04
9.714716967816153801e-04
9.433036514868339264e-04
9.503860298233727253e-04
9.375749505124986172e-04
9.571603732183575630e-04
9.641862707212567329e-04
9.966834137837092805e-04
9.977569764790434909e-04
9.480539786939820015e-04
9.685711120255291462e-04
9.636294950420657432e-04
9.215407577964166439e-04
9.555864768723646438e-04
1.018188971405227907e-03
9.577569823401669300e-04
9.691502394465109074e-04
9.744179745515187943e-04
9.672961314208805561e-04
9.744739897238711155e-04
9.519779317391415798e-04
9.090374223887920380e-04
9.688070858828723431e-04
1.059079096497346885e-03
9.906400809995830059e-04
9.847343317233026028e-04
9.745289959634343422e-04
9.715209598653018475e-04
9.379830056180556977e-04
9.542868744271496570e-04
9.879347829458613468e-04
9.790055531387527061e-04
9.765948828620214534e-04
9.594266690934697426e-04
9.788812797827024532e-04
1.008345764906456001e-03
9.821133571676909924e-04
9.564685169607400894e-04
9.505404935528835022e-04
9.884329047054052353e-04
9.715153525273004806e-04
9.550573304295539856e-04
9.611329684654871261e-04
9.740240445050100124e-04
1.032162748742848635e-03
9.451978063831726349e-04
9.820704969267051148e-04
1.006132205172131531e-03
9.820050521132845951e-04
1.020627367931107752e-03
1.011987119757880695e-03
9.941296690764527249e-04
9.780804587838549686e-04
9.392855378488699234e-04
1.023380551487207413e-03
1.011817056375245326e-03
9.792493074201047421e-04
9.307266639856001103e-04
9.737315316063662731e-04
9.519251373906930649e-04
1.013153387854496710e-03
9.440108357618252075e-04
9.191443483966091907e-04
9.872258136359353137e-04
9.374501920926073826e-04
9.335329135258992874e-04
9.937281914365787578e-04
1.010691067979981430e-03
9.559475389930108822e-04
9.497737240356703961e-04
9.706523269414901733e-04
9.625350746015707290e-04
9.490172378718852997e-04
9.843561371477942395e-04
9.575979978156586849e-04
9.761835487248996532e-04
9.401124746849139893e-04
9.995308355428278446e-04
1.011597206039975159e-03
9.584489938182135784e-04
9.721399401314556599e-04
9.739650995470583439e-04
9.808607477073867393e-04
9.484167870444556439e-04
9.491092447812358177e-04
9.268212403791645801e-04
9.393698419444262981e-04
9.145272973303993904e-04
9.572482085786759853e-04
9.710611387466391289e-04
9.568603709340095520e-04
9.877661747547488141e-04
9.441420746346315110e-04
9.846120762328307557e-04
9.441591488818327224e-04
9.670796183248361313e-04
9.823347209021449089e-04
9.658922208473086357e-04
9.512356870497266090e-04
1.000634957260141842e-03
9.880847064778208733e-04
9.950994863174855709e-04
9.810550836846232414e-04
9.447506745345890522e-04
9.404153097420930862e-04
9.436190011911094189e-04
9.946166925753157067e-04
9.634913876652717590e-04
9.726152250853677952e-04
9.487859400299688542e-04
9.727497817948460579e-04
9.550122582974532879e-04
9.746827417984604836e-04
9.611336087497571743e-04
9.703611140139400959e-04
9.890604609002668930e-04
9.560118196532130241e-04
9.674349954972664154e-04
9.675362962298095226e-04
9.279222188827892506e-04
9.461777129520972931e-04
9.409227059222757816e-04
9.877609748703737331e-04
9.466108361569544041e-04
9.514073220392068589e-04
9.279185712027052677e-04
9.589628898538649082e-04
9.792797888318698334e-04
9.708353512299557888e-04
9.928154177032411098e-04
9.516647163157662117e-04
9.511777898296713829e-04
9.679627061511079109e-04
9.361854560362795627e-04
9.462753077968955040e-04
9.526027133688330650e-04
9.690510147872070110e-04
9.618448093533515930e-04
1.010314542024085991e-03
9.983104343215625214e-04
9.851768263615667820e-04
9.880480356514453888e-04
9.506604401394724846e-04
9.907259761045377183e-04
1.000130452060451038e-03
9.844190596292416977e-04
9.655563626438379288e-04
9.737061530662080014e-04
9.592099813744425774e-04
9.413172762530545032e-04
9.714745877621074879e-04
9.574511204846203327e-04
9.247825170556703842e-04
9.170591171520451343e-04
9.681342441278198993e-04
9.220810607075691223e-04
9.276225852469602859e-04
9.444914952230950558e-04
9.903361011917393136e-04
9.394303779117763042e-04
9.562880344068011009e-04
9.459784487262368202e-04
9.949939752308030200e-04
9.550786344334483147e-04
9.476357760528723037e-04
1.000777507821718924e-03
9.572906613660355770e-04
9.937096037901937962e-04
9.832123566108446049e-04
9.551475523039698601e-04
9.279193667074044907e-04
9.683938696980476379e-04
9.717724945706626141e-04
9.516703624588748181e-04
9.893558065717418266e-04
9.800384868867695332e-04
9.457542134138444698e-04
9.585915249772369862e-04
9.835585175702969956e-04
9.330880517760912216e-04
9.889932698570191860e-04
9.465019684284925461e-04
9.952575201168656349e-04
9.527427221958836281e-04
9.576202331421276295e-04
1.004039950203150511e-03
9.257456210131446159e-04
9.623196092434227467e-04
9.759745444171130657e-04
9.759649595556160176e-04
9.466101764701306820e-04
9.630513571513196194e-04
9.963753012319405151e-04
9.386716216492155826e-04
9.508158157890042031e-04
9.368669513302544391e-04
9.766485115202765393e-04
9.413129300810396671e-04
9.520978977282842362e-04
9.779265189232926297e-04
9.213196462951600552e-04
9.525978433278700077e-04
9.569989439720908439e-04
9.576827287673950195e-04
9.823729051277041435e-04
9.986088067914049553e-04
9.369072698367139065e-04
9.817246852132182049e-04
9.418487898074090481e-04
1.007829113708188064e-03
9.498845126169422901e-04
9.664289342860380447e-04
9.756272581095496452e-04
9.614628894875446594e-04
9.733039769344031811e-04
9.029578068293631077e-04
9.701684660588701927e-04
9.241180378012359142e-04
9.552382010345658028e-04
9.956472398092348648e-04
9.626435348764061928e-04
9.342337919709583485e-04
9.686163393780589104e-04
9.715097063841918743e-04
9.316077145437399185e-04
9.386097857107719147e-04
9.365864486123124397e-04
9.448876759658256805e-04
9.708596820322176182e-04
9.607928028951088226e-04
9.338871459476649761e-04
9.155990361856917179e-04
9.813626723674435687e-04
9.317036989765862262e-04
9.852001676335930824e-04
1.001324349393447168e-03
9.558355280508598053e-04
9.402221573206285274e-04
9.607404160002867019e-04
9.240002448981007302e-04
9.541462641209363937e-04
9.418873232789337635e-04
9.287397648828724659e-04
9.544359054416418076e-04
9.502029473272463047e-04
9.904204828975100589e-04
9.383104043081402779e-04
9.735643398016691208e-04
1.002290965213129990e-03
9.469360423584779465e-04
9.362379205413162708e-04
9.621551920038958752e-04
9.561047772876918316e-04
9.621311328373849392e-04
9.655458464597662651e-04
9.432324441149830818e-04
9.341490998243292534e-04
