2.131187816460927420e-01
2.048958092927932739e-01
1.925195157527923584e-01
1.868161410093307495e-01
1.744802445173263550e-01
1.853394508361816406e-01
1.632984230915705270e-01
1.497259090344111032e-01
1.200410549839337621e-01
1.209261467059453282e-01
1.232380072275797572e-01
8.797879268725712631e-02
8.332511037588119507e-02
7.733415315548579361e-02
6.401752183834712173e-02
6.777949631214141846e-02
7.141696910063426162e-02
5.720962211489677429e-02
5.900101487835248543e-02
6.613216300805409287e-02
6.012070551514625549e-02
7.358896483977635239e-02
5.515527352690696716e-02
8.033816764752070572e-02
8.686624964078266953e-02
5.236272389690081047e-02
6.927550584077835083e-02
4.158584649364153313e-02
4.270663857460021973e-02
3.900308534502983093e-02
4.706349720557530952e-02
5.640444035331407951e-02
3.671152517199516296e-02
3.555340319871902466e-02
5.364860097567240166e-02
4.899693280458450317e-02
5.107659101486206055e-02
5.384499579668045044e-02
4.423992087443669868e-02
4.513201862573623657e-02
3.281373530626296997e-02
4.779087379574775696e-02
2.903647348284721375e-02
4.407899454236030579e-02
3.549355268478393555e-02
3.783022239804267883e-02
2.787603251636028290e-02
4.067275052269300056e-02
3.600238511959711479e-02
2.985502469042937077e-02
3.437132636706034111e-02
3.010177612304687500e-02
3.078790443638960636e-02
4.541476319233576225e-02
3.569398447871208191e-02
3.117270891865094387e-02
3.115422092378139496e-02
3.735850751399993896e-02
4.408505186438560486e-02
2.780607901513576508e-02
3.045535025497277462e-02
2.284231968224048615e-02
3.354843581716219353e-02
2.872248676915963375e-02
2.419470498959223545e-02
2.967617226143677914e-02
2.025739165643851078e-02
1.901182035605112827e-02
1.946337210635344303e-02
2.453430493672688686e-02
2.466957395275433743e-02
2.524604027469952786e-02
3.750889499982198311e-02
3.494732019801934791e-02
1.866587313512961185e-02
1.837891712784767151e-02
3.075655798117319858e-02
2.525828282038370884e-02
2.048940149446328365e-02
3.099514606098334110e-02
2.008646540343761444e-02
2.294625838597615444e-02
4.363409553964932991e-02
1.922676277657349789e-02
5.504230285684267449e-02
3.134653468926747871e-02
3.523280471563339233e-02
2.985343771676222599e-02
1.934700459241867065e-02
2.092242302993933475e-02
3.465984265009561943e-02
2.369712914029757297e-02
2.038929487268130100e-02
3.274516016244888306e-02
2.257091427842776096e-02
4.295569658279418945e-02
2.605014604826768124e-02
4.042015597224235535e-02
2.696286886930465698e-02
3.571902588009834290e-02
2.080081713696320736e-02
2.108118558923403538e-02
1.652995621164639675e-02
1.672819380958874905e-02
1.752686190108458317e-02
1.583471118162075794e-02
1.591143632928530491e-02
1.588569891949494564e-02
1.715272354582945621e-02
1.550964079797267914e-02
1.597525489826997006e-02
1.686671034743388378e-02
1.531305226186911207e-02
1.554396531234184843e-02
1.516237606604894060e-02
1.449159377564986605e-02
1.615495793521404266e-02
1.530229672789573669e-02
1.506360806524753571e-02
1.488966836283604246e-02
1.761681959033012390e-02
1.404920096198717695e-02
1.385699926565090757e-02
1.646059223761161053e-02
1.616715608785549915e-02
1.371407508850097656e-02
1.416487557192643541e-02
1.924996015926202023e-02
1.613217654327551639e-02
1.536873076111078262e-02
1.667832738409439838e-02
1.474891665081183058e-02
1.541105999300877195e-02
1.625939706961313999e-02
1.323160156607627869e-02
1.376163369665543180e-02
1.426542612413565260e-02
1.299151498824357986e-02
1.267193257808685303e-02
1.364099296430746656e-02
1.234077631185452086e-02
1.241209730505943298e-02
1.405920274555683136e-02
1.241515111178159714e-02
1.760297951598962032e-02
1.488560469200213808e-02
1.738741124669710911e-02
1.551185951878627199e-02
1.423961545030275923e-02
1.627347835650046551e-02
1.875653614600499355e-02
1.407670074452956575e-02
1.845631748437881470e-02
1.961993426084518433e-02
1.583779975771903992e-02
2.992070404191811764e-02
1.808047977586587154e-02
1.558789331465959549e-02
1.369932511200507540e-02
1.527757601191600222e-02
1.367555279284715652e-02
1.495784955720106703e-02
1.504162605851888657e-02
1.460965226093927961e-02
1.638497163852055752e-02
1.354776695370674133e-02
1.574578974395990372e-02
1.439356214056412321e-02
1.777803835769494259e-02
1.654855348169803619e-02
1.269530629118283648e-02
2.008145302534103394e-02
1.675482218464215481e-02
1.835587806999683380e-02
1.561320138474305529e-02
1.205596979707479477e-02
1.337897032499313354e-02
1.579420920461416245e-02
1.253695848087469679e-02
1.754358162482579434e-02
1.685159901777903355e-02
1.391361809025208097e-02
1.380421438564856905e-02
1.768091569344202793e-02
1.392661624898513216e-02
1.307887801279624361e-02
1.351832784712314606e-02
1.733598361412684238e-02
1.420881040394306183e-02
1.373316409687201124e-02
1.268791314214468002e-02
1.252274991323550600e-02
1.321922584126392942e-02
1.299400938053925890e-02
1.472602660457293135e-02
2.649797250827153408e-02
2.217298125227292263e-02
2.767822208503882206e-02
1.851426810026168823e-02
1.503322739154100418e-02
1.379229469845692259e-02
1.442130779226621050e-02
1.400559488683938980e-02
1.428203005343675613e-02
1.370453182607889175e-02
1.300527900457382202e-02
1.363567169755697250e-02
1.329170819371938705e-02
1.281178308029969591e-02
1.271594688296318054e-02
1.342552372564872164e-02
1.325561664998531342e-02
1.354905466238657576e-02
1.374104525893926620e-02
1.307840552181005478e-02
1.323331488917271238e-02
1.279671117663383484e-02
1.347867120057344437e-02
1.312073785811662674e-02
1.241387892514467239e-02
1.274869932482639891e-02
1.333237687746683699e-02
1.402277313172817230e-02
1.630400462696949757e-02
1.471262456228335756e-02
1.399791799485683441e-02
1.307194183270136457e-02
1.322772478063901323e-02
1.260409411042928696e-02
1.319724259277184862e-02
1.329638374348481554e-02
1.324998711546262163e-02
1.293347279230753523e-02
1.316305529326200485e-02
1.361604128032922745e-02
1.404283723483482939e-02
1.419070332000652891e-02
1.345411905397971529e-02
1.312253344804048538e-02
1.401270243028799635e-02
1.490026588241259199e-02
1.135981641709804535e-02
1.399730797857046127e-02
1.232635136693716049e-02
1.325760098795096022e-02
1.120073969165484053e-02
1.382341949890057188e-02
1.446427684277296066e-02
1.380152131120363813e-02
1.420058993001778978e-02
1.272087916731834412e-02
1.161492057144641876e-02
1.127580739557743073e-02
1.272662108143170732e-02
1.132668120165666002e-02
1.287912266949812513e-02
1.207897160202264786e-02
1.220125456651051897e-02
1.215049314002195936e-02
1.163876398156086546e-02
1.225477084517478943e-02
1.245999522507190704e-02
1.316817384213209152e-02
1.102019722263018232e-02
1.216115243732929230e-02
1.136522895346085173e-02
1.533147847900787931e-02
1.413670554757118225e-02
1.271857259174188036e-02
1.250162813812494278e-02
1.389283780008554459e-02
1.334850490093231201e-02
1.331825988988081556e-02
1.331939113636811632e-02
1.318060327321290970e-02
1.344831970830758471e-02
1.212233615418275255e-02
1.183148597677548784e-02
1.083719544112682343e-02
1.194191941370566744e-02
1.136032864451408386e-02
1.175866431246201139e-02
1.164200467367967028e-02
1.191591564565896988e-02
1.095643546432256699e-02
1.183898715923229795e-02
1.323329440007607084e-02
1.193647210796674150e-02
1.308612897992134094e-02
1.094773380706707579e-02
1.120207427690426451e-02
1.268258069952329058e-02
1.166692934930324554e-02
1.048457808792591095e-02
1.229327761878569979e-02
1.221057182798782927e-02
1.403265446424484253e-02
1.039044434825579268e-02
1.238807880630095858e-02
1.327302865684032440e-02
1.254365003357330900e-02
1.124964995930592161e-02
1.107239909470081329e-02
1.071176212280988693e-02
1.148930502434571642e-02
1.154064697523911852e-02
1.141000290711720842e-02
1.133053780843814272e-02
1.125967968255281448e-02
1.135913096368312836e-02
1.162401555726925474e-02
1.155418095489343065e-02
1.184423671414454836e-02
1.114007085561752319e-02
1.089848795284827608e-02
1.116282679140567780e-02
1.078941641996304136e-02
1.148087903857231140e-02
1.129822991788387299e-02
1.098087740441163439e-02
1.149563553432623488e-02
1.069930009543895721e-02
1.145227750142415422e-02
1.095730252563953400e-02
1.144786179065704346e-02
1.060338690876960754e-02
1.130941354980071444e-02
1.116216896722714048e-02
1.039870207508405107e-02
1.096177318443854708e-02
1.067608781158924103e-02
1.072757566968599897e-02
1.047787784288326841e-02
1.155710499733686447e-02
1.077128760516643524e-02
1.104662536333004576e-02
1.022939787556727785e-02
1.079116606463988680e-02
1.126980533202489275e-02
1.087251647065083128e-02
1.074694221218427080e-02
1.055100808540979963e-02
1.080299510310093504e-02
1.046987033138672453e-02
1.034670136868953705e-02
1.070447235057751280e-02
1.046551639835039717e-02
1.098518632352352142e-02
1.064018780986467939e-02
1.060044082502524000e-02
1.062163431197404861e-02
1.138599061717589754e-02
1.116846688091754913e-02
1.029515390594800371e-02
1.092080057909091372e-02
1.021443245311578173e-02
1.078647809724012953e-02
1.020021550357341766e-02
1.091396932800610918e-02
1.037066119412581068e-02
1.056081149727106094e-02
1.057407073676586151e-02
1.006573283423980135e-02
1.049138884991407394e-02
9.840394059816995678e-03
1.108300127089023590e-02
1.017057740439971346e-02
1.030332315713167191e-02
1.030321295062700850e-02
1.036284212023019791e-02
1.053499244153499603e-02
1.066394398609797102e-02
1.056654565036296844e-02
1.091352539757887465e-02
1.022748773296674150e-02
1.061101475109656710e-02
1.082481785366932493e-02
1.133345874647299391e-02
1.010398690899213213e-02
1.018993618587652784e-02
1.026017498224973679e-02
1.068312829981247526e-02
1.030240875358382803e-02
1.011653461803992647e-02
1.004710048437118530e-02
1.000045333057641983e-02
1.013838499784469604e-02
1.021275017410516739e-02
1.044003386050462723e-02
9.972607096036275806e-03
1.096735925724109072e-02
1.031937698523203474e-02
1.089931465685367584e-02
1.011590752750635147e-02
1.040945046891768831e-02
9.800708542267480908e-03
9.640593392153581562e-03
9.857762294510999737e-03
1.036331336945295334e-02
1.069603425761063951e-02
1.060393173247575760e-02
9.645444961885610638e-03
9.573444413642087994e-03
9.811274086435636463e-03
1.008078518013159376e-02
1.011501687268416029e-02
1.022176289310058016e-02
1.026119695355494875e-02
1.028439402580261230e-02
9.735348634421825409e-03
9.763869456946849823e-03
1.028358781089385408e-02
1.035810758670171160e-02
1.002832564214865309e-02
1.039234176278114319e-02
1.009927255411942858e-02
9.907165231804052410e-03
9.784955531358718872e-03
9.772917566200097980e-03
9.667838613192239819e-03
9.997303908069929065e-03
1.012062188237905502e-02
9.791943555076917591e-03
1.006102406730254549e-02
9.915234831472238483e-03
9.588857802251974163e-03
9.653202568491300525e-03
9.703715021411577282e-03
9.783418849110603333e-03
9.620548846820989666e-03
1.012519778062899965e-02
9.985102340579032898e-03
9.986939529577890454e-03
9.978334108988443432e-03
9.838019497692584991e-03
9.940724509457746563e-03
1.014659740030765533e-02
9.571481496095657349e-03
1.009079627692699432e-02
9.775312617421150208e-03
9.837912706037362995e-03
9.819289048512777271e-03
9.789276868104934692e-03
9.287514879057804165e-03
9.713670238852500916e-03
9.798047132790088654e-03
9.867706336081027985e-03
9.827667226394018116e-03
1.007832555721203428e-02
9.323676116764545441e-03
9.869447598854700146e-03
9.678521814445653973e-03
9.808263741433620453e-03
9.376126341521739960e-03
9.840182649592557965e-03
9.462411670635143338e-03
9.910689045985540332e-03
9.784650367995103779e-03
9.768312486509481488e-03
1.024585403501987457e-02
9.567920739452043591e-03
9.781935873130956707e-03
9.531538933515548706e-03
9.903032953540483532e-03
9.902999736368656158e-03
9.747383805612722454e-03
9.600237632791200695e-03
9.660324702660242138e-03
9.821492712944746017e-03
9.605070576071739197e-03
9.618222713470458984e-03
9.501935293277105274e-03
9.224875519673029003e-03
9.911289749046167316e-03
9.926132236917814197e-03
9.556806646287441254e-03
9.674713015556335449e-03
9.365277364850044250e-03
9.827271724740663586e-03
9.467054158449172974e-03
9.570945054292678833e-03
9.679115687807401600e-03
1.013512940456469912e-02
9.600744582712650299e-03
9.300478734076023102e-03
9.667528482774892865e-03
9.899532732864221515e-03
9.516335713366666851e-03
9.515031861762205181e-03
9.504197165369987488e-03
9.548930140833059368e-03
9.303320509692033710e-03
9.595850482583045959e-03
1.013231091201305389e-02
9.897720379134019794e-03
1.043746837725242037e-02
1.030429638922214508e-02
9.441828355193138123e-03
9.568811083833375988e-03
9.764109738171100616e-03
9.698101629813512745e-03
9.342131515343984546e-03
9.883667031923929272e-03
9.346031273404756604e-03
9.365668520331382751e-03
9.343883643547693310e-03
9.587939828634262085e-03
9.921409189701080322e-03
9.595068171620368958e-03
9.339850706358751239e-03
9.447555057704448700e-03
9.677958053847154560e-03
9.611779513458410321e-03
9.494287893176078796e-03
9.506422715882459698e-03
9.476281392077604351e-03
9.226898973186811390e-03
9.557589888572692871e-03
9.572071644167104779e-03
9.542099821070829449e-03
9.799832478165626526e-03
9.566589258611202240e-03
9.197639301419258118e-03
9.396438486874103546e-03
9.407878542939821301e-03
9.729878976941108704e-03
9.494137639800706921e-03
9.395608368019262371e-03
9.697950755556425037e-03
9.409915345410505352e-03
9.376614664991697254e-03
9.305630189677080097e-03
9.496045298874378204e-03
9.390266612172126770e-03
9.543930180370807648e-03
9.318985665837923107e-03
9.263012247780958233e-03
9.566249946753183422e-03
9.385751560330390930e-03
9.299935152133306446e-03
9.124619575838247357e-03
9.807065129280090332e-03
9.478325645128885327e-03
9.301972575485706329e-03
9.400499674181142865e-03
9.398593256870904980e-03
9.502408094704151154e-03
9.287168892721334515e-03
9.293350701530775013e-03
9.357632448275884571e-03
9.637599500517049847e-03
9.259783973296483936e-03
9.408891821901002941e-03
9.504715912044048309e-03
9.547581585745016156e-03
9.391552458206811962e-03
9.331966129442056598e-03
9.371046908199787140e-03
9.314229091008504810e-03
9.615076705813407898e-03
9.424010291695594788e-03
9.668276955684026661e-03
9.395346976816654205e-03
9.635942367215951862e-03
9.566188479463258801e-03
9.707012834648290692e-03
9.672109658519426403e-03
9.409857603410879193e-03
9.398589221139749469e-03
9.192735267182191791e-03
9.395460287729898510e-03
9.740537963807582855e-03
9.122587429980436383e-03
9.465383365750312805e-03
9.363974134127298413e-03
9.458531315128007946e-03
9.119367847839990673e-03
9.464127632478872357e-03
9.364713293810686054e-03
9.613294154405593872e-03
9.587485032776990948e-03
9.341391424338022290e-03
9.363876034816106739e-03
9.152482884625593243e-03
9.254796430468559265e-03
9.235069155693054199e-03
9.287194659312566700e-03
9.409133655329545917e-03
9.206530017157396259e-03
9.518690407276153564e-03
9.256559424102306366e-03
9.519465578099092426e-03
9.410100989043712616e-03
9.596219286322593689e-03
9.399112313985824585e-03
9.265887240568796215e-03
9.238035107652345715e-03
9.192762585977712689e-03
9.293741236130395947e-03
9.426428625981012402e-03
9.071572683751583099e-03
9.273794479668140411e-03
9.323052441080411853e-03
9.183283274372419300e-03
9.047319957365592899e-03
9.171181358397006989e-03
9.179088907937208233e-03
9.529451218744119587e-03
9.417000537117322864e-03
9.362041018903255463e-03
9.449228954811891498e-03
9.037389730413755359e-03
9.288417175412178040e-03
9.472227655351161957e-03
9.204617701470851898e-03
9.399634165068468036e-03
9.544163631896177349e-03
9.245257514218488751e-03
9.323531451324621258e-03
9.417393244802951813e-03
9.283492341637611389e-03
9.161958470940589905e-03
9.130767546594142914e-03
9.128504432737827301e-03
9.474529574314752636e-03
9.211837003628412304e-03
9.306049284835657062e-03
9.392101938525835095e-03
9.233956846098104534e-03
9.564461186528205872e-03
9.334489082296689930e-03
9.194730004916587887e-03
9.182612101236978588e-03
9.550940555830797138e-03
9.328585738937059460e-03
9.388939167062440930e-03
9.243770812948545398e-03
9.324083415170511188e-03
9.099201299250125885e-03
9.353251817325750408e-03
8.921028425296148243e-03
9.137177529434362469e-03
9.743582146863142071e-03
9.338762921591600361e-03
9.304373214642206250e-03
9.358653488258520184e-03
9.131179191172122955e-03
9.422547183930873871e-03
9.046016881863275585e-03
9.012209561963876667e-03
9.156513027846813202e-03
9.334176468352476178e-03
9.819796619315942707e-03
8.926056635876497211e-03
9.395361257096132221e-03
9.147246368229389191e-03
9.398875137170156421e-03
9.355238017936548175e-03
9.288785358270009937e-03
9.346999538441499653e-03
9.524020366370677948e-03
8.992650235692659436e-03
9.561108735700448932e-03
9.346223436295986176e-03
9.396079306801160755e-03
9.215512623389562549e-03
9.275725111365318298e-03
9.361940746506055774e-03
9.049892425537109375e-03
9.184656975169977131e-03
9.322744794189929962e-03
9.252881631255149841e-03
9.482599484423795758e-03
9.439234311381975231e-03
9.301586387058099689e-03
9.618010061482587872e-03
9.410117442409196911e-03
9.082634312411149921e-03
9.214594028890132904e-03
9.057155810296535492e-03
9.151011860618988095e-03
9.089333315690359058e-03
9.344955595831075726e-03
9.315750251213708935e-03
9.048994475354751529e-03
9.138214712341627063e-03
9.124587289988994598e-03
9.318032612403234424e-03
9.373525778452554760e-03
9.340961153308549939e-03
9.386687229077020703e-03
8.830851254363855304e-03
9.168745328982671680e-03
9.396247255305448590e-03
9.150351242472728672e-03
9.069482175012430133e-03
9.073794819414615631e-03
9.266995824873447418e-03
9.184982938071092548e-03
9.109450814624628009e-03
9.208095880846181927e-03
9.400735298792520581e-03
9.270513119796911297e-03
9.297278088827928486e-03
9.006770793348550797e-03
9.187608646849790631e-03
8.985299927492937030e-03
9.055149431029954968e-03
9.303896687924861908e-03
9.384907471636930523e-03
9.124740958213806152e-03
9.111435152590274811e-03
9.125895798206329346e-03
9.372830080489316998e-03
9.318833860258260784e-03
9.355879388749599457e-03
9.263812564313411713e-03
9.207133203744888306e-03
9.361159987747669220e-03
9.275521151721477509e-03
9.399223762253919659e-03
9.411332818369070111e-03
9.385204253097375812e-03
9.500327830513318958e-03
9.317794814705848694e-03
9.206359274685382843e-03
9.415555124481519642e-03
9.237205609679222107e-03
9.405300642053285656e-03
9.136135379473367749e-03
9.163340553641319275e-03
9.073726832866668701e-03
9.110755287110805511e-03
9.130653614799181042e-03
9.150609684487184467e-03
9.178721966842809735e-03
9.325485055645307483e-03
9.201854777832826557e-03
9.266002414127191486e-03
9.409463343520959797e-03
9.381067007780075073e-03
9.259043882290521679e-03
9.073206223547458649e-03
9.253192692995071411e-03
9.243679853777090130e-03
9.136896270016828595e-03
9.107722900807857513e-03
9.053612593561410904e-03
9.115308212737241803e-03
9.191304134825864849e-03
9.393991592029729901e-03
9.399282435576120434e-03
9.142677920560041485e-03
9.215581851700941143e-03
9.255186344186464367e-03
8.952684700489044189e-03
9.131629951298236847e-03
9.525201283395290375e-03
9.115479886531829834e-03
9.175285696983337402e-03
9.295297165711721363e-03
9.258035880823930683e-03
9.237755710879961071e-03
9.086279198527336121e-03
8.922856301069259644e-03
9.176906508704027118e-03
9.721757223208745899e-03
9.354402311146259308e-03
9.305325336754322052e-03
9.244426464041074695e-03
9.186534831921258984e-03
8.994339654843011914e-03
9.133107649783292828e-03
9.326185099780559540e-03
9.249904813865819989e-03
9.270388322571912823e-03
9.131898793081441937e-03
9.299995377659797668e-03
9.481757879257202148e-03
9.363014250993728638e-03
9.185161441564559937e-03
9.132865816354751587e-03
9.352710408469041767e-03
9.246130473911762238e-03
9.199003688991069794e-03
9.186807088553905487e-03
9.235993648568788586e-03
9.605540273090204181e-03
9.072633149723211346e-03
9.252280307312807026e-03
9.465926947693029461e-03
9.310216022034486713e-03
9.484349439541498242e-03
9.436813804010549603e-03
9.428921466072400989e-03
9.270374973615011158e-03
9.096453276773294391e-03
9.535380639135837555e-03
9.453145166238149585e-03
9.229427824417749462e-03
9.004664296905199108e-03
9.279580165942510547e-03
9.205617010593414307e-03
9.445179874698320446e-03
9.129095822572708130e-03
8.958148925254741726e-03
9.390208870172500610e-03
9.091706636051336346e-03
8.972003590315580368e-03
9.395869759221872272e-03
9.439313163359960498e-03
9.178284555673599243e-03
9.172470619281133594e-03
9.260051573316255627e-03
9.150357916951179504e-03
9.091182301441827832e-03
9.321081762512525501e-03
9.174108194808164654e-03
9.298884620269140186e-03
9.059731848537921906e-03
9.325734029213586865e-03
9.518682025372982025e-03
9.165975265204906464e-03
9.282850970824560108e-03
9.235777581731477795e-03
9.253974693516889630e-03
9.171679926415285053e-03
9.166589317222436847e-03
9.027647630621990146e-03
9.077780259152254047e-03
8.924969006329774857e-03
9.162516643603643360e-03
9.281528182327747345e-03
9.184636486073335590e-03
9.375755054255327167e-03
9.094062882165113507e-03
9.260992209116617260e-03
9.023350508262714328e-03
9.267942669490972576e-03
9.311386694510778370e-03
9.174593724310398102e-03
9.132524020969867706e-03
9.407899342477321625e-03
9.303318957487741528e-03
9.396869689226150513e-03
9.322280374666055622e-03
9.129993307093778668e-03
9.022907353937625885e-03
9.141257653633752880e-03
9.404947981238365173e-03
9.261055539051691113e-03
9.258834024270376148e-03
9.163946223755678119e-03
9.298419269422689495e-03
9.183963450292745648e-03
9.260901249945163727e-03
9.246147858599821148e-03
9.235538542270660400e-03
9.315000846982002258e-03
9.216777980327606201e-03
9.202741086483001709e-03
9.291972344120344104e-03
8.984729958077272358e-03
9.126043257613977375e-03
9.103415533900260925e-03
9.301195852458477020e-03
9.138932141164938031e-03
9.124379294613996563e-03
9.013247055311998310e-03
9.193468218048414173e-03
9.242364205420017242e-03
9.259491227567195892e-03
9.352486270169416485e-03
9.107224022348722400e-03
9.145409489671388684e-03
9.288593195378780365e-03
9.047658493121465625e-03
9.126962162554264069e-03
9.144188836216926575e-03
9.226013595859209118e-03
9.129793383181095123e-03
9.445321435729661999e-03
9.382022855182489338e-03
9.355197039743265094e-03
9.381577993432680188e-03
9.175851009786128998e-03
9.413376140097776471e-03
9.454515141745408954e-03
9.355787498255571308e-03
9.140100019673505841e-03
9.290210902690887451e-03
9.127152462800344410e-03
9.047535558541616382e-03
9.217750591536363544e-03
9.234494529664516449e-03
9.012611272434392987e-03
8.949458754311004696e-03
9.291940368711948395e-03
8.978061998883882580e-03
9.057813324034214020e-03
9.137757432957490863e-03
9.392857241133848248e-03
9.079165446261564312e-03
9.189942541221777020e-03
9.102777577936649323e-03
9.374553337693214417e-03
9.152567634979883252e-03
9.160916631420453968e-03
9.449539085229238453e-03
9.197833016514778137e-03
9.374512359499931335e-03
9.366980753839015961e-03
9.175527530411878643e-03
9.009277603278556881e-03
9.207261415819326458e-03
9.318888497849306049e-03
9.198535233736038208e-03
9.345088774959245739e-03
9.374015033245086670e-03
9.063958500822385730e-03
9.222359086076417981e-03
9.276241374512514057e-03
8.993602357804775238e-03
9.354101493954658508e-03
9.123197135825952472e-03
9.359627341230710926e-03
9.115783808132013263e-03
9.205386042594909668e-03
9.418548705677190838e-03
9.023155396183332386e-03
9.230136560897031842e-03
9.307043316463628826e-03
9.275666748483976307e-03
9.161403092245260296e-03
9.258682839572429657e-03
9.418417078753313007e-03
9.055032394826412201e-03
9.182892429331937847e-03
9.082046026984849987e-03
9.233895068367322864e-03
9.149259577194849072e-03
9.149448635677496014e-03
9.308986986676851330e-03
9.024310857057571411e-03
9.143829345703125000e-03
9.172806205848852215e-03
9.162751647333303509e-03
9.361661039292812347e-03
9.399211034178733826e-03
9.102636016905307770e-03
9.335342173775037708e-03
9.079861144224802075e-03
9.500906492273012219e-03
9.167132278283437671e-03
9.291445836424827576e-03
9.309848149617513599e-03
9.257696568965911865e-03
9.321609201530614910e-03
8.920323879768451633e-03
9.265185333788394928e-03
9.047526866197586060e-03
9.204363139967123089e-03
9.424805330733457623e-03
9.199116379022598267e-03
9.099797656138738575e-03
9.278235336144765796e-03
9.280000813305377960e-03
9.065350517630577087e-03
9.076684402922788678e-03
9.100799138347307263e-03
9.136863363285860004e-03
9.294964062670866070e-03
9.225710605581602039e-03
9.040572990973791065e-03
9.004247219612201633e-03
9.316927442948022900e-03
9.067680686712265015e-03
9.380757808685302734e-03
9.443874160448709545e-03
9.180413869520029010e-03
9.060749473671117840e-03
9.186142124235630035e-03
9.062465901176134167e-03
9.118552319705486298e-03
9.052420966327190399e-03
9.007227917512258472e-03
9.130191368361314716e-03
9.147042408585548401e-03
9.305927902460098267e-03
9.128796557585397778e-03
9.334351556996503887e-03
9.474246762692928314e-03
9.106574269632497845e-03
9.032427954177061138e-03
9.240627288818359375e-03
9.216767114897569599e-03
9.229792592426141681e-03
9.172664334376653614e-03
9.159734472632408142e-03
9.079847174386182843e-03
