1.084237113595008850e+00
7.764869779348373413e-01
6.451149582862854004e-01
5.770860016345977783e-01
4.767939969897270203e-01
4.112441986799240112e-01
3.423724472522735596e-01
2.868429794907569885e-01
2.282052636146545410e-01
1.934978030622005463e-01
1.923723593354225159e-01
1.733836140483617783e-01
1.679380703717470169e-01
1.331276986747980118e-01
1.556549202650785446e-01
1.247707176953554153e-01
8.929838426411151886e-02
9.465711750090122223e-02
6.229774001985788345e-02
5.011202488094568253e-02
4.297622758895158768e-02
3.712854767218232155e-02
4.191937157884240150e-02
4.083869000896811485e-02
3.296267939731478691e-02
3.329718066379427910e-02
4.942846111953258514e-02
3.789392299950122833e-02
3.926673252135515213e-02
3.793813148513436317e-02
3.812951268628239632e-02
3.237324953079223633e-02
4.409599909558892250e-02
4.292917530983686447e-02
3.934945492073893547e-02
2.902543917298316956e-02
2.698361128568649292e-02
3.464711364358663559e-02
3.982493933290243149e-02
6.090334057807922363e-02
1.438986789435148239e-01
1.130742351524531841e-01
1.039615366607904434e-01
2.020408604294061661e-01
1.147336680442094803e-01
2.538635618984699249e-01
1.113779954612255096e-01
8.489555120468139648e-02
7.854242157191038132e-02
7.509276457130908966e-02
9.671318158507347107e-02
5.157312564551830292e-02
5.398268345743417740e-02
3.902484336867928505e-02
3.632174199447035789e-02
4.070977121591567993e-02
3.646269440650939941e-02
2.192302932962775230e-02
2.649238938465714455e-02
3.408078989014029503e-02
3.412918560206890106e-02
7.999134715646505356e-02
5.879567842930555344e-02
4.707414982840418816e-02
5.344407679513096809e-02
1.338099660351872444e-01
3.768780175596475601e-02
3.950002603232860565e-02
3.253730479627847672e-02
3.082961216568946838e-02
2.403957350179553032e-02
3.101947763934731483e-02
4.138283664360642433e-02
4.114995850250124931e-02
4.478884255513548851e-02
5.067384988069534302e-02
4.905872046947479248e-02
3.626047028228640556e-02
2.981534088030457497e-02
3.101106686517596245e-02
3.539469651877880096e-02
3.948563477024435997e-02
4.489642567932605743e-02
2.965839859098196030e-02
3.227061778306961060e-02
3.024980146437883377e-02
4.651027638465166092e-02
5.220023356378078461e-02
3.925761766731739044e-02
3.339424030855298042e-02
2.725443663075566292e-02
3.523471625521779060e-02
3.071092022582888603e-02
5.015321634709835052e-02
7.816703664138913155e-02
5.403321655467152596e-02
5.507156066596508026e-02
5.842844396829605103e-02
4.454160621389746666e-02
3.137537464499473572e-02
2.138023357838392258e-02
2.708060597069561481e-02
2.493041800335049629e-02
2.600178169086575508e-02
1.943652983754873276e-02
2.242728881537914276e-02
1.842279406264424324e-02
2.954307338222861290e-02
3.640834079124033451e-02
1.677622110582888126e-02
1.659410796128213406e-02
1.874998142011463642e-02
1.681780233047902584e-02
2.119929902255535126e-02
1.772075169719755650e-02
1.718100975267589092e-02
1.676746387965977192e-02
2.612980850972235203e-02
2.647934784181416035e-02
2.449111850000917912e-02
1.952964137308299541e-02
3.177581075578927994e-02
2.131187100894749165e-02
2.783605433069169521e-02
3.712535044178366661e-02
2.450713654980063438e-02
2.438511536456644535e-02
1.948981964960694313e-02
1.992448908276855946e-02
2.487295959144830704e-02
2.950334129855036736e-02
2.858437597751617432e-02
2.219133265316486359e-02
2.998217497952282429e-02
3.235047822818160057e-02
3.754242975264787674e-02
2.749836165457963943e-02
3.139708377420902252e-02
3.172402502968907356e-02
4.373844526708126068e-02
2.826520102098584175e-02
1.763536874204874039e-02
2.222857880406081676e-02
2.002465492114424706e-02
1.984656322747468948e-02
1.540588436182588339e-02
1.880770036950707436e-02
1.537521579302847385e-02
1.076124445535242558e-02
1.392215350642800331e-02
1.203283108770847321e-02
1.196234929375350475e-02
1.450360380113124847e-02
1.032116042915731668e-02
1.665878796484321356e-02
1.065105362795293331e-02
2.118280157446861267e-02
1.702292729169130325e-02
1.723929587751626968e-02
3.010570141486823559e-02
2.189787873066961765e-02
8.334008790552616119e-02
4.948521265760064125e-02
2.927449764683842659e-02
3.796577639877796173e-02
2.767161140218377113e-02
3.202109178528189659e-02
2.645905665121972561e-02
2.135044848546385765e-02
2.317390195094048977e-02
1.804986572824418545e-02
1.905869785696268082e-02
2.317222743295133114e-02
3.085432806983590126e-02
2.394671505317091942e-02
1.824958249926567078e-02
1.528478180989623070e-02
1.017453789245337248e-02
1.119397324509918690e-02
1.586274872533977032e-02
1.464605866931378841e-02
1.231513405218720436e-02
1.427064463496208191e-02
1.771733700297772884e-02
2.482937229797244072e-02
2.261192095465958118e-02
1.691523194313049316e-02
1.550829713232815266e-02
1.245230180211365223e-02
1.320376759395003319e-02
1.544635649770498276e-02
1.536084827966988087e-02
1.826475327834486961e-02
2.892170194536447525e-02
2.892159787006676197e-02
2.728171227499842644e-02
3.004181897267699242e-02
3.503656899556517601e-02
6.136196851730346680e-02
3.493875591084361076e-02
2.144007454626262188e-02
2.747826557606458664e-02
2.015496860258281231e-02
2.035895246081054211e-02
1.650576828978955746e-02
1.242583245038986206e-02
1.064835069701075554e-02
9.395619388669729233e-03
1.092969637829810381e-02
1.136429701000452042e-02
1.542806043289601803e-02
1.393144554458558559e-02
1.361919043119996786e-02
9.783383924514055252e-03
7.232408272102475166e-03
5.955108324997127056e-03
5.767469061538577080e-03
6.704727536998689175e-03
7.447748561389744282e-03
7.246156339533627033e-03
8.245903765782713890e-03
8.062001550570130348e-03
8.660189923830330372e-03
8.267635363154113293e-03
1.062012824695557356e-02
7.541934261098504066e-03
1.219445548485964537e-02
8.284581475891172886e-03
8.939504739828407764e-03
8.175737049896270037e-03
9.150854428298771381e-03
5.802319559734314680e-03
6.528621423058211803e-03
5.265184154268354177e-03
7.512371405027806759e-03
5.618447030428797007e-03
6.402566679753363132e-03
5.531456670723855495e-03
7.739549269899725914e-03
9.651290718466043472e-03
8.323491318151354790e-03
7.963058655150234699e-03
6.862604524940252304e-03
8.012998732738196850e-03
7.440336863510310650e-03
6.591642857529222965e-03
6.416577496565878391e-03
1.044724334497004747e-02
1.191105623729526997e-02
1.255852321628481150e-02
1.857537217438220978e-02
1.461277692578732967e-02
3.109781024977564812e-02
2.189648489002138376e-02
1.906304527074098587e-02
2.044064295478165150e-02
1.629818195942789316e-02
7.830227143131196499e-03
9.932868066243827343e-03
6.596264895051717758e-03
7.667393190786242485e-03
7.623306824825704098e-03
7.948949933052062988e-03
7.089474122039973736e-03
7.662129472009837627e-03
8.982223225757479668e-03
1.522732502780854702e-02
1.541087275836616755e-02
1.272212550975382328e-02
1.290336321108043194e-02
1.482407515868544579e-02
1.568577170837670565e-02
1.424872339703142643e-02
9.687679470516741276e-03
1.035734079778194427e-02
9.690571110695600510e-03
6.353698787279427052e-03
9.478057501837611198e-03
7.916621048934757710e-03
8.641472551971673965e-03
7.313064648769795895e-03
8.417504141107201576e-03
8.378315018489956856e-03
9.443521965295076370e-03
7.435068953782320023e-03
7.590133231133222580e-03
6.808917736634612083e-03
8.707938832230865955e-03
5.244324915111064911e-03
4.927357600536197424e-03
4.858590604271739721e-03
5.967460805550217628e-03
5.192884360440075397e-03
5.547123553697019815e-03
6.202202173881232738e-03
5.859327036887407303e-03
9.105531382374465466e-03
5.984212970361113548e-03
1.000256557017564774e-02
9.404997224919497967e-03
6.677874771412461996e-03
6.640365289058536291e-03
6.124059378635138273e-03
6.656627869233489037e-03
7.121530710719525814e-03
6.156666669994592667e-03
3.947302000597119331e-03
6.078316073399037123e-03
7.418322260491549969e-03
6.641933927312493324e-03
4.976480384357273579e-03
5.820434656925499439e-03
6.222468335181474686e-03
5.585953942500054836e-03
6.395227625034749508e-03
6.047050701454281807e-03
3.595864691305905581e-03
3.875144058838486671e-03
3.595565387513488531e-03
4.424039565492421389e-03
5.023714387789368629e-03
6.302196998149156570e-03
6.464202771894633770e-03
4.464558500330895185e-03
4.248934972565621138e-03
5.056878027971833944e-03
5.374604254029691219e-03
4.654404183384031057e-03
4.211459483485668898e-03
5.600183911155909300e-03
6.356029363814741373e-03
8.216203073970973492e-03
8.490727515891194344e-03
1.524776651058346033e-02
9.530274837743490934e-03
7.465467555448412895e-03
6.777009577490389347e-03
6.851527257822453976e-03
7.214584678877145052e-03
5.143175134435296059e-03
7.229646202176809311e-03
6.566860014572739601e-03
5.509001144673675299e-03
4.409245972055941820e-03
3.562449419405311346e-03
3.850329085253179073e-03
4.411736794281750917e-03
4.727676976472139359e-03
4.197040339931845665e-03
3.923033073078840971e-03
4.800529859494417906e-03
3.935601329430937767e-03
4.513552237767726183e-03
5.160724802408367395e-03
4.208294907584786415e-03
4.949378140736371279e-03
3.701788955368101597e-03
4.217955633066594601e-03
4.495631786994636059e-03
4.510060127358883619e-03
5.560754332691431046e-03
5.955565487965941429e-03
5.731675599236041307e-03
5.487564892973750830e-03
7.432354614138603210e-03
8.792998269200325012e-03
9.850762668065726757e-03
1.228460343554615974e-02
8.416965370997786522e-03
5.786773399449884892e-03
4.652682400774210691e-03
6.227439269423484802e-03
7.976326625794172287e-03
7.262147904839366674e-03
5.304514430463314056e-03
5.697953165508806705e-03
7.307610125280916691e-03
1.095001108478754759e-02
5.858665448613464832e-03
5.303033860400319099e-03
5.395475076511502266e-03
4.280684050172567368e-03
4.520339483860880136e-03
3.524363681208342314e-03
6.976824137382209301e-03
5.495505523867905140e-03
3.407310752663761377e-03
3.416428400669246912e-03
3.272920497693121433e-03
3.165931324474513531e-03
3.643596020992845297e-03
3.831526031717658043e-03
3.487870271783322096e-03
3.775541379582136869e-03
3.977460728492587805e-03
3.939030575565993786e-03
3.394546802155673504e-03
3.589895612094551325e-03
3.458246472291648388e-03
4.497500543948262930e-03
3.064335731323808432e-03
3.063169308006763458e-03
2.793438266962766647e-03
2.770475519355386496e-03
2.771001774817705154e-03
2.873245044611394405e-03
3.622111049480736256e-03
4.661075829062610865e-03
4.314728605095297098e-03
3.451925120316445827e-03
4.033337929286062717e-03
3.276099916547536850e-03
3.323398123029619455e-03
3.957256849389523268e-03
3.605452773626893759e-03
2.860822831280529499e-03
2.919741556979715824e-03
2.645447617396712303e-03
2.932194620370864868e-03
2.748098573647439480e-03
2.707277948502451181e-03
2.742966811638325453e-03
2.515193831641227007e-03
2.709373307880014181e-03
2.867496223188936710e-03
2.733169414568692446e-03
2.876537735573947430e-03
3.283922502305358648e-03
3.479862294625490904e-03
3.515589778544381261e-03
3.472070093266665936e-03
4.008998279459774494e-03
3.943973744753748178e-03
3.573674766812473536e-03
3.134618280455470085e-03
2.895090816309675574e-03
2.839115448296070099e-03
2.507289987988770008e-03
2.706721425056457520e-03
2.891600306611508131e-03
2.835459948983043432e-03
2.765004639513790607e-03
2.724058460444211960e-03
2.606663183541968465e-03
2.459540555719286203e-03
2.452224609442055225e-03
2.542268077377229929e-03
2.624704735353589058e-03
2.542363887187093496e-03
2.670776098966598511e-03
2.601335756480693817e-03
2.630155941005796194e-03
2.491302206180989742e-03
2.679154422366991639e-03
2.667636552359908819e-03
2.790066529996693134e-03
2.736535738222301006e-03
2.895848476327955723e-03
2.898649021517485380e-03
2.900791238062083721e-03
3.217056219000369310e-03
2.924823376815766096e-03
3.141009248793125153e-03
2.994031878188252449e-03
3.176810161676257849e-03
3.005237085744738579e-03
3.100733330938965082e-03
2.807167533319443464e-03
3.369713609572499990e-03
2.587796741863712668e-03
2.456754853483289480e-03
2.438232157146558166e-03
2.627490321174263954e-03
2.410073589999228716e-03
2.598384540760889649e-03
2.551029785536229610e-03
2.577829232905060053e-03
2.519030997063964605e-03
2.770100836642086506e-03
2.736901456955820322e-03
2.636044286191463470e-03
2.686933381482958794e-03
2.761825686320662498e-03
2.932574832811951637e-03
2.921041916124522686e-03
3.001840086653828621e-03
2.647467714268714190e-03
2.985796454595401883e-03
2.608071255963295698e-03
2.452006126986816525e-03
2.554329985287040472e-03
2.631084353197365999e-03
2.578986866865307093e-03
2.445968682877719402e-03
3.187538590282201767e-03
2.350937254959717393e-03
2.374161704210564494e-03
2.314037119504064322e-03
2.427382947644218802e-03
2.884506597183644772e-03
2.574645215645432472e-03
2.606539987027645111e-03
2.817492641042917967e-03
2.610355091746896505e-03
2.435168775264173746e-03
2.366121567320078611e-03
2.308143506525084376e-03
2.350964787183329463e-03
2.503015217371284962e-03
2.347701200051233172e-03
2.506861375877633691e-03
2.460243063978850842e-03
2.542531176004558802e-03
2.676244126632809639e-03
2.621566411107778549e-03
2.614175697090104222e-03
2.612757030874490738e-03
2.656942349858582020e-03
2.720841061091050506e-03
2.813365979818627238e-03
2.357383666094392538e-03
2.525285177398473024e-03
2.327788650291040540e-03
2.348913927562534809e-03
2.508615725673735142e-03
2.511581551516428590e-03
2.408116852166131139e-03
2.613700053188949823e-03
3.427136922255158424e-03
3.818521159701049328e-03
3.019599826075136662e-03
3.104057163000106812e-03
3.076389199122786522e-03
2.668893663212656975e-03
2.516842418117448688e-03
2.722971577895805240e-03
2.804897783789783716e-03
2.444264770019799471e-03
2.226452750619500875e-03
2.308617113158106804e-03
2.248508651973679662e-03
2.321892592590302229e-03
2.750070765614509583e-03
2.520404465030878782e-03
2.572991186752915382e-03
2.426278573693707585e-03
2.389267494436353445e-03
2.375273441430181265e-03
2.493628096999600530e-03
2.283116336911916733e-03
2.367163717281073332e-03
2.342320978641510010e-03
2.181021904107183218e-03
2.241863490780815482e-03
2.362453553359955549e-03
2.611512783914804459e-03
2.358272293349727988e-03
2.359010919462889433e-03
2.358305617235600948e-03
2.234155457699671388e-03
2.399962948402389884e-03
2.520614245440810919e-03
2.373541065026074648e-03
2.291523007443174720e-03
2.272043639095500112e-03
2.314894343726336956e-03
2.166499034501612186e-03
2.186823519878089428e-03
2.256903098896145821e-03
2.148478117305785418e-03
2.116716961609199643e-03
2.068946603685617447e-03
2.107158536091446877e-03
2.109803346684202552e-03
2.086774038616567850e-03
2.098758413922041655e-03
2.105660154484212399e-03
2.155795897124335170e-03
2.171576023101806641e-03
2.534890227252617478e-03
2.452185319270938635e-03
2.342368767131119967e-03
2.467587357386946678e-03
2.418865275103598833e-03
2.222280279966071248e-03
2.376469114096835256e-03
2.302545733982697129e-03
2.345484535908326507e-03
2.247698372229933739e-03
2.285776252392679453e-03
2.440126088913530111e-03
2.555921557359397411e-03
2.541737892897799611e-03
2.233236213214695454e-03
2.277592051541432738e-03
2.187771635362878442e-03
2.383560262387618423e-03
2.156409638701006770e-03
2.110658155288547277e-03
2.135730814188718796e-03
2.058001613477244973e-03
2.031543728662654757e-03
2.056270343018695712e-03
2.131636341800913215e-03
2.085744927171617746e-03
2.097389136906713247e-03
2.131380839273333549e-03
2.106193976942449808e-03
2.164136967621743679e-03
2.086678199702873826e-03
2.042850741418078542e-03
2.051154704531654716e-03
2.146528451703488827e-03
2.137607632903382182e-03
2.110413217451423407e-03
2.131315472070127726e-03
2.171177795389667153e-03
2.189290826208889484e-03
2.316927624633535743e-03
2.583652763860300183e-03
2.383836079388856888e-03
2.422984223812818527e-03
2.415316499536857009e-03
2.350332972127944231e-03
2.249855315312743187e-03
2.228524826932698488e-03
2.067806082777678967e-03
2.046065230388194323e-03
2.100218494888395071e-03
2.139521995559334755e-03
2.112096321070566773e-03
2.105819206917658448e-03
2.041466737864539027e-03
2.156683622160926461e-03
2.223980351118370891e-03
2.199791400926187634e-03
2.133081405190750957e-03
2.186717407312244177e-03
2.242414717329666018e-03
2.283157751662656665e-03
2.244789822725579143e-03
2.182722295401617885e-03
2.172386739403009415e-03
2.262000780319795012e-03
2.300789114087820053e-03
2.293672441737726331e-03
2.216332155512645841e-03
2.218511013779789209e-03
2.235571912024170160e-03
2.108278655214235187e-03
2.109801076585426927e-03
2.061497245449572802e-03
2.060813130810856819e-03
2.054055454209446907e-03
2.062168088741600513e-03
1.995155820623040199e-03
1.984826318221166730e-03
1.984136179089546204e-03
1.982208574190735817e-03
1.991224737139418721e-03
1.986582967219874263e-03
2.038909820839762688e-03
2.073957817628979683e-03
2.134356094757094979e-03
2.159996744012460113e-03
2.112433081492781639e-03
2.050994284218177199e-03
2.060574886854737997e-03
2.000093838432803750e-03
1.997254265006631613e-03
1.976281084353104234e-03
1.977269916096702218e-03
1.965920731890946627e-03
1.988219039048999548e-03
1.989191398024559021e-03
2.025081892497837543e-03
2.028429385973140597e-03
2.017741644522175193e-03
2.053809235803782940e-03
2.053555421298369765e-03
2.122458041412755847e-03
2.116584131726995111e-03
2.092171984259039164e-03
2.027104346780106425e-03
2.005210379138588905e-03
1.997337298234924674e-03
1.970108045497909188e-03
1.977288105990737677e-03
1.981471810722723603e-03
1.988163916394114494e-03
1.943919574841856956e-03
1.968554744962602854e-03
1.987576979445293546e-03
1.984925096621736884e-03
2.009134594118222594e-03
1.982550398679450154e-03
2.001343120355159044e-03
1.953156141098588705e-03
1.963273331057280302e-03
1.977892563445493579e-03
1.972246798686683178e-03
1.951637415913864970e-03
1.956997555680572987e-03
1.952692226041108370e-03
1.945585478097200394e-03
1.939493697136640549e-03
1.933587627718225121e-03
1.934247469762340188e-03
1.926091994391754270e-03
1.932805636897683144e-03
1.924566488014534116e-03
1.924443000461906195e-03
1.925746328197419643e-03
1.929205289343371987e-03
1.938086352311074734e-03
1.972376921912655234e-03
1.990261138416826725e-03
2.011687320191413164e-03
2.008056122576817870e-03
2.000877779209986329e-03
1.960383029654622078e-03
1.943818962899968028e-03
1.937757420819252729e-03
1.941056136274710298e-03
1.954306586412712932e-03
1.943249575560912490e-03
1.935082749696448445e-03
1.942021743161603808e-03
1.940476271556690335e-03
1.932803279487416148e-03
1.923969743074849248e-03
1.920781418448314071e-03
1.925173972267657518e-03
1.928347221110016108e-03
1.920348120620474219e-03
1.921626855619251728e-03
1.917910965858027339e-03
1.916679146233946085e-03
1.911799190565943718e-03
1.912387524498626590e-03
1.916239270940423012e-03
1.918981812195852399e-03
1.909499464090913534e-03
1.911069091875106096e-03
1.906838966533541679e-03
1.912589941639453173e-03
1.910504885017871857e-03
1.909839193103834987e-03
1.908052188809961081e-03
1.906280376715585589e-03
1.904693403048440814e-03
1.906603400129824877e-03
1.903288008179515600e-03
1.908332080347463489e-03
1.903268421301618218e-03
1.903221826069056988e-03
1.903237949591130018e-03
1.910861959913745522e-03
1.909414189867675304e-03
1.903293741634115577e-03
1.901589770568534732e-03
1.902566727949306369e-03
1.902058371342718601e-03
1.900306320749223232e-03
1.899538910947740078e-03
1.898714283015578985e-03
1.896245637908577919e-03
1.896575122373178601e-03
1.895291177788749337e-03
1.894938119221478701e-03
1.895749301183968782e-03
1.897818670840933919e-03
1.895708468509837985e-03
1.894333545351400971e-03
1.893792912596836686e-03
1.908686099341139197e-03
1.903578318888321519e-03
1.897362410090863705e-03
1.893313048640266061e-03
1.894025946967303753e-03
1.893620006740093231e-03
1.900015020510181785e-03
1.926358207128942013e-03
1.925934804603457451e-03
1.911431143525987864e-03
1.915543369250372052e-03
1.915914122946560383e-03
1.902635296573862433e-03
1.906665216665714979e-03
1.907792029669508338e-03
1.898608374176546931e-03
1.893033972010016441e-03
1.886223151814192533e-03
1.893513282993808389e-03
1.887780992547050118e-03
1.885596633655950427e-03
1.880918862298130989e-03
1.890324463602155447e-03
1.885945850517600775e-03
1.883393939351662993e-03
1.879226649180054665e-03
1.880914118373766541e-03
1.879496820038184524e-03
1.884526835056021810e-03
1.884340716060250998e-03
1.887423772132024169e-03
1.887653168523684144e-03
1.877726987004280090e-03
1.880254043499007821e-03
1.882139855297282338e-03
1.876210269983857870e-03
1.877164933830499649e-03
1.878764334833249450e-03
1.879810588434338570e-03
1.876724942121654749e-03
1.878842915175482631e-03
1.880012889159843326e-03
1.879664778243750334e-03
1.879481686046347022e-03
1.874711277196183801e-03
1.877942733699455857e-03
1.872984546935185790e-03
1.873962726676836610e-03
1.873377856099978089e-03
1.874450652394443750e-03
1.870827865786850452e-03
1.871641521574929357e-03
1.871375221526250243e-03
1.871631917310878634e-03
1.869993691798299551e-03
1.869366795290261507e-03
1.870507927378639579e-03
1.869451894890516996e-03
1.872785447631031275e-03
1.869781786808744073e-03
1.872785564046353102e-03
1.868614752311259508e-03
1.870450621936470270e-03
1.868072926299646497e-03
1.870828535174950957e-03
1.870814186986535788e-03
1.874989655334502459e-03
1.871876127552241087e-03
1.871547981863841414e-03
1.867715734988451004e-03
1.867515355115756392e-03
1.866385398898273706e-03
1.868122344603762031e-03
1.868630090029910207e-03
1.868829218437895179e-03
1.866064063506200910e-03
1.867089507868513465e-03
1.865777943748980761e-03
1.868345367256551981e-03
1.865234546130523086e-03
1.868977706180885434e-03
1.871705258963629603e-03
1.871431712061166763e-03
1.870608568424358964e-03
1.869616913609206676e-03
1.875521265901625156e-03
1.874667301308363676e-03
1.867537241196259856e-03
1.867467130068689585e-03
1.863317447714507580e-03
1.864837773609906435e-03
1.862667268142104149e-03
1.862506178440526128e-03
1.864961552200838923e-03
1.866162376245483756e-03
1.863273995695635676e-03
1.861678814748302102e-03
1.860330696217715740e-03
1.865450351033359766e-03
1.862815435742959380e-03
1.860711810877546668e-03
1.858139643445611000e-03
1.859846204752102494e-03
1.858150964835658669e-03
1.856623421190306544e-03
1.856638991739600897e-03
1.858168834587559104e-03
1.855659997090697289e-03
1.855852286098524928e-03
1.855786656960844994e-03
1.856012764619663358e-03
1.854154805187135935e-03
1.857611350715160370e-03
1.853191875852644444e-03
1.854699687100946903e-03
1.856563641922548413e-03
1.861895347246900201e-03
1.856899878475815058e-03
1.861081749666482210e-03
1.855521841207519174e-03
1.854829752119258046e-03
1.854495872976258397e-03
1.852149725891649723e-03
1.853777241194620728e-03
1.852699904702603817e-03
1.850041066063567996e-03
1.850618631578981876e-03
1.851368549978360534e-03
1.849143038270995021e-03
1.848808751674368978e-03
1.849189458880573511e-03
1.849657215643674135e-03
1.850136119173839688e-03
1.849229243816807866e-03
1.848019368480890989e-03
1.847934443503618240e-03
1.847723062383010983e-03
1.848512096330523491e-03
1.847476058173924685e-03
1.847741077654063702e-03
1.846701168688014150e-03
1.847293606260791421e-03
1.847335748607292771e-03
1.846989383921027184e-03
1.846091268816962838e-03
1.846682192990556359e-03
1.846281462348997593e-03
1.845877792220562696e-03
1.845497172325849533e-03
1.845683669671416283e-03
1.845601625973358750e-03
1.845761784352362156e-03
1.845096878241747618e-03
1.845216116635128856e-03
1.845149206928908825e-03
1.844638434704393148e-03
1.844139042077586055e-03
1.844683138187974691e-03
1.844090089434757829e-03
1.843660633312538266e-03
1.843850186560302973e-03
1.843836857005953789e-03
1.844280486693605781e-03
1.843153499066829681e-03
1.842817233409732580e-03
1.843095786171033978e-03
1.842997677158564329e-03
1.844115904532372952e-03
1.842321653384715319e-03
1.842739147832617164e-03
1.842713681980967522e-03
1.843525096774101257e-03
1.841940451413393021e-03
1.843787526013329625e-03
1.842215511715039611e-03
1.843274105340242386e-03
1.842123107053339481e-03
1.842150522861629725e-03
1.840976445237174630e-03
1.841203280491754413e-03
1.840557757532224059e-03
1.841569930547848344e-03
1.840318873291835189e-03
1.840449229348450899e-03
1.842256868258118629e-03
1.841283810790628195e-03
1.841743942350149155e-03
1.839736622059717774e-03
1.840879209339618683e-03
1.839997567003592849e-03
1.839727541664615273e-03
1.839455333538353443e-03
1.839166478021070361e-03
1.838057418353855610e-03
1.838716387283056974e-03
1.839201431721448898e-03
1.838948344811797142e-03
1.838010299252346158e-03
1.842943631345406175e-03
1.837379473727196455e-03
1.841558667365461588e-03
1.837231859099119902e-03
1.838001422584056854e-03
1.837407180573791265e-03
1.838136056903749704e-03
1.837119896663352847e-03
1.836920651840046048e-03
1.836646144511178136e-03
1.836249110056087375e-03
1.836401264881715178e-03
1.836073060985654593e-03
1.835948234656825662e-03
1.835076807765290141e-03
1.837393967434763908e-03
1.835991890402510762e-03
1.837805000832304358e-03
1.837477233493700624e-03
1.834043447161093354e-03
1.834498747484758496e-03
1.833946502301841974e-03
1.833374786656349897e-03
1.833939313655719161e-03
1.834620488807559013e-03
1.834319235058501363e-03
1.832521782489493489e-03
