1.423536252975463867e+01
1.237182593345642090e+01
1.126103997230529785e+01
1.005737614631652832e+01
8.654827713966369629e+00
7.727244257926940918e+00
6.283083081245422363e+00
4.580647587776184082e+00
3.180427908897399902e+00
2.480074524879455566e+00
1.960587054491043091e+00
1.489875480532646179e+00
1.170333772897720337e+00
9.895987957715988159e-01
7.755837291479110718e-01
5.928298085927963257e-01
4.392490833997726440e-01
3.524949178099632263e-01
2.814106680452823639e-01
2.133159786462783813e-01
1.492768432945013046e-01
1.051493752747774124e-01
7.518611475825309753e-02
5.559616256505250931e-02
4.035370651399716735e-02
3.351971879601478577e-02
3.781650098972022533e-02
2.794373058713972569e-02
2.540162974037230015e-02
1.637876871973276138e-02
1.733816694468259811e-02
1.648926909547299147e-02
2.008710079826414585e-02
2.065698290243744850e-02
1.314908557105809450e-02
1.184100809041410685e-02
9.440737427212297916e-03
8.612375590018928051e-03
9.009362081997096539e-03
1.132784760557115078e-02
2.781732520088553429e-02
2.136495686136186123e-02
2.745105349458754063e-02
4.979996802285313606e-02
4.465689999051392078e-02
1.069736648350954056e-01
4.672566242516040802e-02
6.250359769910573959e-02
4.626441840082406998e-02
4.694953700527548790e-02
5.349931190721690655e-02
3.096500923857092857e-02
2.965014660730957985e-02
1.938197412528097630e-02
1.610272051766514778e-02
1.521576906088739634e-02
1.443134946748614311e-02
1.299672946333885193e-02
1.152291963808238506e-02
9.866437641903758049e-03
9.604820399545133114e-03
1.303087500855326653e-02
1.512837456539273262e-02
1.059807534329593182e-02
1.217837783042341471e-02
4.338478902354836464e-02
1.218527881428599358e-02
1.447108120191842318e-02
1.106422324664890766e-02
1.139786781277507544e-02
9.368806611746549606e-03
8.822383824735879898e-03
9.448915603570640087e-03
8.994997013360261917e-03
9.641346870921552181e-03
1.913854689337313175e-02
2.281909901648759842e-02
2.317461953498423100e-02
1.330376439727842808e-02
8.558676345273852348e-03
1.015283027663826942e-02
1.648248906712979078e-02
1.163973635993897915e-02
8.064656460192054510e-03
5.532630777452141047e-03
6.456657953094691038e-03
1.149945007637143135e-02
1.371866918634623289e-02
1.426314457785338163e-02
1.275564706884324551e-02
5.085202166810631752e-03
6.540149101056158543e-03
4.730282758828252554e-03
9.505736117716878653e-03
1.098152110353112221e-02
1.218894473277032375e-02
7.470224983990192413e-03
7.755348808132112026e-03
7.041472126729786396e-03
5.590191460214555264e-03
3.461353073362261057e-03
4.030958458315581083e-03
3.944981261156499386e-03
3.392624901607632637e-03
2.942741557490080595e-03
3.084268217207863927e-03
3.073716390645131469e-03
3.192928619682788849e-03
4.118297016248106956e-03
3.142942034173756838e-03
2.757956739515066147e-03
3.466372378170490265e-03
2.655704593053087592e-03
2.919641148764640093e-03
2.488279249519109726e-03
2.327997324755415320e-03
2.517270972020924091e-03
3.036818583495914936e-03
3.597904869820922613e-03
4.862626374233514071e-03
3.945550473872572184e-03
4.646921413950622082e-03
3.171839125570841134e-03
3.628578910138458014e-03
5.147081683389842510e-03
4.444692342076450586e-03
4.715770977782085538e-03
4.169043560978025198e-03
3.240090300096198916e-03
4.357862810138612986e-03
4.208127153106033802e-03
3.344578261021524668e-03
2.564046590123325586e-03
2.438321273075416684e-03
2.871476288419216871e-03
3.348791244206950068e-03
3.350561659317463636e-03
2.942549297586083412e-03
3.072779771173372865e-03
4.100889753317460418e-03
3.767161106225103140e-03
2.266607771161943674e-03
2.168535458622500300e-03
2.498684742022305727e-03
2.138392417691648006e-03
2.438992960378527641e-03
2.445186080876737833e-03
2.123916085110977292e-03
1.657242290093563497e-03
1.680784538621082902e-03
1.628033918677829206e-03
1.813197886804118752e-03
1.533197268145158887e-03
1.612581778317689896e-03
1.485699263866990805e-03
1.613773114513605833e-03
1.937299981364049017e-03
1.880740368505939841e-03
1.644861418753862381e-03
2.472902211593464017e-03
3.023008903255686164e-03
1.772716222330927849e-02
7.980105932801961899e-03
4.589061863953247666e-03
3.979488799814134836e-03
3.992138081230223179e-03
6.029108888469636440e-03
3.077080298680812120e-03
3.135786682832986116e-03
2.509755780920386314e-03
2.081236190861091018e-03
1.762842148309573531e-03
2.108923712512478232e-03
2.670628717169165611e-03
2.231775637483224273e-03
1.553759531816467643e-03
1.695675862720236182e-03
1.420349115505814552e-03
1.272080633498262614e-03
1.877783521194942296e-03
1.619667484192177653e-03
1.374072307953611016e-03
1.674487546551972628e-03
1.852042449172586203e-03
1.600500603672116995e-03
2.053458418231457472e-03
1.371531194308772683e-03
1.388378412229940295e-03
1.184176740935072303e-03
1.197890975163318217e-03
1.248938860953785479e-03
1.318928421824239194e-03
1.372778497170656919e-03
2.352689189137890935e-03
2.145575854228809476e-03
2.338442107429727912e-03
2.664826140971854329e-03
2.521693706512451172e-03
5.086978257168084383e-03
4.683998500695452094e-03
2.625700144562870264e-03
1.894885324873030186e-03
1.545289560453966260e-03
1.959696121048182249e-03
1.483821557485498488e-03
1.435550337191671133e-03
1.194181066239252687e-03
1.155359350377693772e-03
1.071280094038229436e-03
1.318947717663832009e-03
1.153097196947783232e-03
1.125376496929675341e-03
1.116136205382645130e-03
1.011851549264974892e-03
9.905048646032810211e-04
8.919937172322534025e-04
8.940528641687706113e-04
8.871924801496788859e-04
9.568063396727666259e-04
1.076227228622883558e-03
9.863694431260228157e-04
9.947205253411084414e-04
9.535021090414375067e-04
9.886663974612019956e-04
9.999411995522677898e-04
8.017367508728057146e-04
8.361082946066744626e-04
7.636472582817077637e-04
8.202133831218816340e-04
7.680407215957529843e-04
8.480780670652166009e-04
8.069155082921497524e-04
8.271415354101918638e-04
7.790864547132514417e-04
7.643018543603830040e-04
8.067240269156172872e-04
8.178488496923819184e-04
8.114690208458341658e-04
8.399638973060064018e-04
9.848340705502778292e-04
8.785834361333400011e-04
8.085434747044928372e-04
8.135534881148487329e-04
8.285626390716060996e-04
7.014122747932560742e-04
7.305305116460658610e-04
7.329931686399504542e-04
8.143801824189722538e-04
9.578410681569948792e-04
8.891128381947055459e-04
1.000590156763792038e-03
1.117575462558306754e-03
1.828268432291224599e-03
1.298902920098043978e-03
1.232294816873036325e-03
1.348470250377431512e-03
1.057971094269305468e-03
7.546790875494480133e-04
8.151735019055195153e-04
7.817226869519799948e-04
7.933043671073392034e-04
8.539225018466822803e-04
7.843508210498839617e-04
7.959188224049285054e-04
7.942248921608552337e-04
6.927972572157159448e-04
9.643692756071686745e-04
1.050855993526056409e-03
7.990470039658248425e-04
8.665876448503695428e-04
1.015841538901440799e-03
9.377696624142117798e-04
8.025934948818758130e-04
7.897293035057373345e-04
6.824488009442575276e-04
7.155552448239177465e-04
6.689179572276771069e-04
8.655402925796806812e-04
6.898777864989824593e-04
7.739071297692134976e-04
7.502883090637624264e-04
7.275271709659136832e-04
7.459300977643579245e-04
7.078455309965647757e-04
6.374480435624718666e-04
5.490475450642406940e-04
5.967919714748859406e-04
6.131995978648774326e-04
5.857820724486373365e-04
5.706101583200506866e-04
5.441820394480600953e-04
5.312678513291757554e-04
6.160722696222364902e-04
5.177574348635971546e-04
5.962044378975406289e-04
5.190121228224597871e-04
5.504339533217716962e-04
5.219674603722523898e-04
6.406328029697760940e-04
5.423732800409197807e-04
5.013917289033997804e-04
5.379957146942615509e-04
4.950754446326754987e-04
5.411719903349876404e-04
5.227516012382693589e-04
5.021526849304791540e-04
4.987899956176988780e-04
4.904656379949301481e-04
5.104245028633158654e-04
5.299821204971522093e-04
4.957854689564555883e-04
4.772680767928250134e-04
4.862728164880536497e-04
4.873985308222472668e-04
5.325723832356743515e-04
4.952076924382708967e-04
4.859831715293694288e-04
4.534004110610112548e-04
4.587326875480357558e-04
4.758560789923649281e-04
4.653295764001086354e-04
5.077251553302630782e-04
4.863045651291031390e-04
5.020608150516636670e-04
4.818491579499095678e-04
4.697597905760630965e-04
4.603380475600715727e-04
4.503629970713518560e-04
4.432378191268071532e-04
4.781648749485611916e-04
4.638080645236186683e-04
5.147903939359821379e-04
5.169540745555423200e-04
6.463580793933942914e-04
5.769878043793141842e-04
4.558970722428057343e-04
5.061726187705062330e-04
4.591610122588463128e-04
4.763643228216096759e-04
4.338169292168458924e-04
4.555010309559293091e-04
4.905714085907675326e-04
4.343475739005953074e-04
4.430118715390563011e-04
4.276268809917382896e-04
4.313475074013695121e-04
4.833076200156938285e-04
4.506879213295178488e-04
4.238709225319325924e-04
4.038696752104442567e-04
4.156678660365287215e-04
4.290654505894053727e-04
4.668175042752409354e-04
4.128433356527239084e-04
4.088608620804734528e-04
3.926976169168483466e-04
4.195463025098433718e-04
4.041849388158880174e-04
4.089873818884370849e-04
4.150785680394619703e-04
4.301962690078653395e-04
4.245543641445692629e-04
4.386058571981266141e-04
4.343677574070170522e-04
4.538529246929101646e-04
4.486166799324564636e-04
4.577758372761309147e-04
5.003387268516235054e-04
4.884129775746259838e-04
3.836146424873732030e-04
4.174694659013766795e-04
3.908338330802507699e-04
4.231061466271057725e-04
4.373209158075042069e-04
3.761792650038842112e-04
4.147382205701433122e-04
4.241067799739539623e-04
4.945075561408884823e-04
4.047484944749157876e-04
4.017650317109655589e-04
4.174324894847813994e-04
3.961686816182918847e-04
3.748843409994151443e-04
3.593340952647849917e-04
3.661805458250455558e-04
3.646691366157028824e-04
3.664048454083967954e-04
3.606773898354731500e-04
3.591923596104606986e-04
3.678396969917230308e-04
3.557899981387890875e-04
3.577108036552090198e-04
3.611368192650843412e-04
3.615916466515045613e-04
3.488363399810623378e-04
3.712113320943899453e-04
3.611458014347590506e-04
3.743011584447231144e-04
3.476286656223237514e-04
3.801684470090549439e-04
3.471213585726218298e-04
3.417447260289918631e-04
3.590534670365741476e-04
3.542471022228710353e-04
3.330484432808589190e-04
3.392423568584490567e-04
3.421606088522821665e-04
3.473501456028316170e-04
3.598692856030538678e-04
3.834767521766480058e-04
3.471095806162338704e-04
3.453407116467133164e-04
3.375626474735327065e-04
3.445887341513298452e-04
3.510546994220931083e-04
3.423314956307876855e-04
3.324887584312818944e-04
3.292841265647439286e-04
3.347554411448072642e-04
3.323971304780570790e-04
3.353341471665771678e-04
3.314230889372993261e-04
3.259847944718785584e-04
3.315570465929340571e-04
3.336085828777868301e-04
3.294478701718617231e-04
3.275136696174740791e-04
3.301692213426576927e-04
3.360847567819291726e-04
3.227121778763830662e-04
3.345576569699915126e-04
3.531981892592739314e-04
3.215574433852452785e-04
3.341863302921410650e-04
3.268478394602425396e-04
3.187322199664777145e-04
3.282033394498284906e-04
3.191795185557566583e-04
3.222751547582447529e-04
3.257979478803463280e-04
3.232130802643951029e-04
3.230772999813780189e-04
3.272010762884747237e-04
3.274545415479224175e-04
3.130063923890702426e-04
3.154154037474654615e-04
3.180189905833685771e-04
3.203062060492811725e-04
3.162039683957118541e-04
3.157089086016640067e-04
3.120107030554208905e-04
3.138607571600005031e-04
3.136093764624092728e-04
3.136888572043972090e-04
3.114174978691153228e-04
3.179341983923222870e-04
3.199079656042158604e-04
3.194645014445995912e-04
3.237620185245759785e-04
3.166102615068666637e-04
3.099424793617799878e-04
3.116962798230815679e-04
3.060815142816863954e-04
3.123628412140533328e-04
3.061296938540181145e-04
3.137570238322950900e-04
3.127320051135029644e-04
3.089779147558147088e-04
3.106357926299097016e-04
3.071168030146509409e-04
2.979100754600949585e-04
2.998657109856139868e-04
3.027105631190352142e-04
3.006119986821431667e-04
3.065882374357897788e-04
3.007363484357483685e-04
2.997266583406599239e-04
3.016296996065648273e-04
3.032782060472527519e-04
3.013763443959760480e-04
3.137809853797079995e-04
3.068242876906879246e-04
2.966297215607482940e-04
3.027100610779598355e-04
3.094466883339919150e-04
3.083322117163334042e-04
2.992986610479420051e-04
3.037924980162642896e-04
2.932426905317697674e-04
2.895363704737974331e-04
2.991385590576101094e-04
2.902284722949843854e-04
2.897342346841469407e-04
2.913179814640898257e-04
2.855318725778488442e-04
2.883547786041162908e-04
2.852523793990258127e-04
2.892124948630225845e-04
2.887694208766333759e-04
2.966027677757665515e-04
2.911212632170645520e-04
2.891265176003798842e-04
2.878282793972175568e-04
2.913414282375015318e-04
2.938875986728817225e-04
2.849370321200694889e-04
2.879871262848610058e-04
2.807709524859092198e-04
2.836720450432039797e-04
2.821941598085686564e-04
2.801132723107002676e-04
2.807399814628297463e-04
2.892007814807584509e-04
2.795380023599136621e-04
2.855396014638245106e-04
2.786649893096182495e-04
2.863985828298609704e-04
2.822477981681004167e-04
2.809383076964877546e-04
2.804365612973924726e-04
2.816967789840418845e-04
2.816973737935768440e-04
2.794212359731318429e-04
2.785758588288445026e-04
2.810412734106648713e-04
2.745925976341823116e-04
2.810595797200221568e-04
2.764363944152137265e-04
2.900950421462766826e-04
2.772131301753688604e-04
2.921469713328406215e-04
2.737303802859969437e-04
2.817783824866637588e-04
2.749892300926148891e-04
2.816079468175303191e-04
2.735700763878412545e-04
2.819301116687711328e-04
2.747417383943684399e-04
2.712996465561445802e-04
2.762141484708990902e-04
2.815010511767468415e-04
2.731095992203336209e-04
2.768329286482185125e-04
2.748307142610428855e-04
2.777715399133739993e-04
2.718438063311623409e-04
2.714495021791663021e-04
2.808421013469342142e-04
2.769882903521647677e-04
2.736167534749256447e-04
2.783379513857653365e-04
2.777457320917164907e-04
2.688992753974162042e-04
2.710660974116763100e-04
2.712744026212021708e-04
2.673559611139353365e-04
2.742920041782781482e-04
2.699156520975520834e-04
2.694928480195812881e-04
2.730810856519383378e-04
2.732596622081473470e-04
2.678181990631856024e-04
2.738780131039675325e-04
2.672169175639282912e-04
2.687632186280097812e-04
2.706564664549659938e-04
2.693823553272522986e-04
2.654355012055020779e-04
2.677217016753274947e-04
2.671781421668129042e-04
2.644542528287274763e-04
2.686389943846734241e-04
2.674655152077320963e-04
2.662924180185655132e-04
2.672403370524989441e-04
2.672111731953918934e-04
2.667495882633375004e-04
2.657959339558146894e-04
2.659869560375227593e-04
2.653814844961743802e-04
2.662835231603821740e-04
2.672708978934679180e-04
2.603471275506308302e-04
2.693774185900110751e-04
2.739010506047634408e-04
2.618604166855220683e-04
2.629129940032726154e-04
2.691026566026266664e-04
2.676725853234529495e-04
2.562007139204069972e-04
2.637738471094053239e-04
2.672847767826169729e-04
2.579749270807951689e-04
2.647636938490904868e-04
2.644384585437364876e-04
2.560547945904545486e-04
2.599963336251676083e-04
2.672748105396749452e-04
2.586421833257190883e-04
2.592907439975533634e-04
2.594040142867015675e-04
2.606564521556720138e-04
2.584994836070109159e-04
2.577396980996127240e-04
2.598905120976269245e-04
2.573786114226095378e-04
2.613582437334116548e-04
2.575390717538539320e-04
2.584949143056292087e-04
2.593602512206416577e-04
2.571548211562912911e-04
2.592298769741319120e-04
2.567886949691455811e-04
2.558516152930678800e-04
2.594107390905264765e-04
2.557535335654392838e-04
2.568578893260564655e-04
2.608888262329855934e-04
2.586875161796342582e-04
2.643904081196524203e-04
2.570869601186132059e-04
2.579689389676786959e-04
2.601021242298884317e-04
2.600805619294987991e-04
2.606042180559597909e-04
2.564989281381713226e-04
2.572296561993425712e-04
2.550964109104825184e-04
2.513951458240626380e-04
2.531126265239436179e-04
2.564636670285835862e-04
2.517033408366842195e-04
2.560615230322582647e-04
2.527309879951644689e-04
2.565356735431123525e-04
2.540878149375203066e-04
2.569398475316120312e-04
2.536621377657866105e-04
2.585937909316271544e-04
2.509066061975318007e-04
2.586468935987795703e-04
2.503407067706575617e-04
2.588259521871805191e-04
2.483362241036957130e-04
2.611511481518391520e-04
2.507477129256585613e-04
2.565780450822785497e-04
2.498139292583800852e-04
2.557065054134000093e-04
2.494889431545743719e-04
2.597476959635969251e-04
2.519023310014745221e-04
2.514867792342556641e-04
2.538666303735226393e-04
2.510292360966559500e-04
2.515930391382426023e-04
2.499074662409839220e-04
2.514444622647715732e-04
2.501765920897014439e-04
2.506632208678638563e-04
2.505444372218335047e-04
2.497208915883675218e-04
2.503280229575466365e-04
2.555295486672548577e-04
2.475207329553086311e-04
2.564087371865753084e-04
2.484644883224973455e-04
2.526145144656766206e-04
2.500128539395518601e-04
2.475665223755640909e-04
2.494550062692724168e-04
2.504390504327602684e-04
2.486802732164505869e-04
2.483361386111937463e-04
2.488089867256348953e-04
2.505056927475379780e-04
2.481940009602112696e-04
2.478989808878395706e-04
2.512383471184875816e-04
2.467490103299496695e-04
2.500558275642106310e-04
2.465841498633380979e-04
2.501689559721853584e-04
2.504487783880904317e-04
2.475637029419885948e-04
2.507718418200965971e-04
2.464249646436655894e-04
2.480563061908469535e-04
2.490166198185761459e-04
2.476003664924064651e-04
2.468597886036150157e-04
2.460613122821087018e-04
2.472709384164772928e-04
2.455485127939027734e-04
2.490609149390365928e-04
2.448425511829555035e-04
2.449466228426899761e-04
2.484658889443380758e-04
2.462004486005753279e-04
2.467079266352811828e-04
2.458523995301220566e-04
2.464759982103714719e-04
2.436231370666064322e-04
2.469684050083742477e-04
2.438743649690877646e-04
2.475672299624420702e-04
2.445362151775043458e-04
2.464149347360944375e-04
2.446894768581842072e-04
2.453726046951487660e-04
2.447481983836041763e-04
2.447179667797172442e-04
2.451793716318206862e-04
2.454761561239138246e-04
2.458241433487273753e-04
2.443827424940536730e-04
2.441920951241627336e-04
2.452253129376913421e-04
2.436415252304868773e-04
2.468948796376935206e-04
2.440766529616666958e-04
2.466387886670418084e-04
2.437639868730911985e-04
2.458185208524810150e-04
2.430097702017519623e-04
2.464827102812705562e-04
2.428789375699125230e-04
2.466964087943779305e-04
2.435393662381102331e-04
2.444625333737349138e-04
2.429486994515173137e-04
2.442270670144353062e-04
2.425298334856051952e-04
2.436509821563959122e-04
2.432432502246228978e-04
2.446732451062416658e-04
2.437894909235183150e-04
2.440899843350052834e-04
2.433156159895588644e-04
2.422718134766910225e-04
2.430072727293008938e-04
2.431378416076768190e-04
2.434704292681999505e-04
2.429087580821942538e-04
2.429129581287270412e-04
2.421731660433579236e-04
2.428981979392119683e-04
2.424406302452553064e-04
2.426495357212843373e-04
2.424688354949466884e-04
2.424564409011509269e-04
2.419993770672590472e-04
2.425527982268249616e-04
2.422759771434357390e-04
2.438526635160087608e-04
2.422125035081990063e-04
2.421175995550584048e-04
2.414780774415703490e-04
2.426496048428816721e-04
2.415319504507351667e-04
2.418968415440758690e-04
2.422481575194979087e-04
2.419747470412403345e-04
2.423653068035491742e-04
2.421092176518868655e-04
2.417198211333015934e-04
2.407394222245784476e-04
2.407978927294607274e-04
2.409776261629303917e-04
2.412363319308497012e-04
2.411587502137990668e-04
2.417287250864319503e-04
2.406940438959281892e-04
2.410136439721100032e-04
2.403845692242612131e-04
2.423016212560469285e-04
2.407429674349259585e-04
2.410666256764670834e-04
2.405415252724196762e-04
2.408383461443008855e-04
2.413409401924582198e-04
2.408771169939427637e-04
2.408413711236789823e-04
2.395805586274946108e-04
2.398492069914937019e-04
2.398962351435329765e-04
2.401181736786384135e-04
2.404538026894442737e-04
2.390103582001756877e-04
2.402304198767524213e-04
2.392679525655694306e-04
2.394290313532110304e-04
2.384007602813653648e-04
2.394475377514027059e-04
2.393631784798344597e-04
2.402214831818128005e-04
2.400656121608335525e-04
2.388825359957991168e-04
2.397135758656077087e-04
2.389563596807420254e-04
2.393476361248758622e-04
2.384598155913408846e-04
2.384451581747271121e-04
2.387364911555778235e-04
2.383510545769240707e-04
2.395084484305698425e-04
2.386768865108024329e-04
2.382284110353793949e-04
2.394100411038380116e-04
2.381293406870099716e-04
2.378233111812733114e-04
2.391590496699791402e-04
2.381182966928463429e-04
2.384255567449145019e-04
2.394969724264228716e-04
2.379886864218860865e-04
2.379518300585914403e-04
2.391627913311822340e-04
2.377716336923185736e-04
2.382904895057436079e-04
2.384215058555128053e-04
2.379519519308814779e-04
2.384984909440390766e-04
2.383735154580790550e-04
2.378794033575104550e-04
2.380025471211411059e-04
2.385649559073499404e-04
2.379616998950950801e-04
2.376402626396156847e-04
2.378505241722450592e-04
2.378776007390115410e-04
2.376131196797359735e-04
2.377108521613990888e-04
2.377510936639737338e-04
2.374564519413979724e-04
2.376546090090414509e-04
2.371353657508734614e-04
2.375563726673135534e-04
2.375618278165347874e-04
2.367553006479283795e-04
2.377688397245947272e-04
2.372408353039645590e-04
2.371384180150926113e-04
2.383152641414199024e-04
2.367469169257674366e-04
2.363811945542693138e-04
2.371006485191173851e-04
2.363749845244456083e-04
2.377504843025235459e-04
2.373173228988889605e-04
2.365212858421728015e-04
2.374753385083749890e-04
2.369467711105244234e-04
2.365711807215120643e-04
2.375325966568198055e-04
2.366162098041968420e-04
2.365937307331478223e-04
2.368033601669594646e-04
2.356587883696192876e-04
2.372869857936166227e-04
2.362515770073514432e-04
2.365734817431075498e-04
2.371758364461129531e-04
2.356680342927575111e-04
2.375018466409528628e-04
2.359493100811960176e-04
2.355407850700430572e-04
2.370579422859009355e-04
2.358693764108465984e-04
2.362976083531975746e-04
2.363412186241475865e-04
2.358009915042202920e-04
2.361329006816959009e-04
2.357529465371044353e-04
2.355276119487825781e-04
2.358235142310149968e-04
2.355401411477942020e-04
2.354481530346674845e-04
2.357939192734193057e-04
2.354925854888278991e-04
2.360022645007120445e-04
2.352812189201358706e-04
2.353544005018193275e-04
2.361426350034889765e-04
2.352986139158019796e-04
2.358004430789151229e-04
2.352024948777398095e-04
2.355662018089788035e-04
2.353610470890998840e-04
2.352311930735595524e-04
2.351546900172252208e-04
2.349835940549382940e-04
2.363102430535946041e-04
2.345583270653150976e-04
2.357043758820509538e-04
2.346465234950301237e-04
2.347326044400688261e-04
2.352735136810224503e-04
2.341172603337327018e-04
2.352449382669874467e-04
2.350119284528773278e-04
2.343597216167836450e-04
2.345408629480516538e-04
2.346852870687143877e-04
2.343473415749031119e-04
2.342327061342075467e-04
2.346698711335193366e-04
2.347234403714537621e-04
2.343281466892221943e-04
2.344662352697923779e-04
2.346267774555599317e-04
2.344600034120958298e-04
2.342236621188931167e-04
2.343725718674249947e-04
2.345194989175070077e-04
2.341536910535069183e-04
2.338123085792176425e-04
2.341062499908730388e-04
2.344484692002879456e-04
2.343081487197196111e-04
2.340952969461795874e-04
2.341962335776770487e-04
2.341530089324805886e-04
2.338348385819699615e-04
2.339087532163830474e-04
2.340211303817341104e-04
2.337586774956434965e-04
2.341079052712302655e-04
2.340805895073572174e-04
2.341088074899744242e-04
2.340557039133273065e-04
2.340302980883279815e-04
2.340771861781831831e-04
2.341012386750662699e-04
2.339809798286296427e-04
2.338372287340462208e-04
2.338051981496391818e-04
2.335822227905737236e-04
2.334281798539450392e-04
2.337429041290306486e-04
2.338257327210158110e-04
2.336806519451783970e-04
2.338397753192111850e-04
2.339201846552896313e-04
2.336424549866933376e-04
2.334541150048607960e-04
2.334566597710363567e-04
2.334835371584631503e-04
2.334499295102432370e-04
2.332223575649550185e-04
2.334207711101043969e-04
2.334312084713019431e-04
2.328417067474219948e-04
2.328330665477551520e-04
2.334376758881262504e-04
2.336462466701050289e-04
2.332508302060887218e-04
2.332118747290223837e-04
2.334720529688638635e-04
2.331410451006377116e-04
2.326374924450647086e-04
2.330948882445227355e-04
2.333977572561707348e-04
2.329335020476719365e-04
2.330154402443440631e-04
2.334247401449829340e-04
2.330559927941067144e-04
2.325170444237301126e-04
2.331908472115173936e-04
2.333264565095305443e-04
2.329508060938678682e-04
2.328026439499808475e-04
2.327734928257996216e-04
2.327413458260707557e-04
2.327920155948959291e-04
2.328555456188041717e-04
2.329749386262847111e-04
2.326675730728311464e-04
2.324520737602142617e-04
2.326262329006567597e-04
2.324178567505441606e-04
2.325938949070405215e-04
2.326388639630749822e-04
2.325408786418847740e-04
2.324220513401087373e-04
2.325203968212008476e-04
2.324872893950669095e-04
2.321827159903477877e-04
2.320430285180918872e-04
2.321612500963965431e-04
2.322173968423157930e-04
2.324623146705562249e-04
2.328385162400081754e-04
2.325917575944913551e-04
2.323279204574646428e-04
2.321345855307299644e-04
2.321814463357441127e-04
2.320715539099182934e-04
2.320540843356866390e-04
2.320709681953303516e-04
