1.080254554748535156e+01
9.589845657348632812e+00
8.227238655090332031e+00
6.907423496246337891e+00
5.626853942871093750e+00
4.686544895172119141e+00
3.245204925537109375e+00
2.151392459869384766e+00
1.563664555549621582e+00
1.221527695655822754e+00
8.940193653106689453e-01
6.630268096923828125e-01
5.038286447525024414e-01
3.852028250694274902e-01
2.764153778553009033e-01
1.889895349740982056e-01
1.363716721534729004e-01
9.845010936260223389e-02
7.163524627685546875e-02
5.114405229687690735e-02
3.507050126791000366e-02
2.383030392229557037e-02
1.872279867529869080e-02
1.309977564960718155e-02
1.479028537869453430e-02
2.253421954810619354e-02
7.954207248985767365e-03
8.843933232128620148e-03
6.630921736359596252e-03
8.764793165028095245e-03
7.232418283820152283e-03
1.414514426141977310e-02
8.599892258644104004e-03
6.891026161611080170e-03
6.363084539771080017e-03
4.161772783845663071e-03
3.477939404547214508e-03
5.272230599075555801e-03
7.106359582394361496e-03
2.284172736108303070e-02
4.590194206684827805e-03
8.572896011173725128e-03
5.769218876957893372e-02
9.106768295168876648e-03
6.887383759021759033e-02
2.055327780544757843e-02
3.041411377489566803e-02
1.442121993750333786e-02
1.706192269921302795e-02
1.923616230487823486e-02
2.245079353451728821e-02
1.195705588907003403e-02
8.089922368526458740e-03
7.872472517192363739e-03
7.655751891434192657e-03
7.819775491952896118e-03
4.640946630388498306e-03
5.750728305429220200e-03
4.445265512913465500e-03
4.493204876780509949e-03
8.561368100345134735e-03
1.378671918064355850e-02
7.827837951481342316e-03
7.844631560146808624e-03
5.477577447891235352e-02
5.777202546596527100e-03
1.318007055670022964e-02
9.244718588888645172e-03
9.476365521550178528e-03
5.549424793571233749e-03
5.679560359567403793e-03
6.960501894354820251e-03
4.746730439364910126e-03
9.190632030367851257e-03
1.507041975855827332e-02
3.048565238714218140e-02
1.954842917621135712e-02
5.751949269324541092e-03
6.218845490366220474e-03
1.108872611075639725e-02
1.854962855577468872e-02
4.958000965416431427e-03
9.342742152512073517e-03
2.093686489388346672e-03
5.195819307118654251e-03
1.284096390008926392e-02
8.712905459105968475e-03
5.457432940602302551e-03
8.495680056512355804e-03
4.990907385945320129e-03
3.570818807929754257e-03
3.310045925900340080e-03
5.160714499652385712e-03
1.340503338724374771e-02
1.384826749563217163e-02
7.472370285540819168e-03
8.331569842994213104e-03
7.767777424305677414e-03
4.584119655191898346e-03
1.622052281163632870e-03
2.991489833220839500e-03
2.728778170421719551e-03
2.362692961469292641e-03
1.693700905889272690e-03
1.253323280252516270e-03
1.305346260778605938e-03
2.055311808362603188e-03
2.888261806219816208e-03
1.904997159726917744e-03
1.463436987251043320e-03
2.617140067741274834e-03
1.229628105647861958e-03
1.705085043795406818e-03
1.498472876846790314e-03
1.021269941702485085e-03
1.433460158295929432e-03
2.309500472620129585e-03
1.594085246324539185e-03
6.028133910149335861e-03
1.377121428959071636e-03
3.518673358485102654e-03
4.306030459702014923e-03
2.128447173163294792e-03
6.314810365438461304e-03
2.223082585260272026e-03
4.342654254287481308e-03
3.749522380530834198e-03
1.897115726023912430e-03
3.720296313986182213e-03
5.166119895875453949e-03
2.673528855666518211e-03
1.237077871337532997e-03
1.444156630896031857e-03
1.426561968401074409e-03
1.217138720676302910e-03
1.118427142500877380e-03
1.904434757307171822e-03
2.866273513063788414e-03
3.849854459986090660e-03
2.587880473583936691e-03
1.380996080115437508e-03
1.328144571743905544e-03
1.694594742730259895e-03
1.586095429956912994e-03
7.725731120444834232e-04
2.215820364654064178e-03
1.110510784201323986e-03
7.540522492490708828e-04
7.978549692779779434e-04
6.164194201119244099e-04
6.885189213789999485e-04
7.413096027448773384e-04
7.535455515608191490e-04
7.745082839392125607e-04
6.198742776177823544e-04
8.553678635507822037e-04
1.578758936375379562e-03
1.349259982816874981e-03
1.972289290279150009e-03
3.574242116883397102e-03
2.082404680550098419e-02
7.027740124613046646e-03
3.041478805243968964e-03
2.828102558851242065e-03
3.454841673374176025e-03
5.259458906948566437e-03
1.710266922600567341e-03
1.411166042089462280e-03
1.029771636240184307e-03
1.264954102225601673e-03
8.688129601068794727e-04
1.388723612762987614e-03
1.636805594898760319e-03
9.022994781844317913e-04
1.348591991700232029e-03
7.770175579935312271e-04
6.390425842255353928e-04
5.126601317897439003e-04
6.697488715872168541e-04
1.495790202170610428e-03
7.041672361083328724e-04
9.072329849004745483e-04
1.767622074112296104e-03
1.226053456775844097e-03
1.676602987572550774e-03
1.093041501007974148e-03
9.985888609662652016e-04
6.115588475950062275e-04
5.497402162291109562e-04
4.832171543966978788e-04
8.366418187506496906e-04
5.913702771067619324e-04
1.182878855615854263e-03
1.389714889228343964e-03
2.377323573455214500e-03
2.840847708284854889e-03
2.680016681551933289e-03
4.174889065325260162e-03
1.302555436268448830e-03
3.388737794011831284e-03
1.151798875071108341e-03
8.898516534827649593e-04
8.224306511692702770e-04
8.025700808502733707e-04
1.395431580021977425e-03
5.145246977917850018e-04
5.106432945467531681e-04
4.075356991961598396e-04
6.798013928346335888e-04
7.799731101840734482e-04
7.411885890178382397e-04
7.729239878244698048e-04
5.410911981016397476e-04
4.488083068281412125e-04
3.505439963191747665e-04
3.629009879659861326e-04
3.819498524535447359e-04
4.794320848304778337e-04
3.335968067403882742e-04
8.693127892911434174e-04
3.528876986820250750e-04
3.629726998042315245e-04
4.242401046212762594e-04
6.217163172550499439e-04
4.264361923560500145e-04
3.721091197803616524e-04
3.017510171048343182e-04
3.007879131473600864e-04
3.023295139428228140e-04
3.014045942109078169e-04
3.329045430291444063e-04
3.142344066873192787e-04
2.854780759662389755e-04
2.945883315987884998e-04
2.913297794293612242e-04
3.780128026846796274e-04
2.888331364374607801e-04
3.085400967393070459e-04
3.636357432696968317e-04
7.448273245245218277e-04
3.427510964684188366e-04
5.828270222991704941e-04
2.939216210506856441e-04
2.897606173064559698e-04
3.221786173526197672e-04
2.673299750313162804e-04
3.185463720001280308e-04
6.270320154726505280e-04
3.687744319904595613e-04
6.737056537531316280e-04
1.015072106383740902e-03
1.039741444401443005e-03
6.928066140972077847e-04
1.406264142133295536e-03
1.181162893772125244e-03
4.825294308830052614e-04
4.890241543762385845e-04
3.290397871751338243e-04
3.043710312340408564e-04
4.767800855915993452e-04
3.389500780031085014e-04
7.147417054511606693e-04
2.262544439872726798e-04
4.163444682490080595e-04
6.103486521169543266e-04
2.490932238288223743e-04
6.362939602695405483e-04
4.425119550433009863e-04
3.026179911103099585e-04
5.286190425977110863e-04
9.353844798170030117e-04
5.590757937170565128e-04
7.366591598838567734e-04
3.782549465540796518e-04
5.146953626535832882e-04
2.860448439605534077e-04
7.341991295106709003e-04
3.953735285904258490e-04
5.567754851654171944e-04
5.890717729926109314e-04
2.699650649446994066e-04
5.770165007561445236e-04
2.882036205846816301e-04
2.535071107558906078e-04
2.093044022331014276e-04
2.103784063365310431e-04
4.173212219029664993e-04
2.754458691924810410e-04
2.315756573807448149e-04
2.019560779444873333e-04
2.668310771696269512e-04
2.306214882992208004e-04
2.258772001368924975e-04
2.473533386364579201e-04
1.881259813671931624e-04
2.352082519792020321e-04
1.890158746391534805e-04
2.728844119701534510e-04
2.556383260525763035e-04
2.030950854532420635e-04
2.243425842607393861e-04
1.897138427011668682e-04
1.895001623779535294e-04
2.062130224658176303e-04
2.211741084465757012e-04
1.755652046995237470e-04
1.814744609873741865e-04
2.460579271428287029e-04
2.555072424001991749e-04
2.053365024039521813e-04
1.846273371484130621e-04
1.619810209376737475e-04
1.833158603403717279e-04
2.200208255089819431e-04
2.235113206552341580e-04
1.709470088826492429e-04
1.669654448051005602e-04
1.626383309485390782e-04
1.593508932273834944e-04
1.679934066487476230e-04
1.634764776099473238e-04
2.068967587547376752e-04
2.131769724655896425e-04
2.001488028327003121e-04
2.184505283366888762e-04
1.612352934898808599e-04
1.564670674270018935e-04
1.861671626102179289e-04
1.667170727159827948e-04
1.888493134174495935e-04
2.341404324397444725e-04
2.858204243239015341e-04
4.539346264209598303e-04
2.024741697823628783e-04
1.687723270151764154e-04
1.865921658463776112e-04
2.013791236095130444e-04
1.742936728987842798e-04
1.693028170848265290e-04
1.492056617280468345e-04
1.736463600536808372e-04
1.518769859103485942e-04
1.757746649673208594e-04
1.482560182921588421e-04
1.590597094036638737e-04
2.244620700366795063e-04
1.910926512209698558e-04
1.444607478333637118e-04
1.651113561820238829e-04
1.671712525421753526e-04
1.482450170442461967e-04
1.444534864276647568e-04
2.155971014872193336e-04
1.426588714821264148e-04
1.382349000778049231e-04
1.688289776211604476e-04
1.631478226045146585e-04
1.693922677077353001e-04
1.540576777188107371e-04
1.726277114357799292e-04
2.004498237511143088e-04
1.869092957349494100e-04
1.812704722397029400e-04
1.663750590523704886e-04
2.494185464456677437e-04
2.106163883581757545e-04
2.082580031128600240e-04
1.610551553312689066e-04
1.631156192161142826e-04
1.503789681009948254e-04
1.503853854956105351e-04
1.474712189519777894e-04
1.837755989981815219e-04
1.568190637044608593e-04
1.348535006400197744e-04
2.292814024258404970e-04
2.314439916517585516e-04
1.483776140958070755e-04
1.650067424634471536e-04
1.562767720315605402e-04
1.973940816242247820e-04
1.559081429149955511e-04
1.256023679161444306e-04
1.359189191134646535e-04
1.237834658240899444e-04
1.301179436268284917e-04
1.269240019610151649e-04
1.253046357305720448e-04
1.243075676029548049e-04
1.212964125443249941e-04
1.252429647138342261e-04
1.298745046369731426e-04
1.303271419601514935e-04
1.248586922883987427e-04
1.322105817962437868e-04
1.288890780415385962e-04
1.347593206446617842e-04
1.329326478298753500e-04
1.428487303201109171e-04
1.429819676559418440e-04
1.287590857828035951e-04
1.161253530881367624e-04
1.219110272359102964e-04
1.198194295284338295e-04
1.131507524405606091e-04
1.180311883217655122e-04
1.342399045825004578e-04
1.616389345144852996e-04
1.252752699656412005e-04
1.303676108364015818e-04
1.183735948870889843e-04
1.254584349226206541e-04
1.250223867828026414e-04
1.435965823475271463e-04
1.137655344791710377e-04
1.173474593088030815e-04
1.120342640206217766e-04
1.109897639253176749e-04
1.160903775598853827e-04
1.146524227806366980e-04
1.146489084931090474e-04
1.099110886570997536e-04
1.081418886315077543e-04
1.102171081583946943e-04
1.097477870644070208e-04
1.189741815323941410e-04
1.109075019485317171e-04
1.116585699492134154e-04
1.144082198152318597e-04
1.092404199880547822e-04
1.201972409035079181e-04
1.120233573601581156e-04
1.066955010173842311e-04
1.107362695620395243e-04
1.079277499229647219e-04
1.128622898249886930e-04
1.058107591234147549e-04
1.075210748240351677e-04
1.128030708059668541e-04
1.090617952286265790e-04
1.087489654310047626e-04
1.120686793001368642e-04
1.103704198612831533e-04
1.052552179316990077e-04
1.049253696692176163e-04
1.045351382344961166e-04
1.052702209562994540e-04
1.052786101354286075e-04
1.050803693942725658e-04
1.048246122081764042e-04
1.043135998770594597e-04
1.034351589623838663e-04
1.038020491250790656e-04
1.039446724462322891e-04
1.151136602857150137e-04
1.196972225443460047e-04
1.136328573920764029e-04
1.044939563143998384e-04
1.090307705453597009e-04
1.045759781845845282e-04
1.055880566127598286e-04
1.028079204843379557e-04
1.056273977155797184e-04
1.022092183120548725e-04
1.023899094434455037e-04
1.010658597806468606e-04
1.017584509099833667e-04
1.096177147701382637e-04
9.976093861041590571e-05
1.006822276394814253e-04
1.014994631987065077e-04
9.823759319260716438e-05
9.937661525327712297e-05
1.029141640174202621e-04
9.860150021268054843e-05
9.854812378762289882e-05
1.004706136882305145e-04
1.023719305521808565e-04
1.078190762200392783e-04
1.134248013840988278e-04
1.162239350378513336e-04
1.054293752531521022e-04
1.034169181366451085e-04
1.078989080269820988e-04
1.062059964169748127e-04
9.624333324609324336e-05
9.686232806416228414e-05
9.973852866096422076e-05
9.837210382102057338e-05
9.740746463648974895e-05
9.788286843104287982e-05
9.593999857315793633e-05
9.463267633691430092e-05
9.511392272543162107e-05
9.361367847304791212e-05
9.360694093629717827e-05
9.389300248585641384e-05
9.601196506991982460e-05
9.305581625085324049e-05
9.964483615476638079e-05
9.587449312675744295e-05
1.024723023874685168e-04
9.610642155166715384e-05
1.017272661556489766e-04
9.381216659676283598e-05
9.952294931281358004e-05
9.631085413275286555e-05
9.485051123192533851e-05
9.266830602427944541e-05
9.277869685320183635e-05
9.241285442840307951e-05
9.135789878200739622e-05
9.175646846415475011e-05
9.270610462408512831e-05
9.136604057857766747e-05
9.408420010004192591e-05
9.532371768727898598e-05
9.581970516592264175e-05
9.283702820539474487e-05
9.540202154312282801e-05
9.179634798783808947e-05
9.037803829414770007e-05
9.240033250534906983e-05
9.105932258535176516e-05
9.075325215235352516e-05
9.009799396153539419e-05
9.092085383599624038e-05
1.021487551042810082e-04
9.475612750975415111e-05
9.002240403788164258e-05
9.071244858205318451e-05
8.967089524958282709e-05
9.145968942902982235e-05
8.981788414530456066e-05
9.145082731265574694e-05
9.589525143383070827e-05
9.628216503188014030e-05
9.024700557347387075e-05
9.199619671562686563e-05
9.022616723086684942e-05
8.930257172323763371e-05
9.331138426205143332e-05
9.150537516688928008e-05
9.522994514554738998e-05
8.973282092483714223e-05
9.054420661414042115e-05
8.999694546218961477e-05
9.219664207194000483e-05
8.996912220027297735e-05
9.577237506164237857e-05
8.953372162068262696e-05
8.837903442326933146e-05
8.990191417979076505e-05
8.823877578834071755e-05
8.795229950919747353e-05
8.739035547478124499e-05
8.795237954473122954e-05
9.308770677307620645e-05
8.771449211053550243e-05
8.876069477992132306e-05
8.845251431921496987e-05
8.656997670186683536e-05
8.669866656418889761e-05
8.822185918688774109e-05
8.633003017166629434e-05
8.699543832335621119e-05
8.807803533272817731e-05
8.657566650072112679e-05
8.623825124232098460e-05
8.679158054292201996e-05
8.633342076791450381e-05
8.624861220596358180e-05
8.688140223966911435e-05
8.602717571193352342e-05
8.573212107876315713e-05
8.645007619634270668e-05
8.583523595007136464e-05
8.565859752707183361e-05
8.543932199245318770e-05
9.280745143769308925e-05
8.700098987901583314e-05
8.907116716727614403e-05
9.609501285012811422e-05
8.529439946869388223e-05
8.850813901517540216e-05
8.577964763389900327e-05
9.273566683987155557e-05
8.509194594807922840e-05
8.884101407602429390e-05
8.674961281940340996e-05
8.420972881140187383e-05
8.476807852275669575e-05
8.486071601510047913e-05
8.451835310552269220e-05
8.399949729209765792e-05
8.584732131566852331e-05
8.323225483763962984e-05
8.507732854923233390e-05
8.388493733946233988e-05
8.449890447081997991e-05
8.340223575942218304e-05
8.345433161593973637e-05
8.347529364982619882e-05
8.361898653674870729e-05
8.327297837240621448e-05
8.519849507138133049e-05
8.376806363230571151e-05
8.670694660395383835e-05
8.423820690950378776e-05
8.448227890767157078e-05
8.254506246885284781e-05
8.310397242894396186e-05
8.291601989185437560e-05
8.334616723004728556e-05
8.282912313006818295e-05
8.475735376123338938e-05
8.393920143134891987e-05
8.561700087739154696e-05
8.347797847818583250e-05
8.698913734406232834e-05
8.791871368885040283e-05
8.919230458559468389e-05
8.445807179668918252e-05
9.108521044254302979e-05
8.696420263731852174e-05
8.546501339878886938e-05
8.156662079272791743e-05
8.239051385316997766e-05
8.200724550988525152e-05
8.320897904923185706e-05
8.180488657671958208e-05
8.395448094233870506e-05
8.180904114851728082e-05
8.321672794409096241e-05
8.133790834108367562e-05
8.476857328787446022e-05
8.260630420409142971e-05
8.426420390605926514e-05
8.231344691012054682e-05
8.329893171321600676e-05
8.169228385668247938e-05
8.497203816659748554e-05
8.272877312265336514e-05
8.494090434396639466e-05
8.194502879632636905e-05
8.183593308785930276e-05
8.096734381979331374e-05
8.201461605494841933e-05
8.125915337586775422e-05
8.576154505135491490e-05
8.275547588709741831e-05
8.283337956527248025e-05
8.088230970315635204e-05
8.209807128878310323e-05
8.061428525252267718e-05
8.104422886390239000e-05
8.028395677683874965e-05
8.056162914726883173e-05
8.049746247706934810e-05
8.072498894762247801e-05
8.016242645680904388e-05
8.085271110758185387e-05
8.133115625241771340e-05
8.083313878159970045e-05
8.090477786026895046e-05
8.136587712215259671e-05
8.385175169678404927e-05
8.035330392885953188e-05
7.994432235136628151e-05
8.026706200325861573e-05
7.996983185876160860e-05
7.984913827385753393e-05
8.010709279915317893e-05
7.967327837832272053e-05
8.033903577597811818e-05
7.984320109244436026e-05
8.057809463934972882e-05
7.970519800437614322e-05
7.947453559609130025e-05
8.116928074741736054e-05
8.053025521803647280e-05
8.466374856652691960e-05
8.059076208155602217e-05
7.973454921739175916e-05
7.995270425453782082e-05
7.949146674945950508e-05
7.983123214216902852e-05
7.920707867015153170e-05
7.941162766655907035e-05
7.898755575297400355e-05
7.914031448308378458e-05
7.899700722191482782e-05
7.898631156422197819e-05
7.967288547661155462e-05
7.884346996434032917e-05
7.992012251634150743e-05
7.875573646742850542e-05
7.904498488642275333e-05
7.947754056658595800e-05
7.900629861978814006e-05
7.971625745994970202e-05
7.850470137782394886e-05
7.952804298838600516e-05
7.844645006116479635e-05
7.891717541497200727e-05
7.837374869268387556e-05
7.850045949453487992e-05
7.845491199987009168e-05
7.834943244233727455e-05
7.850011024856939912e-05
7.823977648513391614e-05
7.849572284612804651e-05
7.821665349183604121e-05
7.858245953684672713e-05
7.834558346075937152e-05
7.812623516656458378e-05
7.894319423940032721e-05
7.840197940822690725e-05
7.965289114508777857e-05
7.819810707587748766e-05
7.920773350633680820e-05
7.811438990756869316e-05
7.866703526815399528e-05
7.807348447386175394e-05
7.865300722187384963e-05
7.793561962898820639e-05
7.833227573428303003e-05
7.782350439811125398e-05
7.818565063644200563e-05
7.780895248288288713e-05
7.802119216648861766e-05
7.777381688356399536e-05
7.803074549883604050e-05
7.765960617689415812e-05
7.824937347322702408e-05
7.776572601869702339e-05
7.806224311934784055e-05
7.761405140627175570e-05
7.773574907332658768e-05
7.761812594253569841e-05
7.765738700982183218e-05
7.774886034894734621e-05
7.751346856821328402e-05
7.760875450912863016e-05
7.754308171570301056e-05
7.752048986731097102e-05
7.759396248729899526e-05
7.742356683593243361e-05
7.755129627184942365e-05
7.743168680462986231e-05
7.741476292721927166e-05
7.738364365650340915e-05
7.734852260909974575e-05
7.722654845565557480e-05
7.749236829113215208e-05
7.729500066488981247e-05
7.731356163276359439e-05
7.717735570622608066e-05
7.753859244985505939e-05
7.705253665335476398e-05
7.747157360427081585e-05
7.696763350395485759e-05
7.734020618954673409e-05
7.712546357652172446e-05
7.709306373726576567e-05
7.691622158745303750e-05
7.701513095526024699e-05
7.694074884057044983e-05
7.694255327805876732e-05
7.690631173318251967e-05
7.696217653574422002e-05
7.685647869948297739e-05
7.697685941820964217e-05
7.673942309338599443e-05
7.697467663092538714e-05
7.680137787247076631e-05
7.671000639675185084e-05
7.708690100116655231e-05
7.654527871636673808e-05
7.697046385146677494e-05
7.659573020646348596e-05
7.663848373340442777e-05
7.692336657783016562e-05
7.654848013771697879e-05
7.725525938440114260e-05
7.670384366065263748e-05
7.754211401334032416e-05
7.638039096491411328e-05
7.714710955042392015e-05
7.636459486093372107e-05
7.702515722485259175e-05
7.619857933605089784e-05
7.671842467971146107e-05
7.617274241056293249e-05
7.636321970494464040e-05
7.634184294147416949e-05
7.624234422110021114e-05
7.616158836754038930e-05
7.606989674968644977e-05
7.616652146680280566e-05
7.606799772474914789e-05
7.600446406286209822e-05
7.614346395712345839e-05
7.600464596180245280e-05
7.612698391312733293e-05
7.620347605552524328e-05
7.590580207761377096e-05
7.616221409989520907e-05
7.599357923027127981e-05
7.580641249660402536e-05
7.611103501403704286e-05
7.593910413561388850e-05
7.582882972201332450e-05
7.608832675032317638e-05
7.592756446683779359e-05
7.576995994895696640e-05
7.610081229358911514e-05
7.580575766041874886e-05
7.583243859698995948e-05
7.597505464218556881e-05
7.575761992484331131e-05
7.580909004900604486e-05
7.585933053633198142e-05
7.578951772302389145e-05
7.573794573545455933e-05
7.582778926007449627e-05
7.578020449727773666e-05
7.566378189949318767e-05
7.573202310595661402e-05
7.570183515781536698e-05
7.567101420136168599e-05
7.563341932836920023e-05
7.566237036371603608e-05
7.555798219982534647e-05
7.566211570519953966e-05
7.557707431260496378e-05
7.555152842542156577e-05
7.566560088889673352e-05
7.546841516159474850e-05
7.553905743407085538e-05
7.573358743684366345e-05
7.536022894782945514e-05
7.565550185972824693e-05
7.547398854512721300e-05
7.536514749517664313e-05
7.551158341811969876e-05
7.534785981988534331e-05
7.535391341662034392e-05
7.563010876765474677e-05
7.529569847974926233e-05
7.549220026703551412e-05
7.538631325587630272e-05
7.526448462158441544e-05
7.538631325587630272e-05
7.534067844972014427e-05
7.527431444032117724e-05
7.547406130470335484e-05
7.513174205087125301e-05
7.523792737629264593e-05
7.539936632383614779e-05
7.513550372095778584e-05
7.571034075226634741e-05
7.504317181883379817e-05
7.522264786530286074e-05
7.539182843174785376e-05
7.501013169530779123e-05
7.529636786784976721e-05
7.512675801990553737e-05
7.498900231439620256e-05
7.527162233600392938e-05
7.496967009501531720e-05
7.509368879254907370e-05
7.507290138164535165e-05
7.490606367355212569e-05
7.504236418753862381e-05
7.496650505345314741e-05
7.491308497264981270e-05
7.500482024624943733e-05
7.487949915230274200e-05
7.500747597077861428e-05
7.487081893486902118e-05
7.483067020075395703e-05
7.495123281842097640e-05
7.484394882339984179e-05
7.483353692805394530e-05
7.481677312171086669e-05
7.482423825422301888e-05
7.480588101316243410e-05
7.480478234356269240e-05
7.480842759832739830e-05
7.468321564374491572e-05
7.487393304472789168e-05
7.464506779797375202e-05
7.466589158866554499e-05
7.486794493161141872e-05
7.454036676790565252e-05
7.488273695344105363e-05
7.451225246768444777e-05
7.457868923665955663e-05
7.476399332517758012e-05
7.454225124092772603e-05
7.452657882822677493e-05
7.463338988600298762e-05
7.455520972143858671e-05
7.446304516633972526e-05
7.452191493939608335e-05
7.461346831405535340e-05
7.450134580722078681e-05
7.449784607160836458e-05
7.452983118128031492e-05
7.451231067534536123e-05
7.444392394972965121e-05
7.445079245371744037e-05
7.452743739122524858e-05
7.448190444847568870e-05
7.440310582751408219e-05
7.438804459525272250e-05
7.447392999893054366e-05
7.445782102877274156e-05
7.439833279931917787e-05
7.438340981025248766e-05
7.444693619618192315e-05
7.437673048116266727e-05
7.434497092617675662e-05
7.437139720423147082e-05
7.434134022332727909e-05
7.433102291543036699e-05
7.436666783178225160e-05
7.433116115862503648e-05
7.436676241923123598e-05
7.430458208546042442e-05
7.433825521729886532e-05
7.432523852912709117e-05
7.434240978909656405e-05
7.427731907228007913e-05
7.427745731547474861e-05
7.427764649037271738e-05
7.421639747917652130e-05
7.424882642226293683e-05
7.430818368447944522e-05
7.422373164445161819e-05
7.421641930704936385e-05
7.426402589771896601e-05
7.422570342896506190e-05
7.418183668050915003e-05
7.419026223942637444e-05
7.420231850119307637e-05
7.417192682623863220e-05
7.412949344143271446e-05
7.413358980556949973e-05
7.421711779898032546e-05
7.407856901409104466e-05
7.404151256196200848e-05
7.413615094264969230e-05
7.415910658892244101e-05
7.407975499518215656e-05
7.404309144476428628e-05
7.411916885757818818e-05
7.411939441226422787e-05
7.400540198432281613e-05
7.406036456814035773e-05
7.410909893224015832e-05
7.400933827739208937e-05
7.396333967335522175e-05
7.409984391415491700e-05
7.408056262647733092e-05
7.391411054413765669e-05
7.398604066111147404e-05
7.405671931337565184e-05
7.397033914458006620e-05
7.394528074655681849e-05
7.396726141450926661e-05
7.398645539069548249e-05
7.394749263767153025e-05
7.393970008706673980e-05
7.389697566395625472e-05
7.390796963591128588e-05
7.385844219243153930e-05
7.389332313323393464e-05
7.390527753159403801e-05
7.384816854028031230e-05
7.388459926005452871e-05
7.381428440567106009e-05
7.383464981103315949e-05
7.379438466159626842e-05
7.384215859929099679e-05
7.374647248070687056e-05
7.377896690741181374e-05
7.374795677606016397e-05
7.376710709650069475e-05
7.374078268185257912e-05
7.384126365650445223e-05
7.378157170023769140e-05
7.374556298600509763e-05
7.371009996859356761e-05
7.372896652668714523e-05
7.368345541181042790e-05
7.370971434284001589e-05
7.367601210717111826e-05
7.370545063167810440e-05
