7.811010479927062988e-01
6.757643222808837891e-01
6.011017560958862305e-01
5.173099637031555176e-01
4.236854910850524902e-01
3.589117228984832764e-01
2.925603687763214111e-01
2.382361292839050293e-01
1.968062520027160645e-01
1.718535125255584717e-01
1.447621881961822510e-01
1.237709000706672668e-01
1.039914712309837341e-01
9.319186210632324219e-02
7.580054551362991333e-02
6.413511931896209717e-02
6.070096045732498169e-02
4.640375822782516479e-02
3.465348854660987854e-02
3.184125199913978577e-02
2.779973484575748444e-02
2.232549525797367096e-02
2.283074893057346344e-02
2.371302060782909393e-02
3.118133731186389923e-02
4.012000933289527893e-02
1.937535405158996582e-02
1.998567022383213043e-02
2.250254526734352112e-02
2.578132599592208862e-02
2.368112094700336456e-02
3.856394067406654358e-02
2.697231993079185486e-02
2.346557006239891052e-02
1.813679002225399017e-02
1.480196695774793625e-02
1.423780061304569244e-02
2.288405597209930420e-02
3.124400600790977478e-02
5.997311323881149292e-02
1.846993342041969299e-02
3.218768164515495300e-02
9.752670675516128540e-02
2.611332572996616364e-02
1.032214909791946411e-01
3.857161849737167358e-02
4.456955939531326294e-02
3.298927843570709229e-02
4.145429655909538269e-02
3.986043855547904968e-02
3.779664263129234314e-02
2.351519092917442322e-02
2.141789719462394714e-02
2.314779162406921387e-02
1.872685924172401428e-02
2.305216714739799500e-02
1.425650436431169510e-02
1.575775630772113800e-02
1.738747768104076385e-02
1.877803541719913483e-02
3.525977209210395813e-02
3.663498163223266602e-02
2.516855672001838684e-02
2.680473215878009796e-02
8.632459491491317749e-02
2.405191771686077118e-02
2.859783545136451721e-02
2.382365614175796509e-02
2.598212473094463348e-02
1.669462397694587708e-02
2.115583419799804688e-02
2.461341582238674164e-02
2.056865580379962921e-02
2.669004909694194794e-02
3.815708681941032410e-02
4.977033659815788269e-02
2.895540557801723480e-02
1.693194918334484100e-02
2.268385328352451324e-02
2.565731480717658997e-02
3.846515715122222900e-02
1.956519111990928650e-02
2.157752774655818939e-02
1.093611214309930801e-02
2.034151926636695862e-02
2.862412296235561371e-02
3.244528546929359436e-02
2.036940306425094604e-02
1.911271549761295319e-02
1.516927126795053482e-02
2.021696604788303375e-02
1.785035990178585052e-02
2.426125667989253998e-02
4.645736515522003174e-02
3.899826481938362122e-02
2.941746078431606293e-02
3.522927686572074890e-02
2.795385755598545074e-02
2.241083048284053802e-02
1.009577699005603790e-02
1.767636276781558990e-02
1.617678999900817871e-02
1.678474433720111847e-02
1.081028673797845840e-02
8.846793323755264282e-03
9.564630687236785889e-03
1.548809278756380081e-02
1.798110455274581909e-02
1.059713494032621384e-02
8.034935221076011658e-03
1.346174534410238266e-02
8.344628848135471344e-03
1.285279449075460434e-02
1.105526648461818695e-02
7.229827344417572021e-03
9.808689355850219727e-03
1.465223077684640884e-02
1.311667170375585556e-02
2.350400388240814209e-02
9.387713856995105743e-03
1.711437478661537170e-02
1.773127540946006775e-02
1.547545380890369415e-02
2.629845589399337769e-02
1.478864997625350952e-02
1.984607614576816559e-02
1.640094071626663208e-02
1.007049996405839920e-02
1.788390427827835083e-02
2.168538607656955719e-02
1.558150257915258408e-02
1.141204778105020523e-02
1.200346462428569794e-02
1.194949354976415634e-02
9.667350910604000092e-03
8.289549499750137329e-03
1.421017386019229889e-02
2.016159519553184509e-02
2.252181246876716614e-02
1.376009453088045120e-02
9.664569050073623657e-03
1.117319334298372269e-02
1.219344325363636017e-02
1.252977829426527023e-02
6.157210562378168106e-03
1.339337415993213654e-02
1.009929273277521133e-02
6.473944522440433502e-03
7.276766933500766754e-03
5.481854081153869629e-03
5.421507637947797775e-03
7.746228016912937164e-03
5.911190994083881378e-03
5.425205919891595840e-03
5.391392391175031662e-03
9.099045768380165100e-03
9.471856057643890381e-03
1.049409806728363037e-02
1.636963151395320892e-02
1.811061799526214600e-02
5.015628784894943237e-02
3.138967230916023254e-02
1.711648516356945038e-02
1.847792044281959534e-02
1.703115925192832947e-02
2.304498665034770966e-02
1.365191303193569183e-02
1.106642093509435654e-02
8.912509307265281677e-03
8.013615384697914124e-03
8.754858747124671936e-03
1.184522826224565506e-02
1.321159768849611282e-02
9.474764578044414520e-03
1.020745281130075455e-02
8.238698355853557587e-03
6.192055065184831619e-03
5.351800937205553055e-03
6.649831309914588928e-03
1.170849986374378204e-02
6.534606218338012695e-03
7.918677292764186859e-03
1.220965571701526642e-02
1.281565800309181213e-02
1.239458285272121429e-02
1.129478681832551956e-02
9.175375103950500488e-03
7.056050933897495270e-03
7.079712115228176117e-03
5.492304917424917221e-03
8.638990111649036407e-03
7.273973431438207626e-03
1.095001306384801865e-02
1.430292241275310516e-02
1.747528463602066040e-02
1.757024787366390228e-02
2.047994360327720642e-02
2.541983127593994141e-02
1.092757564038038254e-02
1.929568871855735779e-02
1.197665650397539139e-02
7.206904701888561249e-03
8.758855983614921570e-03
8.943061344325542450e-03
1.072942372411489487e-02
6.205996032804250717e-03
5.590549204498529434e-03
4.355421755462884903e-03
6.860954686999320984e-03
9.217906743288040161e-03
8.717495948076248169e-03
8.970078080892562866e-03
7.130938582122325897e-03
5.343943834304809570e-03
3.682891605421900749e-03
4.071896430104970932e-03
3.920172341167926788e-03
5.343880970031023026e-03
3.776680678129196167e-03
7.442885078489780426e-03
4.363058600574731827e-03
4.649311769753694534e-03
4.830498713999986649e-03
7.306669838726520538e-03
4.648298490792512894e-03
4.034921992570161819e-03
3.500839928165078163e-03
3.603620221838355064e-03
3.483466338366270065e-03
3.347997553646564484e-03
4.126327577978372574e-03
3.575207199901342392e-03
3.145015100017189980e-03
3.428066615015268326e-03
3.369961399585008621e-03
4.829749464988708496e-03
3.584550460800528526e-03
3.864365629851818085e-03
5.106996279209852219e-03
7.882372476160526276e-03
4.789652768522500992e-03
5.629393272101879120e-03
4.430367145687341690e-03
4.113342147320508957e-03
4.093693569302558899e-03
3.896707901731133461e-03
4.985604900866746902e-03
7.312626577913761139e-03
5.891879554837942123e-03
9.128968231379985809e-03
1.157904602587223053e-02
1.093458849936723709e-02
9.231622330844402313e-03
1.369321718811988831e-02
1.140911038964986801e-02
6.126041058450937271e-03
4.943982232362031937e-03
5.393045954406261444e-03
4.052928648889064789e-03
5.129226949065923691e-03
4.864403512328863144e-03
7.205131929367780685e-03
3.201344283297657967e-03
5.223101936280727386e-03
6.188343744724988937e-03
3.695053979754447937e-03
8.219400420784950256e-03
6.754671223461627960e-03
4.743663128465414047e-03
6.776648107916116714e-03
1.130886562168598175e-02
7.629850879311561584e-03
8.904745802283287048e-03
6.014028564095497131e-03
6.959453225135803223e-03
4.478474147617816925e-03
7.215681020170450211e-03
5.178119987249374390e-03
6.738752126693725586e-03
6.172430235892534256e-03
4.573417361825704575e-03
6.402099039405584335e-03
4.150423686951398849e-03
3.881307784467935562e-03
3.546409308910369873e-03
3.168412949889898300e-03
5.694455932825803757e-03
3.732697572559118271e-03
3.594971494749188423e-03
2.660854952409863472e-03
3.698470536619424820e-03
3.393148770555853844e-03
3.652034094557166100e-03
3.755031153559684753e-03
3.061715280637145042e-03
3.374214051291346550e-03
3.077836940065026283e-03
4.305329639464616776e-03
4.306124988943338394e-03
3.630181541666388512e-03
3.928116057068109512e-03
2.755364403128623962e-03
3.084605326876044273e-03
3.622863208875060081e-03
4.040968604385852814e-03
2.816811203956604004e-03
3.080583643168210983e-03
4.557848908007144928e-03
4.584136884659528732e-03
3.372457809746265411e-03
3.028884762898087502e-03
2.318348968401551247e-03
3.257210366427898407e-03
3.839728655293583870e-03
4.286080598831176758e-03
2.657310571521520615e-03
2.512074308469891548e-03
2.427445957437157631e-03
2.362568397074937820e-03
2.807782497256994247e-03
2.837011124938726425e-03
4.032016731798648834e-03
3.318639239296317101e-03
3.351451596245169640e-03
3.456694306805729866e-03
2.540710149332880974e-03
2.583557274192571640e-03
2.953288843855261803e-03
2.761757699772715569e-03
3.424962284043431282e-03
4.781880415976047516e-03
5.288747604936361313e-03
7.355399429798126221e-03
3.121937392279505730e-03
2.779193455353379250e-03
3.317656693980097771e-03
3.912339452654123306e-03
3.323343116790056229e-03
3.177762031555175781e-03
2.526602707803249359e-03
3.252046881243586540e-03
2.419580472633242607e-03
3.213906893506646156e-03
2.347692614421248436e-03
2.657304750755429268e-03
3.531348425894975662e-03
2.899422775954008102e-03
2.330912975594401360e-03
2.950273919850587845e-03
2.892286051064729691e-03
2.510299906134605408e-03
2.368148881942033768e-03
3.435583086684346199e-03
2.393861301243305206e-03
2.225140109658241272e-03
2.604291774332523346e-03
2.778255380690097809e-03
2.993010915815830231e-03
2.527740783989429474e-03
3.466739784926176071e-03
3.193872515112161636e-03
3.204095643013715744e-03
3.069810802116990089e-03
3.334364155307412148e-03
4.519519396126270294e-03
4.419477656483650208e-03
4.264985676854848862e-03
2.544605638831853867e-03
2.605611691251397133e-03
2.821750473231077194e-03
3.088039113208651543e-03
2.999411663040518761e-03
4.003568552434444427e-03
3.121417714282870293e-03
2.583185676485300064e-03
4.547048825770616531e-03
4.692937247455120087e-03
2.986697480082511902e-03
3.252858994528651237e-03
3.311786567792296410e-03
3.276166506111621857e-03
2.694483380764722824e-03
2.147456165403127670e-03
2.228510333225131035e-03
2.056259661912918091e-03
2.037908881902694702e-03
2.115362556651234627e-03
2.071544062346220016e-03
1.985216746106743813e-03
2.064354484900832176e-03
2.123785903677344322e-03
2.075212309136986732e-03
2.361799124628305435e-03
2.431582193821668625e-03
2.510016318410634995e-03
2.311113523319363594e-03
2.316300291568040848e-03
2.367263659834861755e-03
2.510751131922006607e-03
2.284093061462044716e-03
2.447733888402581215e-03
2.041904721409082413e-03
2.089716726914048195e-03
2.052318071946501732e-03
2.002537017688155174e-03
2.078331774100661278e-03
2.740667900070548058e-03
2.990545239299535751e-03
2.344530774280428886e-03
2.594770630821585655e-03
2.292566001415252686e-03
2.061324194073677063e-03
2.416107803583145142e-03
2.639916725456714630e-03
1.877565635368227959e-03
2.028928603976964951e-03
1.885830424726009369e-03
1.942167640663683414e-03
2.008963841944932938e-03
1.998730469495058060e-03
1.883256598375737667e-03
1.852034591138362885e-03
1.854743808507919312e-03
1.926270429976284504e-03
1.884542056359350681e-03
2.098814584314823151e-03
1.960570225492119789e-03
2.147627761587500572e-03
2.213190775364637375e-03
1.986406045034527779e-03
2.479343675076961517e-03
2.130892127752304077e-03
1.796121126972138882e-03
2.097624121233820915e-03
1.888635102659463882e-03
1.971665769815444946e-03
1.782068284228444099e-03
1.866624574176967144e-03
1.980751752853393555e-03
1.871782937087118626e-03
1.881901756860315800e-03
1.934617175720632076e-03
1.895097782835364342e-03
1.767095876857638359e-03
1.774186734110116959e-03
1.820723642595112324e-03
1.833562157116830349e-03
1.847502076998353004e-03
1.885565812699496746e-03
1.863743294961750507e-03
1.856852672062814236e-03
1.758612343110144138e-03
1.764146843925118446e-03
1.799901132471859455e-03
2.016328275203704834e-03
2.192985732108354568e-03
2.093666931614279747e-03
1.776809222064912319e-03
2.136160619556903839e-03
2.016176003962755203e-03
1.961745554581284523e-03
1.882906421087682247e-03
2.016198355704545975e-03
1.787482760846614838e-03
1.791205839253962040e-03
1.900433446280658245e-03
1.782026840373873711e-03
2.189741004258394241e-03
1.744314096868038177e-03
1.808099797926843166e-03
1.853190129622817039e-03
1.744382665492594242e-03
1.741589163430035114e-03
1.785757485777139664e-03
1.712137716822326183e-03
1.721504842862486839e-03
1.754018827341496944e-03
1.867668121121823788e-03
2.162026474252343178e-03
2.205754863098263741e-03
2.269542077556252480e-03
2.152265515178442001e-03
2.045988803729414940e-03
2.077716868370771408e-03
2.158897696062922478e-03
1.698854845017194748e-03
1.702652545645833015e-03
1.734941848553717136e-03
1.800434198230504990e-03
1.709920587018132210e-03
1.800263649784028530e-03
1.770755858160555363e-03
1.710465177893638611e-03
1.683073583990335464e-03
1.636028522625565529e-03
1.660651643760502338e-03
1.657605636864900589e-03
1.810453482903540134e-03
1.720274332910776138e-03
1.876091351732611656e-03
1.852960675023496151e-03
1.956627471372485161e-03
1.787169836461544037e-03
1.991935074329376221e-03
1.630201004445552826e-03
1.740708365105092525e-03
1.756014535203576088e-03
1.810250105336308479e-03
1.619271468371152878e-03
1.680083223618566990e-03
1.645418116822838783e-03
1.642886316403746605e-03
1.631581690162420273e-03
1.742534572258591652e-03
1.654744381085038185e-03
1.795436954125761986e-03
1.873781089670956135e-03
1.899427152238786221e-03
1.871254877187311649e-03
1.790854264982044697e-03
1.677645137533545494e-03
1.596086774952709675e-03
1.657800516113638878e-03
1.645334530621767044e-03
1.620007213205099106e-03
1.596874208189547062e-03
1.685310620814561844e-03
2.218968933448195457e-03
1.933273160830140114e-03
1.619888469576835632e-03
1.673156628385186195e-03
1.627216115593910217e-03
1.745910150930285454e-03
1.655383268371224403e-03
1.794922864064574242e-03
1.836070092394948006e-03
1.873632310889661312e-03
1.630637212656438351e-03
1.654798048548400402e-03
1.669900957494974136e-03
1.649241079576313496e-03
1.811204943805932999e-03
1.871273154392838478e-03
1.883656950667500496e-03
1.655835774727165699e-03
1.652762293815612793e-03
1.637451350688934326e-03
1.796204131096601486e-03
1.617640489712357521e-03
1.760863931849598885e-03
1.690129865892231464e-03
1.635918742977082729e-03
1.617464702576398849e-03
1.581643358804285526e-03
1.614889129996299744e-03
1.646100543439388275e-03
1.618146896362304688e-03
1.767623703926801682e-03
1.595302950590848923e-03
1.675380626693367958e-03
1.672663958743214607e-03
1.577394548803567886e-03
1.557281822897493839e-03
1.643351628445088863e-03
1.609522034414112568e-03
1.558198244310915470e-03
1.591577194631099701e-03
1.583930104970932007e-03
1.566472812555730343e-03
1.574884634464979172e-03
1.554169808514416218e-03
1.546969288028776646e-03
1.587526174262166023e-03
1.538400771096348763e-03
1.549887587316334248e-03
1.616316149011254311e-03
1.591491512954235077e-03
1.563749858178198338e-03
1.598247210495173931e-03
1.781054190360009670e-03
1.665281946770846844e-03
1.757827936671674252e-03
1.801262493245303631e-03
1.536725671030580997e-03
1.712206518277525902e-03
1.635888824239373207e-03
1.706611365079879761e-03
1.606300007551908493e-03
1.717012375593185425e-03
1.701281871646642685e-03
1.568534062243998051e-03
1.579695614054799080e-03
1.582646276801824570e-03
1.627662102691829205e-03
1.529323402792215347e-03
1.661421265453100204e-03
1.547224237583577633e-03
1.622944022528827190e-03
1.544265891425311565e-03
1.522619393654167652e-03
1.517198397777974606e-03
1.536895171739161015e-03
1.528279157355427742e-03
1.548758358694612980e-03
1.566224382258951664e-03
1.568362116813659668e-03
1.602903008460998535e-03
1.604523276910185814e-03
1.605336205102503300e-03
1.537819160148501396e-03
1.507097738794982433e-03
1.568932551890611649e-03
1.544352155178785324e-03
1.543136895634233952e-03
1.544089755043387413e-03
1.565145095810294151e-03
1.617089612409472466e-03
1.567608327604830265e-03
1.613046741113066673e-03
1.639000489376485348e-03
1.777470810338854790e-03
1.725449925288558006e-03
1.687142648734152317e-03
1.775027485564351082e-03
1.753648743033409119e-03
1.569331972859799862e-03
1.528237829916179180e-03
1.538978773169219494e-03
1.563922734931111336e-03
1.568614621646702290e-03
1.576336566358804703e-03
1.557176699861884117e-03
1.548856147564947605e-03
1.608175458386540413e-03
1.547853928059339523e-03
1.629810896702110767e-03
1.596682006493210793e-03
1.589166466146707535e-03
1.641684328205883503e-03
1.574345980770885944e-03
1.549850567243993282e-03
1.616178429685533047e-03
1.640677684918045998e-03
1.602774835191667080e-03
1.587395323440432549e-03
1.490243361331522465e-03
1.503858249634504318e-03
1.586681115441024303e-03
1.558333053253591061e-03
1.581773743964731693e-03
1.633731648325920105e-03
1.546520856209099293e-03
1.532779657281935215e-03
1.541957841254770756e-03
1.511075417511165142e-03
1.485636108554899693e-03
1.485657994635403156e-03
1.495926058851182461e-03
1.478343852795660496e-03
1.492247218266129494e-03
1.488550449721515179e-03
1.476865378208458424e-03
1.580498530529439449e-03
1.516673830337822437e-03
1.506282365880906582e-03
1.587360515259206295e-03
1.577747170813381672e-03
1.520830322988331318e-03
1.488161389715969563e-03
1.475960831157863140e-03
1.474221586249768734e-03
1.482028630562126637e-03
1.476234756410121918e-03
1.479213708080351353e-03
1.481469953432679176e-03
1.492485636845231056e-03
1.487391535192728043e-03
1.498549710959196091e-03
1.481659477576613426e-03
1.529397326521575451e-03
1.581666758283972740e-03
1.608893508091568947e-03
1.544145517982542515e-03
1.468741451390087605e-03
1.468664384447038174e-03
1.502212835475802422e-03
1.475783297792077065e-03
1.465473324060440063e-03
1.464978093281388283e-03
1.467958325520157814e-03
1.457488164305686951e-03
1.460535451769828796e-03
1.470928196795284748e-03
1.494534080848097801e-03
1.491799601353704929e-03
1.501715625636279583e-03
1.475702505558729172e-03
1.452622353099286556e-03
1.469583017751574516e-03
1.500235637649893761e-03
1.471712719649076462e-03
1.485990360379219055e-03
1.470124931074678898e-03
1.473291078582406044e-03
1.455929595977067947e-03
1.456753234378993511e-03
1.447759219445288181e-03
1.452436554245650768e-03
1.451930380426347256e-03
1.450194977223873138e-03
1.452342490665614605e-03
1.450158306397497654e-03
1.449891133233904839e-03
1.456203521229326725e-03
1.447437680326402187e-03
1.461914158426225185e-03
1.457850914448499680e-03
1.486980472691357136e-03
1.473971293307840824e-03
1.484215026721358299e-03
1.460432424210011959e-03
1.473108073696494102e-03
1.452002674341201782e-03
1.469306298531591892e-03
1.454886747524142265e-03
1.457491773180663586e-03
1.446316484361886978e-03
1.448250259272754192e-03
1.443175016902387142e-03
1.454068929888308048e-03
1.441201777197420597e-03
1.452072989195585251e-03
1.447096699848771095e-03
1.450292416848242283e-03
1.443550572730600834e-03
1.453906879760324955e-03
1.439049257896840572e-03
1.445511355996131897e-03
1.442687236703932285e-03
1.441709930077195168e-03
1.437111757695674896e-03
1.438575913198292255e-03
1.438209437765181065e-03
1.440987573005259037e-03
1.438657403923571110e-03
1.444240333512425423e-03
1.435113488696515560e-03
1.439390471205115318e-03
1.434626057744026184e-03
1.438317005522549152e-03
1.436317223124206066e-03
1.436777412891387939e-03
1.434979261830449104e-03
1.437386847101151943e-03
1.434036879800260067e-03
1.439592102542519569e-03
1.432922203093767166e-03
1.442336360923945904e-03
1.435213838703930378e-03
1.443147077225148678e-03
1.436162274330854416e-03
1.434466335922479630e-03
1.431371201761066914e-03
1.434430945664644241e-03
1.432537799701094627e-03
1.431642100214958191e-03
1.431366428732872009e-03
1.431382959708571434e-03
1.430805190466344357e-03
1.429170952178537846e-03
1.428127870894968510e-03
1.432652235962450504e-03
1.429516589269042015e-03
1.427966635674238205e-03
1.433433266356587410e-03
1.426148926839232445e-03
1.437506638467311859e-03
1.430243020877242088e-03
1.436122343875467777e-03
1.428546966053545475e-03
1.425222144462168217e-03
1.427198178134858608e-03
1.429189229384064674e-03
1.450472860597074032e-03
1.437384285964071751e-03
1.472073490731418133e-03
1.443201093934476376e-03
1.446312060579657555e-03
1.435753423720598221e-03
1.454504439607262611e-03
1.431783661246299744e-03
1.438565785065293312e-03
1.426916685886681080e-03
1.431117299944162369e-03
1.420096145011484623e-03
1.420786953531205654e-03
1.420120708644390106e-03
1.422417582944035530e-03
1.418232568539679050e-03
1.420109067112207413e-03
1.418736530467867851e-03
1.420138170942664146e-03
1.418135128915309906e-03
1.417703577317297459e-03
1.428204705007374287e-03
1.416098792105913162e-03
1.424048328772187233e-03
1.418704981915652752e-03
1.416595536284148693e-03
1.424915040843188763e-03
1.418343279510736465e-03
1.415807171724736691e-03
1.419320818968117237e-03
1.420046552084386349e-03
1.416022889316082001e-03
1.422131899744272232e-03
1.415887498296797276e-03
1.414867118000984192e-03
1.421456923708319664e-03
1.414984697476029396e-03
1.417270745150744915e-03
1.412841025739908218e-03
1.415197621099650860e-03
1.413257792592048645e-03
1.415015081875026226e-03
1.415004837326705456e-03
1.414094236679375172e-03
1.414489815942943096e-03
1.414578524418175220e-03
1.413400634191930294e-03
1.413630554452538490e-03
1.413217396475374699e-03
1.410879427567124367e-03
1.414145808666944504e-03
1.412197598256170750e-03
1.412381534464657307e-03
1.413498190231621265e-03
1.411530305631458759e-03
1.412331475876271725e-03
1.413625781424343586e-03
1.411142759025096893e-03
1.413736958056688309e-03
1.413009478710591793e-03
1.409766147844493389e-03
1.416365150362253189e-03
1.411654520779848099e-03
1.409989665262401104e-03
1.409181277267634869e-03
1.410723547451198101e-03
1.413225545547902584e-03
1.411246019415557384e-03
1.408024108968675137e-03
1.410683267749845982e-03
1.409816672094166279e-03
1.405655406415462494e-03
1.417145715095102787e-03
1.410325174219906330e-03
1.409416436217725277e-03
1.412655110470950603e-03
1.405046903528273106e-03
1.421653898432850838e-03
1.412997022271156311e-03
1.411853823810815811e-03
1.406640512868762016e-03
1.406682655215263367e-03
1.415078877471387386e-03
1.407401636242866516e-03
1.406023278832435608e-03
1.405485556460916996e-03
1.408911193720996380e-03
1.404863898642361164e-03
1.407948904670774937e-03
1.404929440468549728e-03
1.404661452397704124e-03
1.407310948707163334e-03
1.402751426212489605e-03
1.407673582434654236e-03
1.403335249051451683e-03
1.403693691827356815e-03
1.405453775078058243e-03
1.402441528625786304e-03
1.405515591613948345e-03
1.402593217790126801e-03
1.403205329552292824e-03
1.403660629875957966e-03
1.401750836521387100e-03
1.402798574417829514e-03
1.400200999341905117e-03
1.407744945026934147e-03
1.400270382873713970e-03
1.405037357471883297e-03
1.400899258442223072e-03
1.399657572619616985e-03
1.402492751367390156e-03
1.402077497914433479e-03
1.408037845976650715e-03
1.400071196258068085e-03
1.399795059114694595e-03
1.402729423716664314e-03
1.398559194058179855e-03
1.399054192006587982e-03
1.400754437781870365e-03
1.399329164996743202e-03
1.398961641825735569e-03
1.398933934979140759e-03
1.398317515850067139e-03
1.399006694555282593e-03
1.397321466356515884e-03
1.399448141455650330e-03
1.398957683704793453e-03
1.397028332576155663e-03
1.397490035742521286e-03
1.397472573444247246e-03
1.398389576934278011e-03
1.398332999087870121e-03
1.398060237988829613e-03
1.397499814629554749e-03
1.396444393321871758e-03
1.396815641783177853e-03
1.396990730427205563e-03
1.396647188812494278e-03
1.396964769810438156e-03
1.397090847603976727e-03
1.396923209540545940e-03
1.395784318447113037e-03
1.397091429680585861e-03
1.397127169184386730e-03
1.395225990563631058e-03
1.396939973346889019e-03
1.395063241943717003e-03
1.396138919517397881e-03
1.395705854520201683e-03
1.396748935803771019e-03
1.394902006722986698e-03
1.395140541717410088e-03
1.395124359987676144e-03
1.394897117279469967e-03
1.395814353600144386e-03
1.395861501805484295e-03
1.394874998368322849e-03
1.394721795804798603e-03
1.393963117152452469e-03
1.394576276652514935e-03
1.393544021993875504e-03
1.394130056723952293e-03
1.394065562635660172e-03
1.395636936649680138e-03
1.392841106280684471e-03
1.392693491652607918e-03
1.395533327013254166e-03
1.393548795022070408e-03
1.392878009937703609e-03
1.394992112182080746e-03
1.393812592141330242e-03
1.392623293213546276e-03
1.391305937431752682e-03
1.393857412040233612e-03
1.392585574649274349e-03
1.392666716128587723e-03
1.393980463035404682e-03
1.396435429342091084e-03
1.391239697113633156e-03
1.390880555845797062e-03
1.392863807268440723e-03
1.393541926518082619e-03
1.391371712088584900e-03
1.393416547216475010e-03
1.391535857692360878e-03
1.389898941852152348e-03
1.390653313137590885e-03
1.391438418067991734e-03
1.391411991789937019e-03
1.391367171891033649e-03
1.391056459397077560e-03
1.389296376146376133e-03
1.390398829244077206e-03
1.389811281114816666e-03
1.391042140312492847e-03
1.389629789628088474e-03
1.390773337334394455e-03
1.390258898027241230e-03
1.389000331982970238e-03
1.389550510793924332e-03
1.388521166518330574e-03
1.391376834362745285e-03
1.388235017657279968e-03
1.388556673191487789e-03
1.389643759466707706e-03
1.390473917126655579e-03
1.387372612953186035e-03
1.391214434988796711e-03
1.387292286381125450e-03
1.386999734677374363e-03
1.388870179653167725e-03
1.388167846016585827e-03
1.388133619911968708e-03
1.387341530062258244e-03
1.388527452945709229e-03
1.387032796628773212e-03
1.388261094689369202e-03
