1.512002062797546387e+01
1.478391981124877930e+01
1.488611698150634766e+01
1.437253284454345703e+01
1.384896659851074219e+01
1.367345786094665527e+01
1.334347033500671387e+01
1.230411672592163086e+01
1.191627669334411621e+01
1.129095435142517090e+01
1.127264904975891113e+01
1.056859254837036133e+01
9.868448257446289062e+00
9.605980634689331055e+00
9.006765604019165039e+00
9.020965456962585449e+00
8.036460995674133301e+00
7.358893632888793945e+00
6.738718986511230469e+00
6.326644301414489746e+00
5.612249612808227539e+00
5.260919451713562012e+00
4.638125240802764893e+00
4.943666636943817139e+00
3.850789189338684082e+00
3.978856444358825684e+00
3.844770491123199463e+00
3.682530939579010010e+00
3.488773882389068604e+00
3.632698535919189453e+00
4.029127657413482666e+00
6.809431254863739014e+00
5.748264074325561523e+00
4.398507416248321533e+00
3.579042136669158936e+00
2.716723442077636719e+00
2.722572982311248779e+00
3.589622139930725098e+00
2.979391425848007202e+00
3.089738249778747559e+00
3.166545569896697998e+00
2.448606401681900024e+00
2.205687701702117920e+00
1.944308698177337646e+00
1.565811306238174438e+00
1.699210554361343384e+00
2.046804130077362061e+00
1.589168041944503784e+00
1.447857677936553955e+00
1.117439612746238708e+00
1.026109665632247925e+00
1.218082293868064880e+00
1.037675499916076660e+00
1.002426967024803162e+00
1.056466892361640930e+00
9.858275055885314941e-01
1.767531141638755798e+00
2.415544629096984863e+00
2.123215302824974060e+00
2.468623757362365723e+00
1.893912225961685181e+00
1.696223989129066467e+00
2.031242728233337402e+00
1.859319657087326050e+00
2.023944854736328125e+00
1.755913138389587402e+00
1.714954614639282227e+00
1.293154716491699219e+00
1.477726638317108154e+00
1.091460019350051880e+00
9.280890077352523804e-01
8.063416033983230591e-01
8.267700672149658203e-01
1.050648115575313568e+00
1.235651537775993347e+00
8.110803216695785522e-01
1.131549373269081116e+00
1.031481623649597168e+00
1.360226303339004517e+00
2.096400856971740723e+00
1.285130605101585388e+00
9.359703361988067627e-01
7.575553804636001587e-01
1.300762146711349487e+00
1.708405137062072754e+00
1.309820249676704407e+00
1.742710128426551819e+00
1.594244033098220825e+00
1.443503290414810181e+00
1.707335755228996277e+00
1.217793703079223633e+00
9.187774360179901123e-01
8.952637761831283569e-01
8.004674464464187622e-01
7.601591572165489197e-01
6.346870809793472290e-01
5.620172098278999329e-01
5.666406825184822083e-01
7.971206158399581909e-01
9.077302441000938416e-01
7.317952364683151245e-01
6.715160459280014038e-01
5.512617379426956177e-01
5.080800577998161316e-01
4.228951260447502136e-01
3.394545763731002808e-01
3.220346495509147644e-01
2.814518995583057404e-01
2.669613063335418701e-01
2.724354155361652374e-01
2.778819389641284943e-01
3.895672857761383057e-01
3.087970539927482605e-01
3.605102635920047760e-01
2.919616550207138062e-01
3.343138657510280609e-01
2.402238138020038605e-01
2.120411396026611328e-01
2.244308479130268097e-01
2.319739535450935364e-01
2.974979281425476074e-01
3.242490217089653015e-01
3.549443818628787994e-01
3.044529799371957779e-01
2.674259357154369354e-01
2.816932462155818939e-01
4.697733782231807709e-01
4.946067202836275101e-01
3.445487432181835175e-01
3.010296523571014404e-01
2.470290437340736389e-01
1.863217353820800781e-01
1.489739418029785156e-01
1.646877676248550415e-01
1.782098431140184402e-01
2.215332575142383575e-01
3.796330057084560394e-01
2.865075916051864624e-01
3.771886639297008514e-01
2.623228747397661209e-01
2.022358197718858719e-01
3.450664468109607697e-01
3.183127492666244507e-01
4.341592602431774139e-01
7.033495567739009857e-01
3.510406985878944397e-01
2.790008187294006348e-01
1.909963935613632202e-01
2.555863950401544571e-01
3.396354317665100098e-01
5.439106449484825134e-01
7.615474388003349304e-01
7.547153383493423462e-01
5.571952089667320251e-01
3.457552716135978699e-01
2.144704889506101608e-01
2.145499028265476227e-01
1.365276165306568146e-01
1.410234849900007248e-01
1.254353569820523262e-01
1.921350955963134766e-01
2.735984846949577332e-01
3.918408490717411041e-01
2.834493406116962433e-01
3.875961843878030777e-01
1.745028663426637650e-01
1.498258747160434723e-01
1.119711771607398987e-01
2.042321451008319855e-01
2.699604295194149017e-01
2.619266174733638763e-01
2.143708020448684692e-01
1.143752057105302811e-01
9.090282581746578217e-02
1.033054357394576073e-01
9.470119327306747437e-02
9.186957404017448425e-02
1.022234847769141197e-01
1.637955978512763977e-01
1.587915346026420593e-01
1.072939727455377579e-01
9.913661703467369080e-02
1.445082314312458038e-01
1.256184894591569901e-01
9.961645863950252533e-02
1.082434915006160736e-01
8.704117685556411743e-02
2.283413857221603394e-01
2.268067114055156708e-01
2.281972859054803848e-01
2.304209787398576736e-01
2.151453439146280289e-01
2.167488895356655121e-01
1.238448712974786758e-01
1.528365500271320343e-01
1.943896878510713577e-01
9.041807241737842560e-02
1.071284040808677673e-01
1.074270438402891159e-01
8.353563677519559860e-02
7.346338406205177307e-02
7.072292314842343330e-02
5.608739983290433884e-02
6.181242130696773529e-02
7.471617404371500015e-02
8.343543391674757004e-02
5.347051750868558884e-02
4.555921629071235657e-02
4.639491811394691467e-02
4.511742759495973587e-02
4.368717595934867859e-02
4.171472694724798203e-02
5.283894762396812439e-02
6.431244034320116043e-02
6.187642738223075867e-02
4.738673754036426544e-02
5.491862818598747253e-02
4.302366729825735092e-02
5.892140418291091919e-02
5.992800462990999222e-02
1.141840210184454918e-01
9.138951450586318970e-02
8.196251606568694115e-02
9.602527134120464325e-02
1.230156170204281807e-01
7.229382079094648361e-02
8.349191769957542419e-02
1.013203300535678864e-01
9.445817023515701294e-02
7.307384815067052841e-02
7.951107434928417206e-02
7.049044221639633179e-02
7.561354432255029678e-02
5.778699647635221481e-02
4.706995468586683273e-02
4.312407691031694412e-02
3.836617060005664825e-02
3.629615111276507378e-02
3.626084048300981522e-02
3.515129350125789642e-02
3.589439997449517250e-02
3.893456421792507172e-02
3.936227178201079369e-02
4.483612114563584328e-02
5.463821068406105042e-02
1.046096673235297203e-01
1.251073386520147324e-01
9.148141415789723396e-02
9.616533853113651276e-02
1.193559765815734863e-01
1.240636538714170456e-01
9.493713174015283585e-02
6.277501769363880157e-02
5.048134457319974899e-02
4.841643245890736580e-02
3.992275055497884750e-02
3.796729445457458496e-02
5.000784713774919510e-02
4.942945484071969986e-02
5.479658301919698715e-02
6.050499249249696732e-02
4.902271786704659462e-02
4.603773169219493866e-02
4.767965013161301613e-02
4.984199441969394684e-02
4.150885110720992088e-02
4.591146297752857208e-02
3.429236635565757751e-02
3.326720185577869415e-02
3.131456486880779266e-02
3.847169410437345505e-02
3.531314339488744736e-02
5.263281008228659630e-02
8.917048247531056404e-02
1.224995981901884079e-01
8.606787677854299545e-02
9.695158898830413818e-02
8.631749683991074562e-02
7.606863602995872498e-02
6.835746206343173981e-02
6.042258813977241516e-02
6.208309065550565720e-02
5.126206576824188232e-02
4.755497816950082779e-02
4.805874032899737358e-02
3.881063312292098999e-02
3.681899607181549072e-02
3.611514484509825706e-02
3.992982162162661552e-02
3.685026196762919426e-02
3.649536939337849617e-02
3.515103133395314217e-02
3.733685845509171486e-02
4.188441857695579529e-02
4.149572970345616341e-02
3.903885232284665108e-02
3.788134874776005745e-02
5.678584333509206772e-02
6.545761320739984512e-02
9.874867089092731476e-02
5.565168405883014202e-02
6.921230442821979523e-02
3.148868726566433907e-02
3.060787543654441833e-02
2.372311102226376534e-02
2.360887336544692516e-02
2.355777611956000328e-02
2.239503711462020874e-02
2.301233960315585136e-02
2.252179034985601902e-02
2.349726320244371891e-02
2.529444498941302299e-02
2.481211442500352859e-02
2.517894934862852097e-02
2.132824785076081753e-02
2.452803030610084534e-02
2.236938476562500000e-02
2.186433062888681889e-02
2.263750694692134857e-02
2.347024669870734215e-02
2.126763947308063507e-02
2.262605819851160049e-02
2.367764269001781940e-02
2.058641007170081139e-02
2.211723849177360535e-02
2.010080381296575069e-02
2.148792112711817026e-02
2.081242552958428860e-02
2.070540143176913261e-02
1.955869607627391815e-02
2.046107337810099125e-02
1.960176369175314903e-02
2.029391983523964882e-02
1.956283138133585453e-02
2.027356531471014023e-02
1.995663158595561981e-02
2.077958174049854279e-02
1.991333416663110256e-02
2.013486996293067932e-02
2.071767905727028847e-02
1.943699643015861511e-02
2.027291385456919670e-02
1.872550416737794876e-02
1.985639287158846855e-02
1.839891821146011353e-02
1.984752970747649670e-02
1.875887787900865078e-02
1.974602765403687954e-02
2.264777757227420807e-02
1.909503876231610775e-02
2.030189242213964462e-02
2.018672972917556763e-02
2.074069110676646233e-02
1.977308630011975765e-02
2.060570870526134968e-02
2.054941887035965919e-02
1.937159011140465736e-02
1.986175030469894409e-02
1.992285484448075294e-02
1.836651377379894257e-02
2.145135449245572090e-02
1.819735742174088955e-02
2.164555736817419529e-02
1.777982385829091072e-02
1.907051121816039085e-02
1.726331771351397038e-02
1.813602354377508163e-02
1.754670566879212856e-02
1.757793035358190536e-02
2.015223680064082146e-02
1.746372343041002750e-02
1.908423262648284435e-02
1.706476160325109959e-02
1.703386311419308186e-02
1.946815126575529575e-02
1.962523581460118294e-02
1.795078348368406296e-02
1.850188034586608410e-02
3.292382974177598953e-02
3.119649132713675499e-02
2.481449162587523460e-02
3.393698344007134438e-02
2.979117538779973984e-02
2.788749942556023598e-02
3.310161363333463669e-02
3.231998812407255173e-02
2.403715020045638084e-02
2.345431712456047535e-02
1.684588287025690079e-02
1.618499634787440300e-02
1.997718238271772861e-02
2.469739224761724472e-02
2.695288835093379021e-02
3.991337935440242290e-02
2.301418688148260117e-02
1.663651573471724987e-02
1.681176212150603533e-02
1.571672898717224598e-02
1.628847979009151459e-02
1.622236298862844706e-02
1.729189255274832249e-02
1.572741288691759109e-02
1.612364733591675758e-02
1.497981697320938110e-02
1.556847384199500084e-02
1.733691047411412001e-02
1.498634088784456253e-02
1.488330820575356483e-02
1.475986209698021412e-02
1.478607428725808859e-02
1.479462999850511551e-02
1.507369475439190865e-02
1.466240361332893372e-02
1.501674903556704521e-02
1.501730689778923988e-02
1.520690531469881535e-02
1.456904225051403046e-02
1.477428281214088202e-02
1.445840531960129738e-02
1.456155837513506413e-02
1.432394480798393488e-02
1.436907891184091568e-02
1.471046125516295433e-02
1.447237189859151840e-02
1.469166344031691551e-02
1.419291761703789234e-02
1.485775120090693235e-02
1.448362739756703377e-02
1.415167236700654030e-02
1.518828049302101135e-02
1.589988998603075743e-02
1.728511694818735123e-02
1.657892926596105099e-02
1.609975169412791729e-02
1.504351128824055195e-02
1.444739301223307848e-02
1.435116142965853214e-02
1.369348820298910141e-02
1.397977070882916451e-02
1.430348702706396580e-02
1.374408823903650045e-02
1.379959844052791595e-02
1.482297410257160664e-02
1.393047242891043425e-02
1.428353297524154186e-02
1.401371764950454235e-02
1.393956923857331276e-02
1.457123714499175549e-02
1.360697788186371326e-02
1.394625636748969555e-02
1.326997613068670034e-02
1.418260706122964621e-02
1.377304713241755962e-02
1.369058794807642698e-02
1.392852352000772953e-02
1.466614962555468082e-02
1.338125020265579224e-02
1.327465486247092485e-02
1.418890804052352905e-02
1.314660138450562954e-02
1.376366801559925079e-02
1.374070765450596809e-02
1.297190808691084385e-02
1.461968570947647095e-02
1.300529582658782601e-02
1.350831554736942053e-02
1.353995839599519968e-02
1.284406613558530807e-02
1.368561456911265850e-02
1.255401829257607460e-02
1.326210796833038330e-02
1.286686700768768787e-02
1.355654140934348106e-02
1.274489960633218288e-02
1.338581612799316645e-02
1.256151206325739622e-02
1.290622982196509838e-02
1.278932474087923765e-02
1.362569339107722044e-02
1.341681741178035736e-02
1.273080182727426291e-02
1.339713390916585922e-02
1.264899189118295908e-02
1.266585662961006165e-02
1.269163261167705059e-02
1.257594861090183258e-02
1.264463603729382157e-02
1.238867011852562428e-02
1.258606929332017899e-02
1.241697685327380896e-02
1.240215217694640160e-02
1.258443685946986079e-02
1.236513676121830940e-02
1.224714505951851606e-02
1.241974288132041693e-02
1.245408016256988049e-02
1.302960619796067476e-02
1.206823706161230803e-02
1.264603179879486561e-02
1.243049581535160542e-02
1.198878302238881588e-02
1.215033140033483505e-02
1.188009313773363829e-02
1.216602441854774952e-02
1.200572238303720951e-02
1.195319020189344883e-02
1.193259109277278185e-02
1.224582479335367680e-02
1.187698874855414033e-02
1.165858958847820759e-02
1.218588917981833220e-02
1.191001851111650467e-02
1.191260165069252253e-02
1.198539277538657188e-02
1.195755146909505129e-02
1.192207704298198223e-02
1.195043744519352913e-02
1.182989869266748428e-02
1.190227176994085312e-02
1.192745356820523739e-02
1.180349150672554970e-02
1.182001043343916535e-02
1.178418053314089775e-02
1.186215889174491167e-02
1.176131679676473141e-02
1.186532666906714439e-02
1.181803108192980289e-02
1.171058067120611668e-02
1.185130840167403221e-02
1.167128852102905512e-02
1.177361886948347092e-02
1.163716812152415514e-02
1.169414678588509560e-02
1.169962668791413307e-02
1.160426926799118519e-02
1.167226675897836685e-02
1.160086225718259811e-02
1.171611645258963108e-02
1.152717665536329150e-02
1.161095523275434971e-02
1.164075685665011406e-02
1.160061242990195751e-02
1.159638934768736362e-02
1.163052604533731937e-02
1.146550895646214485e-02
1.169223035685718060e-02
1.142661576159298420e-02
1.137612259481102228e-02
1.158869441132992506e-02
1.135764108039438725e-02
1.157604134641587734e-02
1.123092533089220524e-02
1.163217937573790550e-02
1.128791435621678829e-02
1.133090630173683167e-02
1.155182649381458759e-02
1.127016055397689342e-02
1.148134679533541203e-02
1.133302436210215092e-02
1.149674155749380589e-02
1.130835292860865593e-02
1.119872240815311670e-02
1.149869244545698166e-02
1.113948109559714794e-02
1.127570972312241793e-02
1.143085840158164501e-02
1.117619639262557030e-02
1.109899021685123444e-02
1.124158839229494333e-02
1.110247184988111258e-02
1.126988453324884176e-02
1.103574968874454498e-02
1.119418710004538298e-02
1.107489166315644979e-02
1.119360432494431734e-02
1.100380811840295792e-02
1.121814677026122808e-02
1.105904788710176945e-02
1.106165884993970394e-02
1.112369913607835770e-02
1.096835796488448977e-02
1.113795838318765163e-02
1.090338604990392923e-02
1.108662155456840992e-02
1.086219132412225008e-02
1.077284081839025021e-02
1.103896426502615213e-02
1.079546893015503883e-02
1.099942799191921949e-02
1.084043714217841625e-02
1.084725174587219954e-02
1.091730850748717785e-02
1.083989976905286312e-02
1.083190180361270905e-02
1.094107073731720448e-02
1.078906003385782242e-02
1.083855715114623308e-02
1.073939283378422260e-02
1.070778467692434788e-02
1.070314832031726837e-02
1.081351190805435181e-02
1.067929062992334366e-02
1.063585293013602495e-02
1.077831513248383999e-02
1.064910402055829763e-02
1.068598439451307058e-02
1.074540941044688225e-02
1.065683527849614620e-02
1.069042971357703209e-02
1.066974573768675327e-02
1.061960728839039803e-02
1.066225522663444281e-02
1.067455945303663611e-02
1.057779998518526554e-02
1.061470829881727695e-02
1.060425804462283850e-02
1.072001201100647449e-02
1.061488571576774120e-02
1.058374065905809402e-02
1.063843548763543367e-02
1.053243991918861866e-02
1.064394309651106596e-02
1.057921210303902626e-02
1.054640393704175949e-02
1.059436250943690538e-02
1.058604498393833637e-02
1.054473291151225567e-02
1.054990652482956648e-02
1.047745812684297562e-02
1.052164507564157248e-02
1.057199039496481419e-02
1.047754415776580572e-02
1.057107921224087477e-02
1.048972539138048887e-02
1.046940346714109182e-02
1.054014801047742367e-02
1.040865131653845310e-02
1.044651819393038750e-02
1.047318277414888144e-02
1.042771898210048676e-02
1.048819092102348804e-02
1.046180841512978077e-02
1.039881526958197355e-02
1.041588722728192806e-02
1.040949969319626689e-02
1.038201384653802961e-02
1.030750270001590252e-02
1.043785468209534883e-02
1.036193710751831532e-02
1.029598969034850597e-02
1.043611415661871433e-02
1.032478676643222570e-02
1.030295912642031908e-02
1.033186126733198762e-02
1.039914484135806561e-02
1.022787322290241718e-02
1.032720017246901989e-02
1.032517058774828911e-02
1.024748326744884253e-02
1.035212376154959202e-02
1.022869255393743515e-02
1.029747736174613237e-02
1.033884519711136818e-02
1.018966827541589737e-02
1.029186812229454517e-02
1.030715368688106537e-02
1.028083940036594868e-02
1.017879298888146877e-02
1.019971515052020550e-02
1.024567824788391590e-02
1.021027087699621916e-02
1.020424289163202047e-02
1.017834071535617113e-02
1.021460851188749075e-02
1.017576176673173904e-02
1.016101241111755371e-02
1.013647916261106730e-02
1.012247183825820684e-02
1.019957370590418577e-02
1.008750312030315399e-02
1.010528882034122944e-02
1.011600194033235312e-02
1.012125419219955802e-02
1.011826307512819767e-02
1.012672111392021179e-02
1.005586411338299513e-02
9.973053704015910625e-03
1.021275157108902931e-02
9.987207595258951187e-03
1.001306041143834591e-02
1.008551334962248802e-02
1.015044027008116245e-02
1.004501996794715524e-02
1.012393052224069834e-02
1.000452833250164986e-02
9.986514342017471790e-03
1.005727704614400864e-02
9.943180717527866364e-03
1.011849369388073683e-02
9.931395296007394791e-03
9.955824585631489754e-03
1.000226079486310482e-02
9.995954344049096107e-03
9.940047108102589846e-03
9.979335241951048374e-03
9.961735457181930542e-03
9.929067979101091623e-03
9.993269573897123337e-03
9.950595907866954803e-03
9.903761325404047966e-03
9.971637744456529617e-03
9.938841860275715590e-03
9.884199418593198061e-03
9.980233153328299522e-03
9.941053576767444611e-03
9.886217769235372543e-03
9.925775579176843166e-03
9.905495680868625641e-03
9.894093032926321030e-03
9.891273803077638149e-03
9.874109411612153053e-03
9.932472370564937592e-03
9.901879355311393738e-03
9.841377148404717445e-03
9.849470981862396002e-03
9.854411939159035683e-03
9.875627700239419937e-03
9.845088003203272820e-03
9.861267404630780220e-03
9.848853282164782286e-03
9.814332821406424046e-03
9.837937424890697002e-03
9.880878613330423832e-03
9.850708534941077232e-03
9.795227670110762119e-03
9.857701137661933899e-03
9.830293129198253155e-03
9.755348786711692810e-03
9.812138974666595459e-03
9.818679536692798138e-03
9.816568461246788502e-03
9.750069235451519489e-03
9.813611395657062531e-03
9.811765747144818306e-03
9.771619806997478008e-03
9.753744234330952168e-03
9.814898599870502949e-03
9.764900372829288244e-03
9.712906205095350742e-03
9.768703021109104156e-03
9.825886983890086412e-03
9.722400922328233719e-03
9.826002875342965126e-03
9.763779118657112122e-03
9.699047543108463287e-03
9.738602442666888237e-03
9.780883090570569038e-03
9.749295888468623161e-03
9.706734330393373966e-03
9.718744549900293350e-03
9.734100895002484322e-03
9.699180605821311474e-03
9.676400106400251389e-03
9.681991534307599068e-03
9.705986827611923218e-03
9.709459904115647078e-03
9.722338756546378136e-03
9.688527439720928669e-03
9.651424596086144447e-03
9.641537908464670181e-03
9.644993580877780914e-03
9.631996741518378258e-03
9.632158558815717697e-03
9.640540753025561571e-03
9.660565410740673542e-03
9.635101188905537128e-03
9.609853266738355160e-03
9.656185749918222427e-03
9.657589136622846127e-03
9.598711039870977402e-03
9.627011575503274798e-03
9.663256816565990448e-03
9.612568654119968414e-03
9.577198070473968983e-03
9.600560879334807396e-03
9.621520177461206913e-03
9.538993472233414650e-03
9.599907265510410070e-03
9.613686357624828815e-03
9.572219685651361942e-03
9.569870017003268003e-03
9.594662929885089397e-03
9.589495661202818155e-03
9.533401520457118750e-03
9.540499770082533360e-03
9.561029961332678795e-03
9.556370438076555729e-03
9.537486359477043152e-03
9.596520103514194489e-03
9.519449202343821526e-03
9.505241992883384228e-03
9.522122796624898911e-03
9.586413973011076450e-03
9.569642541464418173e-03
9.486311930231750011e-03
9.504677960649132729e-03
9.528231807053089142e-03
9.501209540758281946e-03
9.534393902868032455e-03
9.527208050712943077e-03
9.493036428466439247e-03
9.509614203125238419e-03
9.506440605036914349e-03
9.495133301243185997e-03
9.484781650826334953e-03
9.467719588428735733e-03
9.491134202107787132e-03
9.488660842180252075e-03
9.485231479629874229e-03
9.489542804658412933e-03
9.440868161618709564e-03
9.478471009060740471e-03
9.484748705290257931e-03
9.465309907682240009e-03
9.449170087464153767e-03
9.466370916925370693e-03
9.462302085012197495e-03
9.461631416343152523e-03
9.446846437640488148e-03
9.434012812562286854e-03
9.449730976484715939e-03
9.455661172978579998e-03
9.472229983657598495e-03
9.425372118130326271e-03
9.426332428120076656e-03
9.427307173609733582e-03
9.447135496884584427e-03
9.421961498446762562e-03
9.435665677301585674e-03
9.413331048563122749e-03
9.453456732444465160e-03
9.427707060240209103e-03
9.427268989384174347e-03
9.401493240147829056e-03
9.423001669347286224e-03
9.400924667716026306e-03
9.426027187146246433e-03
9.412298153620213270e-03
9.431083686649799347e-03
9.386633522808551788e-03
9.396847104653716087e-03
9.367960039526224136e-03
9.393061744049191475e-03
9.394436026923358440e-03
9.400207083672285080e-03
9.389150189235806465e-03
9.371927124448120594e-03
9.363622171804308891e-03
9.392094332724809647e-03
9.389784303493797779e-03
9.369222680106759071e-03
9.360123891383409500e-03
9.371290798299014568e-03
9.359759162180125713e-03
9.362306678667664528e-03
9.350699838250875473e-03
9.360680473037064075e-03
9.326912113465368748e-03
9.333430090919137001e-03
9.355045622214674950e-03
9.346878505311906338e-03
9.316453477367758751e-03
9.321185993030667305e-03
9.367660270072519779e-03
9.350630687549710274e-03
9.316392010077834129e-03
9.302935679443180561e-03
9.337274823337793350e-03
9.328236046712845564e-03
9.292413713410496712e-03
9.307554573751986027e-03
9.316662093624472618e-03
9.313419315731152892e-03
9.329753112979233265e-03
9.301298880018293858e-03
9.307634900324046612e-03
9.296772535890340805e-03
9.294834337197244167e-03
9.306047053541988134e-03
9.292476868722587824e-03
9.265127300750464201e-03
9.276945609599351883e-03
9.258441859856247902e-03
9.313502116128802299e-03
9.277501259930431843e-03
9.337021969258785248e-03
9.303271421231329441e-03
9.251170791685581207e-03
9.270481183193624020e-03
9.267482208088040352e-03
9.291787631809711456e-03
9.298702818341553211e-03
9.276177966967225075e-03
9.249447612091898918e-03
9.258324629627168179e-03
9.254767268430441618e-03
9.240261162631213665e-03
9.255057200789451599e-03
9.233033051714301109e-03
9.246245957911014557e-03
9.240326588042080402e-03
9.251335286535322666e-03
9.246218833141028881e-03
9.235365199856460094e-03
9.238615166395902634e-03
9.234924684278666973e-03
9.232475422322750092e-03
9.263993590138852596e-03
9.236851707100868225e-03
9.246162488125264645e-03
9.222603635862469673e-03
9.235401055775582790e-03
9.221265092492103577e-03
9.230648982338607311e-03
9.230588446371257305e-03
9.224677807651460171e-03
9.222645894624292850e-03
9.229268413037061691e-03
9.214809513650834560e-03
9.221691754646599293e-03
9.198073181323707104e-03
9.218948544003069401e-03
9.204865433275699615e-03
9.214370744302868843e-03
9.198904619552195072e-03
9.200905187753960490e-03
9.185986127704381943e-03
9.203458786942064762e-03
9.191112942062318325e-03
9.218228165991604328e-03
9.194817277602851391e-03
9.222337161190807819e-03
9.194233221933245659e-03
9.206530521623790264e-03
9.170209174044430256e-03
9.187240677420049906e-03
9.189970791339874268e-03
9.208212723024189472e-03
9.208004339598119259e-03
9.188548894599080086e-03
9.175623708870261908e-03
9.181356173940002918e-03
9.158523171208798885e-03
9.174146689474582672e-03
9.190108976326882839e-03
9.171038051135838032e-03
9.174839477054774761e-03
9.161683148704469204e-03
9.172928635962307453e-03
9.174655104288831353e-03
9.169376804493367672e-03
9.158574568573385477e-03
9.157726541161537170e-03
9.145715739578008652e-03
9.170138160698115826e-03
9.147898992523550987e-03
9.155353764072060585e-03
9.143115952610969543e-03
9.133463725447654724e-03
9.165425668470561504e-03
9.162885020487010479e-03
9.138331632129848003e-03
9.131285478360950947e-03
9.152701240964233875e-03
9.144213283434510231e-03
9.137905668467283249e-03
9.127344354055821896e-03
9.115454624406993389e-03
9.130968479439616203e-03
9.130010730586946011e-03
9.125582524575293064e-03
9.130805963650345802e-03
9.106940589845180511e-03
9.120501228608191013e-03
9.113873005844652653e-03
9.129427955485880375e-03
9.120937203988432884e-03
9.123242925852537155e-03
9.099269926082342863e-03
9.099645074456930161e-03
9.135121828876435757e-03
9.118004934862256050e-03
9.101526811718940735e-03
9.090548846870660782e-03
9.107500314712524414e-03
9.130413527600467205e-03
9.135895757935941219e-03
9.109341073781251907e-03
9.117303299717605114e-03
9.085536701604723930e-03
