1.069793194532394409e+00
9.897634387016296387e-01
9.236914068460464478e-01
9.076956510543823242e-01
8.693380206823348999e-01
8.414826989173889160e-01
8.009698539972305298e-01
7.635248750448226929e-01
7.324128746986389160e-01
6.940416693687438965e-01
6.538889259099960327e-01
6.286218315362930298e-01
5.853831321001052856e-01
5.785548537969589233e-01
5.893263518810272217e-01
5.521288961172103882e-01
4.903043881058692932e-01
5.644896849989891052e-01
4.789037033915519714e-01
4.276736602187156677e-01
3.814128041267395020e-01
3.569252118468284607e-01
3.467622920870780945e-01
3.551451489329338074e-01
3.398348912596702576e-01
3.219156563282012939e-01
3.095518611371517181e-01
2.936108298599720001e-01
3.024592809379100800e-01
3.285561352968215942e-01
3.621563054621219635e-01
5.108212009072303772e-01
4.600683227181434631e-01
3.629866316914558411e-01
3.105412274599075317e-01
2.732648961246013641e-01
2.796517908573150635e-01
3.195370957255363464e-01
2.867490053176879883e-01
3.068996481597423553e-01
3.105243369936943054e-01
2.617744430899620056e-01
2.500780001282691956e-01
2.329509370028972626e-01
2.471464872360229492e-01
2.355952411890029907e-01
2.818687669932842255e-01
2.477675601840019226e-01
2.368620783090591431e-01
1.720369271934032440e-01
1.605659648776054382e-01
2.129148542881011963e-01
1.845527477562427521e-01
2.010311782360076904e-01
2.005279138684272766e-01
1.743513755500316620e-01
3.257810212671756744e-01
3.733132705092430115e-01
3.497090041637420654e-01
3.320934846997261047e-01
3.220170810818672180e-01
2.815516367554664612e-01
3.107232861220836639e-01
2.944878675043582916e-01
2.775107324123382568e-01
2.505696043372154236e-01
2.443767786026000977e-01
2.084029056131839752e-01
2.521031387150287628e-01
1.801141388714313507e-01
1.676085405051708221e-01
1.423688512295484543e-01
1.460137497633695602e-01
1.582556795328855515e-01
1.767788790166378021e-01
1.660006828606128693e-01
1.824395097792148590e-01
2.405135929584503174e-01
2.579193748533725739e-01
3.303843140602111816e-01
2.064200788736343384e-01
1.739814132452011108e-01
1.519611589610576630e-01
2.371882311999797821e-01
3.125011771917343140e-01
2.499853670597076416e-01
2.742613181471824646e-01
2.489399127662181854e-01
2.133884131908416748e-01
1.847886331379413605e-01
1.758324280381202698e-01
1.415223702788352966e-01
1.740170121192932129e-01
1.444922778755426407e-01
1.410960517823696136e-01
1.317360643297433853e-01
1.352403201162815094e-01
1.308661140501499176e-01
1.488529797643423080e-01
1.648388039320707321e-01
1.391824837774038315e-01
1.302638761699199677e-01
1.158473100513219833e-01
1.041050609201192856e-01
8.683048002421855927e-02
1.054959129542112350e-01
8.233107812702655792e-02
7.513255253434181213e-02
7.771425601094961166e-02
7.806380651891231537e-02
9.566232375800609589e-02
1.523403879255056381e-01
1.117332801222801208e-01
1.332846619188785553e-01
7.801547087728977203e-02
8.149702567607164383e-02
7.509361207485198975e-02
6.883124448359012604e-02
7.738061994314193726e-02
8.622059039771556854e-02
1.088757263496518135e-01
8.612409420311450958e-02
9.289867617189884186e-02
7.464507222175598145e-02
7.878277823328971863e-02
8.007043413817882538e-02
1.027638539671897888e-01
1.049397103488445282e-01
9.097444824874401093e-02
9.681398048996925354e-02
7.644354272633790970e-02
6.446396932005882263e-02
5.479540862143039703e-02
7.901742774993181229e-02
8.691721875220537186e-02
1.137727387249469757e-01
1.583756618201732635e-01
1.034423951059579849e-01
9.487391076982021332e-02
7.767486292868852615e-02
8.195130806416273117e-02
1.448413003236055374e-01
1.178760491311550140e-01
1.055323891341686249e-01
1.252199467271566391e-01
8.386994153261184692e-02
7.983438298106193542e-02
8.046663831919431686e-02
1.068188361823558807e-01
1.162347812205553055e-01
1.487948652356863022e-01
1.416107993572950363e-01
1.242955178022384644e-01
1.069801189005374908e-01
8.737789466977119446e-02
7.436670828610658646e-02
7.430803030729293823e-02
6.830262299627065659e-02
5.574088729918003082e-02
6.042482145130634308e-02
1.273775966838002205e-01
1.203136304393410683e-01
1.461432948708534241e-01
8.460418600589036942e-02
8.576152473688125610e-02
7.422669231891632080e-02
5.637522321194410324e-02
6.019849237054586411e-02
1.054641865193843842e-01
8.592527080327272415e-02
7.622878439724445343e-02
7.163610681891441345e-02
5.805670842528343201e-02
6.498299073427915573e-02
6.375865638256072998e-02
5.184297543019056320e-02
6.399529706686735153e-02
7.782722823321819305e-02
1.036700122058391571e-01
8.327701315283775330e-02
6.547855027019977570e-02
6.174329761415719986e-02
1.035127788782119751e-01
6.937010027468204498e-02
8.182484284043312073e-02
8.009297773241996765e-02
5.776504520326852798e-02
1.361053418368101120e-01
1.248186342418193817e-01
8.196304272860288620e-02
7.447714731097221375e-02
8.028198126703500748e-02
7.212328817695379257e-02
6.622793525457382202e-02
7.443828321993350983e-02
7.802085764706134796e-02
7.538484968245029449e-02
6.122438050806522369e-02
5.818824563175439835e-02
5.292597133666276932e-02
4.576854873448610306e-02
3.668915852904319763e-02
3.536527510732412338e-02
4.951104708015918732e-02
6.079983338713645935e-02
5.853586550801992416e-02
4.464267194271087646e-02
3.386246133595705032e-02
3.235090477392077446e-02
3.028612164780497551e-02
3.093276172876358032e-02
2.861487353220582008e-02
4.269608389586210251e-02
5.415919516235589981e-02
5.932757258415222168e-02
3.782735811546444893e-02
5.369372107088565826e-02
3.748521441593766212e-02
5.616943165659904480e-02
5.204960238188505173e-02
8.759049884974956512e-02
7.550362125039100647e-02
6.228464096784591675e-02
6.375197321176528931e-02
5.696797184646129608e-02
4.627487296238541603e-02
7.060243003070354462e-02
7.144781295210123062e-02
4.771869350224733353e-02
4.624077305197715759e-02
5.402507632970809937e-02
5.862650740891695023e-02
5.657965736463665962e-02
4.477609042078256607e-02
3.928566584363579750e-02
3.562484635040163994e-02
3.419259842485189438e-02
2.998532541096210480e-02
2.990668686106801033e-02
3.170129703357815742e-02
3.351925639435648918e-02
3.567038336768746376e-02
3.835923643782734871e-02
4.017784679308533669e-02
5.345153436064720154e-02
8.558603003621101379e-02
8.436584752053022385e-02
5.505359638482332230e-02
6.356019061058759689e-02
5.387907475233078003e-02
5.495276860892772675e-02
5.716804042458534241e-02
5.049741268157958984e-02
4.743089806288480759e-02
4.602366313338279724e-02
4.292191471904516220e-02
5.142307560890913010e-02
5.226625595241785049e-02
4.994764924049377441e-02
5.105704627931118011e-02
6.509658135473728180e-02
4.653133358806371689e-02
3.937091678380966187e-02
4.391064122319221497e-02
4.355314001441001892e-02
3.812177665531635284e-02
4.044697061181068420e-02
3.152322210371494293e-02
2.926359558477997780e-02
3.282259264960885048e-02
3.988515585660934448e-02
3.394428920000791550e-02
5.923330690711736679e-02
6.792818661779165268e-02
9.545581042766571045e-02
6.462775915861129761e-02
4.703297931700944901e-02
4.530470352619886398e-02
5.190001800656318665e-02
5.045992974191904068e-02
4.688089154660701752e-02
5.060798302292823792e-02
4.377255775034427643e-02
4.633229412138462067e-02
4.701195098459720612e-02
4.408602882176637650e-02
4.079969879239797592e-02
4.132674168795347214e-02
4.589676763862371445e-02
4.366791900247335434e-02
4.256217693910002708e-02
4.223191831260919571e-02
4.570682253688573837e-02
4.332929011434316635e-02
4.400247801095247269e-02
4.333553835749626160e-02
4.660862497985363007e-02
6.359541788697242737e-02
6.044641789048910141e-02
8.672851324081420898e-02
5.051724798977375031e-02
4.075438808649778366e-02
3.198454901576042175e-02
2.937023108825087547e-02
2.174606174230575562e-02
1.927419984713196754e-02
1.923124678432941437e-02
1.989754335954785347e-02
2.155015803873538971e-02
2.143531152978539467e-02
2.256857370957732201e-02
2.891145320609211922e-02
2.544178161770105362e-02
2.958770887926220894e-02
2.291957335546612740e-02
2.597605995833873749e-02
2.772236103191971779e-02
2.120725531131029129e-02
2.215932216495275497e-02
2.928023971617221832e-02
2.377374330535531044e-02
2.524939458817243576e-02
2.978317812085151672e-02
2.086722990497946739e-02
2.417739387601613998e-02
2.224487811326980591e-02
2.162361703813076019e-02
2.087715454399585724e-02
1.888111396692693233e-02
1.848735846579074860e-02
1.900526974350214005e-02
1.840992784127593040e-02
1.863723713904619217e-02
1.819492341019213200e-02
2.007725508883595467e-02
1.823280891403555870e-02
2.160452352836728096e-02
2.262711711227893829e-02
1.981014525517821312e-02
2.166827209293842316e-02
2.068608952686190605e-02
1.721122860908508301e-02
1.828918186947703362e-02
2.153526712208986282e-02
2.045023534446954727e-02
1.841583754867315292e-02
2.486193319782614708e-02
2.094641374424099922e-02
3.427728451788425446e-02
2.429468091577291489e-02
2.927203429862856865e-02
2.585606137290596962e-02
3.032809030264616013e-02
2.078876784071326256e-02
2.615271322429180145e-02
2.659933920949697495e-02
2.482560602948069572e-02
2.465045452117919922e-02
2.774938568472862244e-02
2.212031325325369835e-02
2.547928784042596817e-02
2.627974376082420349e-02
2.062504086643457413e-02
1.977931475266814232e-02
1.845108997076749802e-02
1.701189926825463772e-02
1.775275822728872299e-02
1.695053721778094769e-02
1.791317458264529705e-02
2.084959670901298523e-02
1.914303749799728394e-02
1.954134460538625717e-02
1.900573098100721836e-02
1.856058300472795963e-02
2.576116425916552544e-02
2.797187585383653641e-02
2.214984642341732979e-02
2.483192505314946175e-02
4.244215553626418114e-02
4.254001844674348831e-02
3.557121567428112030e-02
4.350396012887358665e-02
4.176028165966272354e-02
3.859657747671008110e-02
4.209101060405373573e-02
4.675350850448012352e-02
3.097063768655061722e-02
3.131918795406818390e-02
2.287119207903742790e-02
1.830308046191930771e-02
2.600838057696819305e-02
4.036244517192244530e-02
3.882099688053131104e-02
4.865645244717597961e-02
3.328521223738789558e-02
1.813069102354347706e-02
1.915016630664467812e-02
1.775848842225968838e-02
1.641654805280268192e-02
1.913148118183016777e-02
2.148757921531796455e-02
1.791896997019648552e-02
1.780111412517726421e-02
1.861696690320968628e-02
1.891476521268486977e-02
2.069809264503419399e-02
1.778843835927546024e-02
1.654330641031265259e-02
1.486912555992603302e-02
1.474585593678057194e-02
1.721268240362405777e-02
1.541102537885308266e-02
1.627207593992352486e-02
1.624235277995467186e-02
1.621148246340453625e-02
1.724730757996439934e-02
1.504252571612596512e-02
1.449389243498444557e-02
1.353418803773820400e-02
1.341150631196796894e-02
1.329041412100195885e-02
1.307699503377079964e-02
1.332669006660580635e-02
1.301043014973402023e-02
1.340892049483954906e-02
1.340830698609352112e-02
1.399095053784549236e-02
1.384123926982283592e-02
1.362433237954974174e-02
1.604647585190832615e-02
2.149381302297115326e-02
2.621429506689310074e-02
2.227729139849543571e-02
2.389263594523072243e-02
2.075985446572303772e-02
1.783092180266976357e-02
1.560768112540245056e-02
1.417202991433441639e-02
1.322332536801695824e-02
1.483440957963466644e-02
1.666591665707528591e-02
1.650758064351975918e-02
1.591163943521678448e-02
1.723128766752779484e-02
1.632051845081150532e-02
1.591025129891932011e-02
1.661294884979724884e-02
1.650710334070026875e-02
1.655025989748537540e-02
1.410550111904740334e-02
1.416526432149112225e-02
1.616491610184311867e-02
1.615328993648290634e-02
1.648146845400333405e-02
1.701156771741807461e-02
1.869280077517032623e-02
1.558585418388247490e-02
1.540581230074167252e-02
1.757699670270085335e-02
1.530943694524466991e-02
1.555820577777922153e-02
1.786759868264198303e-02
1.469130418263375759e-02
1.658181473612785339e-02
1.727935578674077988e-02
1.540022878907620907e-02
1.678652781993150711e-02
1.615682453848421574e-02
1.483713882043957710e-02
1.376310968771576881e-02
1.502592815086245537e-02
1.316165039315819740e-02
1.339450990781188011e-02
1.321095041930675507e-02
1.341901812702417374e-02
1.282885624095797539e-02
1.359768514521420002e-02
1.382537279278039932e-02
1.718870317563414574e-02
1.648982311598956585e-02
1.541664800606667995e-02
1.474163518287241459e-02
1.380563527345657349e-02
1.456739194691181183e-02
1.307111489586532116e-02
1.273371488787233829e-02
1.370867132209241390e-02
1.348915975540876389e-02
1.274263695813715458e-02
1.209530304186046124e-02
1.281295507214963436e-02
1.208926574327051640e-02
1.288901246152818203e-02
1.310035074129700661e-02
1.331735984422266483e-02
1.431019208393990993e-02
1.805125991813838482e-02
1.477990415878593922e-02
1.515598129481077194e-02
1.833179779350757599e-02
1.308557088486850262e-02
1.230590790510177612e-02
1.207891013473272324e-02
1.228975621052086353e-02
1.202266081236302853e-02
1.240359246730804443e-02
1.229270244948565960e-02
1.235712901689112186e-02
1.195466634817421436e-02
1.207403629086911678e-02
1.178102171979844570e-02
1.153421844355762005e-02
1.164480717852711678e-02
1.226816396228969097e-02
1.162520749494433403e-02
1.156019675545394421e-02
1.172198867425322533e-02
1.156691322103142738e-02
1.146719208918511868e-02
1.158556155860424042e-02
1.169525249861180782e-02
1.134762144647538662e-02
1.134368055500090122e-02
1.161503931507468224e-02
1.195358345285058022e-02
1.150696445256471634e-02
1.146562816575169563e-02
1.165507244877517223e-02
1.180094992741942406e-02
1.143121253699064255e-02
1.127468328922986984e-02
1.125491666607558727e-02
1.121986750513315201e-02
1.132525666616857052e-02
1.158840185962617397e-02
1.124302716925740242e-02
1.140011497773230076e-02
1.198303583078086376e-02
1.174802286550402641e-02
1.146103255450725555e-02
1.139934151433408260e-02
1.135046384297311306e-02
1.140976557508111000e-02
1.134375855326652527e-02
1.154258195310831070e-02
1.171663240529596806e-02
1.152017409913241863e-02
1.147091086022555828e-02
1.130639272741973400e-02
1.123144454322755337e-02
1.163273863494396210e-02
1.114036887884140015e-02
1.120375050231814384e-02
1.124370214529335499e-02
1.121860486455261707e-02
1.116421469487249851e-02
1.136773289181292057e-02
1.128020673058927059e-02
1.132936519570648670e-02
1.139290025457739830e-02
1.183075737208127975e-02
1.162680960260331631e-02
1.161665888503193855e-02
1.190780499018728733e-02
1.185882114805281162e-02
1.140295807272195816e-02
1.124819670803844929e-02
1.111744367517530918e-02
1.104722544550895691e-02
1.096760737709701061e-02
1.101923477835953236e-02
1.090768049471080303e-02
1.088339299894869328e-02
1.085385493934154510e-02
1.097567868418991566e-02
1.098427525721490383e-02
1.103840721771121025e-02
1.091630547307431698e-02
1.089423429220914841e-02
1.112154731526970863e-02
1.114527205936610699e-02
1.124850427731871605e-02
1.135588227771222591e-02
1.154937408864498138e-02
1.129288296215236187e-02
1.121811149641871452e-02
1.131702936254441738e-02
1.103326329030096531e-02
1.122158323414623737e-02
1.089472253806889057e-02
1.082795090042054653e-02
1.099642412737011909e-02
1.085868268273770809e-02
1.084363064728677273e-02
1.088403002358973026e-02
1.083604781888425350e-02
1.082969666458666325e-02
1.088864263147115707e-02
1.098611112684011459e-02
1.096887700259685516e-02
1.073165843263268471e-02
1.065781502984464169e-02
1.061348593793809414e-02
1.056064013391733170e-02
1.053287112154066563e-02
1.050411839969456196e-02
1.050189021043479443e-02
1.050034211948513985e-02
1.051742979325354099e-02
1.053643692284822464e-02
1.055699237622320652e-02
1.056527381297200918e-02
1.051097549498081207e-02
1.046800217591226101e-02
1.051095337606966496e-02
1.049811695702373981e-02
1.053116098046302795e-02
1.050621201284229755e-02
1.051342184655368328e-02
1.052646897733211517e-02
1.045732037164270878e-02
1.045172824524343014e-02
1.045352686196565628e-02
1.045451685786247253e-02
1.046557142399251461e-02
1.043745805509388447e-02
1.042857544962316751e-02
1.042376889381557703e-02
1.041245809756219387e-02
1.038966188207268715e-02
1.042161555960774422e-02
1.043857843615114689e-02
1.040722057223320007e-02
1.039697322994470596e-02
1.038224878720939159e-02
1.040530274622142315e-02
1.040886878035962582e-02
1.035624905489385128e-02
1.045450125820934772e-02
1.041171187534928322e-02
1.043022307567298412e-02
1.037181075662374496e-02
1.033365388866513968e-02
1.037334371358156204e-02
1.041642902418971062e-02
1.054693385958671570e-02
1.062337565235793591e-02
1.063075894489884377e-02
1.065675285644829273e-02
1.061031478457152843e-02
1.054278388619422913e-02
1.052362169139087200e-02
1.060028048232197762e-02
1.055024587549269199e-02
1.042508613318204880e-02
1.051408029161393642e-02
1.046506664715707302e-02
1.051319250836968422e-02
1.098316395655274391e-02
1.058115903288125992e-02
1.099420944228768349e-02
1.059091766364872456e-02
1.114668278023600578e-02
1.070238999091088772e-02
1.069499482400715351e-02
1.057082228362560272e-02
1.048281043767929077e-02
1.034712069667875767e-02
1.052439096383750439e-02
1.039226609282195568e-02
1.025498053058981895e-02
1.031304476782679558e-02
1.032360480166971684e-02
1.027936104219406843e-02
1.026227534748613834e-02
1.029729284346103668e-02
1.025562128052115440e-02
1.026791147887706757e-02
1.027505402453243732e-02
1.036868197843432426e-02
1.039816089905798435e-02
1.042546704411506653e-02
1.048488123342394829e-02
1.066313474439084530e-02
1.067589817102998495e-02
1.048648566938936710e-02
1.028644596226513386e-02
1.028356212191283703e-02
1.022173906676471233e-02
1.026086718775331974e-02
1.035440294072031975e-02
1.024818816222250462e-02
1.032225007656961679e-02
1.031949429307132959e-02
1.023812941275537014e-02
1.031297887675464153e-02
1.028087106533348560e-02
1.023646490648388863e-02
1.018781715538352728e-02
1.022590207867324352e-02
1.019998593255877495e-02
1.014291238971054554e-02
1.032231957651674747e-02
1.009199360851198435e-02
1.026741345413029194e-02
1.008249633014202118e-02
1.010997919365763664e-02
1.011257502250373363e-02
1.007773657329380512e-02
1.007808744907379150e-02
1.006197906099259853e-02
1.004523457959294319e-02
1.004776894114911556e-02
1.005355897359549999e-02
1.004684623330831528e-02
1.003510551527142525e-02
1.006684731692075729e-02
1.006727386265993118e-02
1.006077206693589687e-02
1.006722846068441868e-02
1.006163377314805984e-02
1.005730172619223595e-02
1.008988870307803154e-02
1.002942468039691448e-02
1.001132011879235506e-02
1.003713184036314487e-02
1.002294546924531460e-02
1.000952301546931267e-02
1.000006182584911585e-02
1.000409130938351154e-02
1.001369580626487732e-02
1.000518025830388069e-02
1.000538584776222706e-02
1.000167289748787880e-02
9.984712232835590839e-03
9.982046205550432205e-03
9.970102459192276001e-03
9.979880414903163910e-03
9.966530371457338333e-03
9.978546178899705410e-03
9.949185186997056007e-03
9.967655292712152004e-03
9.961952688172459602e-03
9.985239128582179546e-03
9.980988223105669022e-03
9.970456594601273537e-03
9.962445823475718498e-03
9.993569226935505867e-03
9.968338767066597939e-03
9.997105342335999012e-03
1.002206350676715374e-02
1.000581448897719383e-02
9.983779396861791611e-03
9.977490408346056938e-03
9.945069439709186554e-03
9.932460030540823936e-03
9.950420120730996132e-03
9.935593931004405022e-03
9.910877211950719357e-03
9.917816845700144768e-03
9.925727499648928642e-03
9.897882118821144104e-03
9.895101422443985939e-03
9.899594122543931007e-03
9.916406474076211452e-03
9.889535140246152878e-03
9.888483444228768349e-03
9.886740706861019135e-03
9.877997683361172676e-03
9.880027617327868938e-03
9.882121114060282707e-03
9.866276057437062263e-03
9.871080168522894382e-03
9.876430849544703960e-03
9.888570639304816723e-03
9.907777886837720871e-03
9.923327481374144554e-03
9.901431156322360039e-03
9.910974767990410328e-03
9.889808483421802521e-03
9.873819071799516678e-03
9.881021687760949135e-03
9.868091670796275139e-03
9.861130034551024437e-03
9.897522861137986183e-03
9.882221929728984833e-03
9.886884130537509918e-03
9.863857179880142212e-03
9.861085796728730202e-03
9.869927656836807728e-03
9.940471150912344456e-03
9.869650471955537796e-03
9.847113629803061485e-03
9.894349845126271248e-03
9.823076194152235985e-03
9.817479876801371574e-03
9.813009761273860931e-03
9.821201674640178680e-03
9.836803423240780830e-03
9.816303383558988571e-03
9.882747195661067963e-03
9.834819007664918900e-03
9.887166554108262062e-03
9.804303641431033611e-03
9.798435959964990616e-03
9.796262485906481743e-03
9.792935801669955254e-03
9.782281122170388699e-03
9.789717616513371468e-03
9.775735670700669289e-03
9.778568521142005920e-03
9.771038894541561604e-03
9.769673226401209831e-03
9.763801004737615585e-03
9.767940500751137733e-03
9.767677052877843380e-03
9.779957821592688560e-03
9.778144536539912224e-03
9.768607094883918762e-03
9.760931716300547123e-03
9.761412977240979671e-03
9.753183694556355476e-03
9.753177640959620476e-03
9.749429766088724136e-03
9.756803046911954880e-03
9.747885400429368019e-03
9.739138418808579445e-03
9.736508829519152641e-03
9.737879037857055664e-03
9.736148756928741932e-03
9.735573781654238701e-03
9.731658152304589748e-03
9.734727675095200539e-03
9.741437388584017754e-03
9.739425498992204666e-03
9.730250574648380280e-03
9.723702562041580677e-03
9.726275922730565071e-03
9.740379871800541878e-03
9.750591125339269638e-03
9.731671190820634365e-03
9.732485748827457428e-03
9.728529024869203568e-03
9.731891332194209099e-03
9.720719535835087299e-03
9.723163209855556488e-03
9.722693590447306633e-03
9.722981019876897335e-03
9.717045119032263756e-03
9.727827738970518112e-03
9.705867851153016090e-03
9.713800624012947083e-03
9.705755626782774925e-03
9.706524899229407310e-03
9.707089746370911598e-03
9.702468523755669594e-03
9.712892351672053337e-03
9.706638753414154053e-03
9.700992726720869541e-03
9.697912726551294327e-03
9.681920986622571945e-03
9.690805920399725437e-03
9.694043081253767014e-03
9.690801613032817841e-03
9.689713595435023308e-03
9.686043485999107361e-03
9.678030735813081264e-03
9.680774528533220291e-03
9.684039279818534851e-03
9.676618734374642372e-03
9.671684587374329567e-03
9.676584508270025253e-03
9.664814453572034836e-03
9.697967208921909332e-03
9.710731683298945427e-03
9.679164737462997437e-03
9.674099506810307503e-03
9.683741373009979725e-03
9.664085926488041878e-03
9.664937737397849560e-03
9.660644689574837685e-03
9.660174604505300522e-03
9.653874789364635944e-03
9.655616246163845062e-03
9.670590399764478207e-03
9.656428592279553413e-03
9.642055025324225426e-03
9.647547500208020210e-03
9.643561206758022308e-03
9.637271054089069366e-03
9.636569302529096603e-03
9.639965603128075600e-03
9.659730596467852592e-03
9.684012969955801964e-03
9.693271247670054436e-03
9.681340889073908329e-03
9.646168677136301994e-03
9.659295203164219856e-03
9.636809583753347397e-03
9.627462364733219147e-03
9.618973825126886368e-03
9.619304561056196690e-03
9.616303141228854656e-03
9.616342373192310333e-03
9.612298570573329926e-03
9.611088549718260765e-03
9.608555585145950317e-03
9.615137474611401558e-03
9.610432200133800507e-03
9.615721181035041809e-03
9.605775354430079460e-03
9.629901498556137085e-03
9.603591635823249817e-03
9.631778113543987274e-03
9.612093213945627213e-03
9.607400861568748951e-03
9.609853615984320641e-03
9.606454987078905106e-03
9.614469017833471298e-03
9.602845879271626472e-03
9.610360837541520596e-03
9.599376935511827469e-03
9.599804412573575974e-03
9.597468306310474873e-03
9.594454546459019184e-03
9.591888519935309887e-03
9.587248088791966438e-03
9.590581525117158890e-03
9.586005355231463909e-03
9.587308624759316444e-03
9.589674300514161587e-03
9.585371008142828941e-03
9.588792570866644382e-03
9.592354064807295799e-03
9.587299777194857597e-03
9.585971478372812271e-03
9.584543760865926743e-03
9.587073000147938728e-03
9.575458941981196404e-03
9.578074561432003975e-03
9.575050324201583862e-03
9.579507983289659023e-03
9.577790740877389908e-03
9.576882934197783470e-03
9.578876895830035210e-03
9.578571422025561333e-03
9.571775794029235840e-03
9.580851416103541851e-03
9.567119530402123928e-03
9.566962020471692085e-03
9.566575870849192142e-03
9.566530585289001465e-03
9.572174400091171265e-03
9.561302140355110168e-03
9.576732758432626724e-03
9.564517647959291935e-03
9.559281868860125542e-03
9.565400192514061928e-03
9.562424733303487301e-03
9.573217015713453293e-03
9.562243008986115456e-03
9.563889238052070141e-03
9.563367697410285473e-03
9.561080252751708031e-03
9.549820562824606895e-03
9.558627381920814514e-03
9.556302102282643318e-03
9.558988036587834358e-03
9.553719311952590942e-03
9.545177686959505081e-03
9.544400963932275772e-03
9.545017965137958527e-03
9.541992330923676491e-03
9.541293838992714882e-03
9.537299163639545441e-03
9.535615099593997002e-03
9.540571831166744232e-03
9.532430209219455719e-03
9.534231270663440228e-03
9.539697784930467606e-03
9.534314740449190140e-03
9.532589698210358620e-03
9.531279327347874641e-03
9.527184767648577690e-03
9.529780363664031029e-03
9.529534960165619850e-03
9.524484048597514629e-03
9.541020961478352547e-03
9.549173759296536446e-03
9.531613672152161598e-03
9.608689579181373119e-03
9.552942821756005287e-03
9.639278636313974857e-03
9.624869679100811481e-03
9.592959657311439514e-03
9.555628756061196327e-03
9.560160571709275246e-03
9.560181759297847748e-03
9.541922714561223984e-03
9.534600423648953438e-03
