6.384632110595703125e+00
6.181101799011230469e+00
6.042106151580810547e+00
5.745668411254882812e+00
5.435667037963867188e+00
5.046331882476806641e+00
4.696385383605957031e+00
4.323947906494140625e+00
4.136274337768554688e+00
3.762076377868652344e+00
3.211286306381225586e+00
2.982253313064575195e+00
2.706197500228881836e+00
2.736756563186645508e+00
2.296415567398071289e+00
1.970802545547485352e+00
2.027720928192138672e+00
1.596843004226684570e+00
1.627993226051330566e+00
1.293669223785400391e+00
1.188305258750915527e+00
1.083796977996826172e+00
1.373347282409667969e+00
9.082581400871276855e-01
8.881726264953613281e-01
1.064411997795104980e+00
8.201758265495300293e-01
7.458967566490173340e-01
9.572485089302062988e-01
1.210884213447570801e+00
1.857951045036315918e+00
2.251120090484619141e+00
1.219777941703796387e+00
7.899811863899230957e-01
5.479022264480590820e-01
4.533617496490478516e-01
4.495631158351898193e-01
4.954194426536560059e-01
3.933597505092620850e-01
7.349337339401245117e-01
6.271957755088806152e-01
4.667156934738159180e-01
4.116607010364532471e-01
3.129304051399230957e-01
2.816388607025146484e-01
2.510664463043212891e-01
4.538582563400268555e-01
2.152384668588638306e-01
2.055619657039642334e-01
2.039303481578826904e-01
3.185002803802490234e-01
1.965683251619338989e-01
2.761411666870117188e-01
2.982953786849975586e-01
2.229240983724594116e-01
1.956748366355895996e-01
1.116553544998168945e+00
4.577758014202117920e-01
6.814799308776855469e-01
5.343596935272216797e-01
2.681831419467926025e-01
8.068312406539916992e-01
5.344278812408447266e-01
4.147945642471313477e-01
4.650471210479736328e-01
5.062507390975952148e-01
3.065764307975769043e-01
4.428448081016540527e-01
2.722280621528625488e-01
3.122548758983612061e-01
1.508717685937881470e-01
1.512539982795715332e-01
1.463644504547119141e-01
2.092622220516204834e-01
1.736076474189758301e-01
2.161849737167358398e-01
2.022599428892135620e-01
5.084723234176635742e-01
4.996435046195983887e-01
3.061887621879577637e-01
1.919520497322082520e-01
1.932896971702575684e-01
1.230369955301284790e-01
7.505541443824768066e-01
2.564938366413116455e-01
2.033270448446273804e-01
4.724429547786712646e-01
4.257864356040954590e-01
5.227648615837097168e-01
3.071268796920776367e-01
1.446884423494338989e-01
1.729481816291809082e-01
1.308414489030838013e-01
1.044510304927825928e-01
1.248034834861755371e-01
1.258215457201004028e-01
2.236197143793106079e-01
1.137299388647079468e-01
1.822606623172760010e-01
2.229505777359008789e-01
1.398502737283706665e-01
6.028442829847335815e-02
7.786735892295837402e-02
6.902145594358444214e-02
9.476811438798904419e-02
6.450066715478897095e-02
5.204753205180168152e-02
4.711505025625228882e-02
7.987633347511291504e-02
5.356122553348541260e-02
1.420019865036010742e-01
1.784170866012573242e-01
1.601694673299789429e-01
6.704360991716384888e-02
9.710717201232910156e-02
4.155070334672927856e-02
3.298003971576690674e-02
3.603053092956542969e-02
3.821594640612602234e-02
3.048590943217277527e-02
4.811747744679450989e-02
6.508087366819381714e-02
5.959739163517951965e-02
7.477345317602157593e-02
5.712430551648139954e-02
9.782407432794570923e-02
5.078214034438133240e-02
6.010919436812400818e-02
7.948409020900726318e-02
9.457074850797653198e-02
2.328817732632160187e-02
2.375059947371482849e-02
4.698059335350990295e-02
2.538394741714000702e-02
3.591750562191009521e-02
2.386058866977691650e-01
3.989778831601142883e-02
4.341178759932518005e-02
2.729821391403675079e-02
5.299190059304237366e-02
1.854243576526641846e-01
6.648021936416625977e-02
8.944713324308395386e-02
1.086674854159355164e-01
4.039162397384643555e-02
3.852852806448936462e-02
3.129132091999053955e-02
3.107394091784954071e-02
1.608268767595291138e-01
1.118290275335311890e-01
1.058504804968833923e-01
1.341094374656677246e-01
1.143617033958435059e-01
7.179269939661026001e-02
3.657109290361404419e-02
4.957016929984092712e-02
2.819318324327468872e-02
2.033010125160217285e-02
2.613032981753349304e-02
6.311281025409698486e-02
2.774757146835327148e-02
1.171962767839431763e-01
3.176147118210792542e-02
4.084794595837593079e-02
4.323790594935417175e-02
2.163760736584663391e-02
1.496723387390375137e-02
3.079446591436862946e-02
9.561717510223388672e-02
8.889337629079818726e-02
6.342840939760208130e-02
1.835768483579158783e-02
2.133918181061744690e-02
2.426170744001865387e-02
1.431491971015930176e-02
1.534740626811981201e-02
5.083612352609634399e-02
2.433211356401443481e-02
9.923776239156723022e-02
1.489214878529310226e-02
1.303937379270792007e-02
1.563401706516742706e-02
2.585646323859691620e-02
1.925995200872421265e-02
1.489762123674154282e-02
1.336099766194820404e-02
1.013063713908195496e-01
9.056518971920013428e-02
6.875324249267578125e-02
6.445239484310150146e-02
3.972965851426124573e-02
8.091171830892562866e-02
3.497504815459251404e-02
3.163810446858406067e-02
8.179600536823272705e-02
2.273616008460521698e-02
1.586553640663623810e-02
4.437440633773803711e-02
2.529988437891006470e-02
2.323326468467712402e-02
8.973103947937488556e-03
7.737898733466863632e-03
2.082992903888225555e-02
2.590396255254745483e-02
8.198170922696590424e-03
1.604194752871990204e-02
7.967340759932994843e-03
1.343711279332637787e-02
8.021641522645950317e-03
7.679373025894165039e-03
7.272549904882907867e-03
7.640259806066751480e-03
1.475822087377309799e-02
2.945678122341632843e-02
9.132851846516132355e-03
1.710594445466995239e-02
8.424986153841018677e-03
1.681478694081306458e-02
6.831834092736244202e-03
5.400427058339118958e-02
2.566769905388355255e-02
2.639039419591426849e-02
3.590571880340576172e-02
2.232885733246803284e-02
1.710963994264602661e-02
3.232841938734054565e-02
3.969196602702140808e-02
2.671088837087154388e-02
2.231722325086593628e-02
2.505501732230186462e-02
2.033155038952827454e-02
8.347339928150177002e-03
2.066722884774208069e-02
1.274262461811304092e-02
9.112344123423099518e-03
7.767467293888330460e-03
6.780592724680900574e-03
8.132302202284336090e-03
6.382292602211236954e-03
6.020121742039918900e-03
1.280162855982780457e-02
1.348445937037467957e-02
6.148155778646469116e-03
6.888248957693576813e-03
5.701492726802825928e-02
9.129846841096878052e-02
7.839473895728588104e-03
3.431967645883560181e-02
3.376663103699684143e-02
2.541028335690498352e-02
1.423521246761083603e-02
1.483360957354307175e-02
1.532856281846761703e-02
1.213885098695755005e-02
1.804015040397644043e-02
8.874467574059963226e-03
7.759939413517713547e-03
2.297488600015640259e-02
1.565195247530937195e-02
1.889943331480026245e-02
2.356056123971939087e-02
1.269974838942289352e-02
1.329797133803367615e-02
1.273002941161394119e-02
9.224398992955684662e-03
1.102671027183532715e-02
6.497210822999477386e-03
5.761766806244850159e-03
7.417604792863130569e-03
6.315731443464756012e-03
6.344046909362077713e-03
1.900124736130237579e-02
8.437933400273323059e-03
5.097416043281555176e-02
3.111837990581989288e-02
3.541405498981475830e-02
1.883739233016967773e-02
9.533180855214595795e-03
2.181878127157688141e-02
1.828273758292198181e-02
1.305416598916053772e-02
1.013250742107629776e-02
1.687443815171718597e-02
9.728278033435344696e-03
1.198747847229242325e-02
9.363032877445220947e-03
6.750608794391155243e-03
8.551193401217460632e-03
9.659152477979660034e-03
1.123588811606168747e-02
7.473178207874298096e-03
1.509520318359136581e-02
5.976614076644182205e-03
1.157890725880861282e-02
1.067359186708927155e-02
1.448087301105260849e-02
2.606002055108547211e-02
1.127553358674049377e-02
4.250663518905639648e-02
2.602099813520908356e-02
1.411807257682085037e-02
9.505955502390861511e-03
6.000275723636150360e-03
5.136971827596426010e-03
4.603240638971328735e-03
4.366707056760787964e-03
4.223764408379793167e-03
4.424094688147306442e-03
4.112250171601772308e-03
4.796395543962717056e-03
4.794068168848752975e-03
8.327914401888847351e-03
8.017056621611118317e-03
4.413654096424579620e-03
5.910761654376983643e-03
6.052091252058744431e-03
4.415593575686216354e-03
4.844264592975378036e-03
7.042948622256517410e-03
4.934975877404212952e-03
6.289289798587560654e-03
6.575198378413915634e-03
4.396075382828712463e-03
4.562566056847572327e-03
4.573977086693048477e-03
3.942763898521661758e-03
4.494607448577880859e-03
3.826318774372339249e-03
3.770984476432204247e-03
3.855972550809383392e-03
3.985285758972167969e-03
3.934976179152727127e-03
3.985144197940826416e-03
3.921857569366693497e-03
3.754852339625358582e-03
4.038821905851364136e-03
4.836968146264553070e-03
3.903797827661037445e-03
4.243825096637010574e-03
3.887484781444072723e-03
3.650303697213530540e-03
3.505883272737264633e-03
3.536219708621501923e-03
3.775106277316808701e-03
3.621625481173396111e-03
4.498751368373632431e-03
3.470064373686909676e-03
6.676396820694208145e-03
3.738387022167444229e-03
5.093043670058250427e-03
4.838058724999427795e-03
5.043886601924896240e-03
3.772975644096732140e-03
6.079616956412792206e-03
6.271882914006710052e-03
4.239206202328205109e-03
4.928311333060264587e-03
5.856301635503768921e-03
3.673311322927474976e-03
6.140603683888912201e-03
5.212104413658380508e-03
5.273446440696716309e-03
3.503662534058094025e-03
4.241477698087692261e-03
4.241002723574638367e-03
4.074268974363803864e-03
3.344499506056308746e-03
3.211695700883865356e-03
3.428441938012838364e-03
3.268329193815588951e-03
3.580552292987704277e-03
3.414709353819489479e-03
4.117893055081367493e-03
3.277542069554328918e-03
7.178185041993856430e-03
5.173303652554750443e-03
3.122958587482571602e-03
1.224931236356496811e-02
4.102766513824462891e-03
5.487903486937284470e-03
1.603789627552032471e-02
5.023682024329900742e-03
7.116878870874643326e-03
1.322526391595602036e-02
4.744871053844690323e-03
3.893224289640784264e-03
7.779717911034822464e-03
4.297822248190641403e-03
3.510856302455067635e-03
3.255345392972230911e-03
1.206002105027437210e-02
3.716301172971725464e-03
1.523048616945743561e-02
1.425516046583652496e-02
3.389596706256270409e-03
3.693152219057083130e-03
3.634188557043671608e-03
3.274194430559873581e-03
3.737750230357050896e-03
4.594334866851568222e-03
2.976317424327135086e-03
3.566966857761144638e-03
3.561563091352581978e-03
2.960752462968230247e-03
4.874459002166986465e-03
2.914907177910208702e-03
3.252821741625666618e-03
2.959060948342084885e-03
2.880545565858483315e-03
3.205348039045929909e-03
2.974287606775760651e-03
3.045507706701755524e-03
3.084246302023530006e-03
3.092659171670675278e-03
3.556667128577828407e-03
2.992993220686912537e-03
3.130880184471607208e-03
2.784096170216798782e-03
2.807158278301358223e-03
2.787658711895346642e-03
2.796721179038286209e-03
2.789565827697515488e-03
2.827696967869997025e-03
2.781244693323969841e-03
2.817141590639948845e-03
2.761469921097159386e-03
2.991238376125693321e-03
2.740395721048116684e-03
3.040087176486849785e-03
4.046038258820772171e-03
6.214618217200040817e-03
3.908263053745031357e-03
4.588436335325241089e-03
4.439078271389007568e-03
2.746071899309754372e-03
3.445357317104935646e-03
2.707855077460408211e-03
2.660211874172091484e-03
2.975460374727845192e-03
2.785056829452514648e-03
3.186815883964300156e-03
2.906976733356714249e-03
2.725734142586588860e-03
3.065837780013680458e-03
2.988083055242896080e-03
2.879700623452663422e-03
2.900432795286178589e-03
3.289908869192004204e-03
2.749799750745296478e-03
2.642132341861724854e-03
2.640492748469114304e-03
2.889758674427866936e-03
2.731228480115532875e-03
2.991847228258848190e-03
3.982447553426027298e-03
2.736493945121765137e-03
3.014509566128253937e-03
3.311249427497386932e-03
2.894013654440641403e-03
3.001160454005002975e-03
3.057308262214064598e-03
2.856485079973936081e-03
2.852258272469043732e-03
3.353238105773925781e-03
2.570147858932614326e-03
2.723824465647339821e-03
3.139193402603268623e-03
2.979078562930226326e-03
2.586316782981157303e-03
2.496985718607902527e-03
2.532927319407463074e-03
2.592246979475021362e-03
2.537570660933852196e-03
2.647225977852940559e-03
2.490662969648838043e-03
2.490906976163387299e-03
2.473882399499416351e-03
3.252959577366709709e-03
3.132586367428302765e-03
2.541416557505726814e-03
3.059892682358622551e-03
2.596777398139238358e-03
2.511915285140275955e-03
2.475448185577988625e-03
2.492378000169992447e-03
2.503434661775827408e-03
2.454576548188924789e-03
2.502493560314178467e-03
2.434265566989779472e-03
2.412590896710753441e-03
2.481780247762799263e-03
2.413434674963355064e-03
2.419452648609876633e-03
2.388391178101301193e-03
2.863832516595721245e-03
3.418540582060813904e-03
2.530772006139159203e-03
2.884799148887395859e-03
3.093293868005275726e-03
2.379410201683640480e-03
2.391300629824399948e-03
2.362404251471161842e-03
2.343329600989818573e-03
2.352598588913679123e-03
2.338562160730361938e-03
2.366570988669991493e-03
2.405862789601087570e-03
2.356506884098052979e-03
2.327925525605678558e-03
2.331956522539258003e-03
2.348729642108082771e-03
2.330524381250143051e-03
2.336198231205344200e-03
2.322743646800518036e-03
2.324036555364727974e-03
2.310579642653465271e-03
2.344859763979911804e-03
2.305886242538690567e-03
2.315161051228642464e-03
2.296487335115671158e-03
2.313470467925071716e-03
2.296765334904193878e-03
2.295219339430332184e-03
2.291547134518623352e-03
2.299062442034482956e-03
2.297970466315746307e-03
2.287786221131682396e-03
2.306603128090500832e-03
2.293856581673026085e-03
2.267010742798447609e-03
2.285214839503169060e-03
2.267530653625726700e-03
2.280453452840447426e-03
2.261700108647346497e-03
2.263614907860755920e-03
2.257468644529581070e-03
2.298438921570777893e-03
2.264096634462475777e-03
2.259060507640242577e-03
2.262818627059459686e-03
2.255353610962629318e-03
2.259993692860007286e-03
2.251695375889539719e-03
2.260306617245078087e-03
2.261731540784239769e-03
2.240188652649521828e-03
2.224598545581102371e-03
2.275738166645169258e-03
2.222690964117646217e-03
2.240443835034966469e-03
2.213715342804789543e-03
2.240996574983000755e-03
2.224499126896262169e-03
2.209948142990469933e-03
2.240477362647652626e-03
2.209883183240890503e-03
2.207410056143999100e-03
2.221516100689768791e-03
2.198668895289301872e-03
2.210769802331924438e-03
2.230955054983496666e-03
2.202903851866722107e-03
2.216225955635309219e-03
2.264770213514566422e-03
2.231439109891653061e-03
2.189962193369865417e-03
2.182896248996257782e-03
2.194059779867529869e-03
2.179678296670317650e-03
2.190307481214404106e-03
2.163813682273030281e-03
2.172125969082117081e-03
2.177473157644271851e-03
2.169302664697170258e-03
2.163175493478775024e-03
2.164903562515974045e-03
2.176262438297271729e-03
2.150678308680653572e-03
2.179864794015884399e-03
2.146704355254769325e-03
2.145835431292653084e-03
2.228199038654565811e-03
2.182233380153775215e-03
2.134678186848759651e-03
2.135863061994314194e-03
2.145919948816299438e-03
2.139959484338760376e-03
2.168676350265741348e-03
2.132132416591048241e-03
2.110488479956984520e-03
2.208363730460405350e-03
2.109391381964087486e-03
2.160594100132584572e-03
2.110298955813050270e-03
2.150290878489613533e-03
2.103769453242421150e-03
2.136426744982600212e-03
2.104924991726875305e-03
2.106720115989446640e-03
2.099388279020786285e-03
2.094892086461186409e-03
2.085879677906632423e-03
2.097872318699955940e-03
2.091937232762575150e-03
2.087551401928067207e-03
2.093910705298185349e-03
2.086832420900464058e-03
2.083546482026576996e-03
2.081637969240546227e-03
2.080452162772417068e-03
2.076552016660571098e-03
2.084344159811735153e-03
2.074297983199357986e-03
2.074711723253130913e-03
2.078322693705558777e-03
2.082272432744503021e-03
2.087934641167521477e-03
2.070542424917221069e-03
2.084326697513461113e-03
2.069659065455198288e-03
2.071417868137359619e-03
2.076452830806374550e-03
2.066031564027070999e-03
2.069780370220541954e-03
2.061500446870923042e-03
2.060216385871171951e-03
2.057330217212438583e-03
2.057739766314625740e-03
2.055529039353132248e-03
2.063521184027194977e-03
2.053376985713839531e-03
2.059502527117729187e-03
2.055156044661998749e-03
2.050180453807115555e-03
2.054425189271569252e-03
2.047520829364657402e-03
2.045647241175174713e-03
2.049423521384596825e-03
2.042784821242094040e-03
2.038859995082020760e-03
2.045819768682122231e-03
2.038730075582861900e-03
2.031704178079962730e-03
2.035797806456685066e-03
2.034881850704550743e-03
2.048923168331384659e-03
2.064153319224715233e-03
2.052785828709602356e-03
2.036462770774960518e-03
2.054598415270447731e-03
2.041922416538000107e-03
2.040210645645856857e-03
2.025645691901445389e-03
2.044238382950425148e-03
2.028644084930419922e-03
2.029012888669967651e-03
2.031661104410886765e-03
2.019784413278102875e-03
2.021928783506155014e-03
2.021760679781436920e-03
2.018037019297480583e-03
2.022474305704236031e-03
2.010442083701491356e-03
2.011742442846298218e-03
2.016767859458923340e-03
2.012426732107996941e-03
1.998283667489886284e-03
2.012189012020826340e-03
2.006602706387639046e-03
2.000431530177593231e-03
2.002286259084939957e-03
1.992363715544342995e-03
1.991673838347196579e-03
2.001356566324830055e-03
1.989425858482718468e-03
1.993031008169054985e-03
1.989604439586400986e-03
2.014454687014222145e-03
1.994993072003126144e-03
1.994795864447951317e-03
1.986669143661856651e-03
1.999277621507644653e-03
2.006151480600237846e-03
2.032586606219410896e-03
2.042258391156792641e-03
1.982331974431872368e-03
2.002313034608960152e-03
1.978468615561723709e-03
1.967307878658175468e-03
1.974539598450064659e-03
1.984725939109921455e-03
1.975153572857379913e-03
1.973703503608703613e-03
1.981908455491065979e-03
1.970563083887100220e-03
1.995284110307693481e-03
1.960146473720669746e-03
1.965902047231793404e-03
1.963233575224876404e-03
1.959814457222819328e-03
1.972924219444394112e-03
1.967921620234847069e-03
1.957281026989221573e-03
1.958931097760796547e-03
1.962396316230297089e-03
1.958607695996761322e-03
1.956140389665961266e-03
1.959335291758179665e-03
1.952338963747024536e-03
1.956588588654994965e-03
1.960209337994456291e-03
1.950320438481867313e-03
1.952473889105021954e-03
1.959602581337094307e-03
1.950771780684590340e-03
1.953156199306249619e-03
1.950851641595363617e-03
1.947656855918467045e-03
1.946934848092496395e-03
1.950025674887001514e-03
1.950069563463330269e-03
1.945646246895194054e-03
1.941643422469496727e-03
1.945792697370052338e-03
1.943139242939651012e-03
1.939958659932017326e-03
1.937370863743126392e-03
1.938944915309548378e-03
1.942210830748081207e-03
1.939778099767863750e-03
1.936492393724620342e-03
1.938780304044485092e-03
1.937119057402014732e-03
1.931864884681999683e-03
1.933607971295714378e-03
1.936162821948528290e-03
1.932487590238451958e-03
1.931082690134644508e-03
1.935078413225710392e-03
1.935902750119566917e-03
1.928729703649878502e-03
1.925671589560806751e-03
1.936093205586075783e-03
1.935957581736147404e-03
1.927168574184179306e-03
1.925936085171997547e-03
1.926688477396965027e-03
1.924399519339203835e-03
1.927944831550121307e-03
1.935681561008095741e-03
1.924188225530087948e-03
1.926612807437777519e-03
1.932191429659724236e-03
1.921497401781380177e-03
1.921693095937371254e-03
1.921079936437308788e-03
1.924452837556600571e-03
1.915286644361913204e-03
1.917286776006221771e-03
1.919612404890358448e-03
1.918101334013044834e-03
1.913283718749880791e-03
1.913116662763059139e-03
1.921306131407618523e-03
1.915314001962542534e-03
1.916011096909642220e-03
1.913511659950017929e-03
1.909291022457182407e-03
1.908160629682242870e-03
1.908050151541829109e-03
1.909320009872317314e-03
1.907492405734956264e-03
1.907927566207945347e-03
1.907050609588623047e-03
1.904701464809477329e-03
1.903004129417240620e-03
1.906750723719596863e-03
1.908778911456465721e-03
1.904545351862907410e-03
1.898703398182988167e-03
1.908493926748633385e-03
1.908885780721902847e-03
1.898204325698316097e-03
1.896420144475996494e-03
1.896740752272307873e-03
1.896012574434280396e-03
1.894184737466275692e-03
1.900248578749597073e-03
1.900724368169903755e-03
1.898841583169996738e-03
1.898613991215825081e-03
1.896959845907986164e-03
1.892991247586905956e-03
1.889538951218128204e-03
1.896043424494564533e-03
1.892220461741089821e-03
1.887471764348447323e-03
1.891415682621300220e-03
1.886379090137779713e-03
1.882409444078803062e-03
1.889475039206445217e-03
1.888746279291808605e-03
1.894308836199343204e-03
1.888351049274206161e-03
1.882632495835423470e-03
1.885644043795764446e-03
1.886479789391160011e-03
1.886557321995496750e-03
1.886149868369102478e-03
1.883638440631330013e-03
1.887160120531916618e-03
1.880799653008580208e-03
1.884746947325766087e-03
1.878980430774390697e-03
1.880257390439510345e-03
1.884022378362715244e-03
1.877586008049547672e-03
1.885482459329068661e-03
1.881459495052695274e-03
1.877040718682110310e-03
1.878526643849909306e-03
1.880472060292959213e-03
1.879103714600205421e-03
1.879200921393930912e-03
1.878839335404336452e-03
1.877467264421284199e-03
1.880432362668216228e-03
1.876393798738718033e-03
1.876725698821246624e-03
1.875553047284483910e-03
1.877193571999669075e-03
1.874769339337944984e-03
1.877315691672265530e-03
1.876895315945148468e-03
1.873385743238031864e-03
1.875080051831901073e-03
1.875211717560887337e-03
1.874160137958824635e-03
1.874038134701550007e-03
1.878930954262614250e-03
1.875085756182670593e-03
1.872184453532099724e-03
1.873942906968295574e-03
1.872016931883990765e-03
1.874172128736972809e-03
1.872558379545807838e-03
1.871495856903493404e-03
1.872539054602384567e-03
1.870770822279155254e-03
1.871693995781242847e-03
1.866637729108333588e-03
1.868536113761365414e-03
1.870088977739214897e-03
1.868060906417667866e-03
1.871462562121450901e-03
1.865426544100046158e-03
1.864332472905516624e-03
1.871320302598178387e-03
1.870752661488950253e-03
1.866241567768156528e-03
1.864266349002718925e-03
1.865499536506831646e-03
1.865423633717000484e-03
1.864597667008638382e-03
1.864837016910314560e-03
1.865854021161794662e-03
1.861210213974118233e-03
1.866697799414396286e-03
1.863477751612663269e-03
1.861298223957419395e-03
1.863039331510663033e-03
1.861465047113597393e-03
1.861838740296661854e-03
1.861893804743885994e-03
1.860933844000101089e-03
1.856270944699645042e-03
1.857091556303203106e-03
1.860309042967855930e-03
1.858923351392149925e-03
1.855857321061193943e-03
1.858587726019322872e-03
1.858149422332644463e-03
1.856621587648987770e-03
1.857642317190766335e-03
1.856024842709302902e-03
1.856727176345884800e-03
1.856256625615060329e-03
1.856828224845230579e-03
1.854451955296099186e-03
1.854082918725907803e-03
1.854796428233385086e-03
1.856209477409720421e-03
1.858448260463774204e-03
1.856912160292267799e-03
1.858151750639081001e-03
1.861943746916949749e-03
1.856955117546021938e-03
1.850991626270115376e-03
1.851974637247622013e-03
1.857690629549324512e-03
1.854204339906573296e-03
1.856061047874391079e-03
1.849697204306721687e-03
1.850855187512934208e-03
1.851470093242824078e-03
1.851131906732916832e-03
1.849855761975049973e-03
1.851269160397350788e-03
1.850074157118797302e-03
1.851062290370464325e-03
1.849388936534523964e-03
1.850777072831988335e-03
1.849543885327875614e-03
1.848262851126492023e-03
1.847857376560568810e-03
1.848109299317002296e-03
1.849916065111756325e-03
1.850181259214878082e-03
1.849287538789212704e-03
1.845808234065771103e-03
1.848328625783324242e-03
1.847404055297374725e-03
1.847695675678551197e-03
1.848015701398253441e-03
1.846869359724223614e-03
1.848615007475018501e-03
1.846443628892302513e-03
1.847383333370089531e-03
1.846167026087641716e-03
1.846133498474955559e-03
1.845979597419500351e-03
1.846228493377566338e-03
1.845644786953926086e-03
1.845770166255533695e-03
1.847763429395854473e-03
1.844331040047109127e-03
1.845339313149452209e-03
1.845313468948006630e-03
1.847405685111880302e-03
1.844840589910745621e-03
1.845148392021656036e-03
1.843801583163440228e-03
1.845717546530067921e-03
1.844027312472462654e-03
1.844943617470562458e-03
1.844649086706340313e-03
1.844616490416228771e-03
1.847017789259552956e-03
1.844632090069353580e-03
1.843475853092968464e-03
1.842988771386444569e-03
1.842612982727587223e-03
1.841990160755813122e-03
1.844736863858997822e-03
1.843670033849775791e-03
1.845015562139451504e-03
1.840341603383421898e-03
1.842738944105803967e-03
1.840053708292543888e-03
1.843381091021001339e-03
1.840595854446291924e-03
1.845518825575709343e-03
1.837649615481495857e-03
1.841298304498195648e-03
1.838459749706089497e-03
1.844761427491903305e-03
1.838111318647861481e-03
1.838800963014364243e-03
1.839220756664872169e-03
1.842445344664156437e-03
1.839735312387347221e-03
1.839618780650198460e-03
1.838298281654715538e-03
1.840600511059165001e-03
1.839809003286063671e-03
1.838096417486667633e-03
1.838993281126022339e-03
1.839132979512214661e-03
1.839058357290923595e-03
1.838470692746341228e-03
1.839294796809554100e-03
1.838707248680293560e-03
1.839299569837749004e-03
1.837197341956198215e-03
1.838382799178361893e-03
1.838819705881178379e-03
1.838080585002899170e-03
1.836701645515859127e-03
1.835920033045113087e-03
1.838863710872828960e-03
1.837450661696493626e-03
1.837018877267837524e-03
1.830262714065611362e-03
1.831738045439124107e-03
1.832271460443735123e-03
1.833997899666428566e-03
1.831210451200604439e-03
1.832189154811203480e-03
1.828776090405881405e-03
1.830542576499283314e-03
