9.606117010116577148e-01
9.215283989906311035e-01
8.952463269233703613e-01
8.596474528312683105e-01
8.436501622200012207e-01
8.025254607200622559e-01
7.455570101737976074e-01
7.216330766677856445e-01
6.996921300888061523e-01
6.259903311729431152e-01
6.141324639320373535e-01
5.532608628273010254e-01
5.440379381179809570e-01
5.136387348175048828e-01
4.387730956077575684e-01
4.135221838951110840e-01
4.495930373668670654e-01
3.617179095745086670e-01
3.404485285282135010e-01
3.210869133472442627e-01
2.858896851539611816e-01
3.110869228839874268e-01
3.111812174320220947e-01
2.852729856967926025e-01
2.481918632984161377e-01
2.924157381057739258e-01
2.383256405591964722e-01
2.299885302782058716e-01
2.949471473693847656e-01
3.376182019710540771e-01
4.869658052921295166e-01
5.753335356712341309e-01
3.369810879230499268e-01
2.429559826850891113e-01
2.146656364202499390e-01
1.803303509950637817e-01
1.772800385951995850e-01
2.087320685386657715e-01
1.692306846380233765e-01
2.691614329814910889e-01
2.593986392021179199e-01
1.879565417766571045e-01
1.959734261035919189e-01
1.643724739551544189e-01
1.503199040889739990e-01
1.431980729103088379e-01
2.318786531686782837e-01
1.156464740633964539e-01
1.245374828577041626e-01
1.128907948732376099e-01
2.119505107402801514e-01
1.320233941078186035e-01
1.795625984668731689e-01
2.021511942148208618e-01
1.538078337907791138e-01
1.579969972372055054e-01
4.296283721923828125e-01
2.593347728252410889e-01
3.193930685520172119e-01
2.721552848815917969e-01
1.857419013977050781e-01
3.391976952552795410e-01
2.926477491855621338e-01
2.151424139738082886e-01
2.373100221157073975e-01
2.128357142210006714e-01
1.707937270402908325e-01
2.310750931501388550e-01
1.413696706295013428e-01
1.712936311960220337e-01
1.024765446782112122e-01
1.129980981349945068e-01
1.160362139344215393e-01
1.607472896575927734e-01
1.458194851875305176e-01
1.560907661914825439e-01
1.540267914533615112e-01
2.893442511558532715e-01
2.794302403926849365e-01
1.938533782958984375e-01
1.150945276021957397e-01
1.409930735826492310e-01
1.132814884185791016e-01
3.612542748451232910e-01
1.954031586647033691e-01
1.602617055177688599e-01
2.217178642749786377e-01
1.809056103229522705e-01
1.818590313196182251e-01
1.353220641613006592e-01
1.022071316838264465e-01
1.510351747274398804e-01
1.041320264339447021e-01
8.136573433876037598e-02
8.483500033617019653e-02
1.090341284871101379e-01
1.556921303272247314e-01
1.164794787764549255e-01
1.559701710939407349e-01
1.475965827703475952e-01
1.081033423542976379e-01
6.195895001292228699e-02
8.053620904684066772e-02
6.861941516399383545e-02
9.326381236314773560e-02
6.576935946941375732e-02
5.245112255215644836e-02
4.969570040702819824e-02
8.977641910314559937e-02
8.222646266222000122e-02
1.580670773983001709e-01
1.645501852035522461e-01
1.563291549682617188e-01
6.015786901116371155e-02
9.638007730245590210e-02
6.049851700663566589e-02
4.365576803684234619e-02
4.653291776776313782e-02
5.660577490925788879e-02
4.454300925135612488e-02
7.546086609363555908e-02
9.309592097997665405e-02
5.756451562047004700e-02
6.671332567930221558e-02
5.533558130264282227e-02
1.073035225272178650e-01
5.199927091598510742e-02
8.304286748170852661e-02
8.408854901790618896e-02
9.770240634679794312e-02
3.619248047471046448e-02
4.551938548684120178e-02
7.568059116601943970e-02
4.988247901201248169e-02
5.886272341012954712e-02
2.177577614784240723e-01
6.455135345458984375e-02
6.227658316493034363e-02
4.676480591297149658e-02
8.508437126874923706e-02
1.646619737148284912e-01
9.603079408407211304e-02
1.067242398858070374e-01
1.269343197345733643e-01
5.896233394742012024e-02
5.133292078971862793e-02
5.047470331192016602e-02
4.902376979589462280e-02
1.586442291736602783e-01
1.390760540962219238e-01
1.376048326492309570e-01
1.104005575180053711e-01
7.700154185295104980e-02
8.830404281616210938e-02
4.375251755118370056e-02
6.770235300064086914e-02
5.604362487792968750e-02
3.985138610005378723e-02
6.074380874633789062e-02
1.124750077724456787e-01
4.667205363512039185e-02
1.319621503353118896e-01
5.363426730036735535e-02
6.339986622333526611e-02
6.433246284723281860e-02
3.808369860053062439e-02
2.808463200926780701e-02
6.286867707967758179e-02
1.177797093987464905e-01
7.395675033330917358e-02
5.357723683118820190e-02
3.315518423914909363e-02
5.039924383163452148e-02
5.236886814236640930e-02
3.543382138013839722e-02
3.617470711469650269e-02
9.766556322574615479e-02
5.883468315005302429e-02
1.217875704169273376e-01
3.413142636418342590e-02
3.039740957319736481e-02
4.171932116150856018e-02
5.446940287947654724e-02
3.796939179301261902e-02
4.163816198706626892e-02
3.153428062796592712e-02
1.289106607437133789e-01
1.298899501562118530e-01
9.936860203742980957e-02
5.985398963093757629e-02
6.200204789638519287e-02
7.789725810289382935e-02
6.831031292676925659e-02
5.225880816578865051e-02
7.471404224634170532e-02
5.296636372804641724e-02
3.016048111021518707e-02
7.538551092147827148e-02
4.057656601071357727e-02
4.679160937666893005e-02
2.344715036451816559e-02
1.962394826114177704e-02
5.169163644313812256e-02
5.959155037999153137e-02
2.370869368314743042e-02
4.437758773565292358e-02
2.137668058276176453e-02
3.795822709798812866e-02
2.404949069023132324e-02
2.255523391067981720e-02
1.910428889095783234e-02
2.074480988085269928e-02
4.591322690248489380e-02
7.136531919240951538e-02
2.561726234853267670e-02
5.121667683124542236e-02
2.981171570718288422e-02
4.837547242641448975e-02
1.894093677401542664e-02
1.003523394465446472e-01
6.586113572120666504e-02
6.216143444180488586e-02
7.947660982608795166e-02
4.947938397526741028e-02
4.159400984644889832e-02
7.665755599737167358e-02
8.812008053064346313e-02
4.536663368344306946e-02
4.812015965580940247e-02
5.731511116027832031e-02
4.908439144492149353e-02
2.281439304351806641e-02
5.235334858298301697e-02
4.033380374312400818e-02
2.992496825754642487e-02
2.430740930140018463e-02
2.122279070317745209e-02
2.910407073795795441e-02
2.060737833380699158e-02
1.823133230209350586e-02
4.034340754151344299e-02
4.232226312160491943e-02
2.002244815230369568e-02
2.272628806531429291e-02
9.846273809671401978e-02
1.297589391469955444e-01
2.487936429679393768e-02
6.293516606092453003e-02
4.571168869733810425e-02
4.840970411896705627e-02
4.068117216229438782e-02
4.542254656553268433e-02
3.974894806742668152e-02
3.740854561328887939e-02
5.376531183719635010e-02
2.980685234069824219e-02
2.989079430699348450e-02
5.418151244521141052e-02
5.033763125538825989e-02
5.471740663051605225e-02
6.217534095048904419e-02
3.457288071513175964e-02
4.791802167892456055e-02
3.725893422961235046e-02
2.554278820753097534e-02
3.698410466313362122e-02
2.127928845584392548e-02
1.885202713310718536e-02
2.934392914175987244e-02
2.045304328203201294e-02
1.849553920328617096e-02
5.652295798063278198e-02
3.247730061411857605e-02
9.890361875295639038e-02
6.833688169717788696e-02
4.267210513353347778e-02
3.180945292115211487e-02
3.405586257576942444e-02
5.392200872302055359e-02
3.835163637995719910e-02
3.981433808803558350e-02
3.450418263673782349e-02
4.567637294530868530e-02
3.005842119455337524e-02
3.918375819921493530e-02
3.523663431406021118e-02
2.371880039572715759e-02
3.200553730130195618e-02
3.386685624718666077e-02
4.030171409249305725e-02
2.976157516241073608e-02
4.869859665632247925e-02
2.305867336690425873e-02
3.046262264251708984e-02
3.931396454572677612e-02
4.801585152745246887e-02
6.331426650285720825e-02
3.552675619721412659e-02
9.029152989387512207e-02
6.630336493253707886e-02
3.675269335508346558e-02
3.429534658789634705e-02
2.019591256976127625e-02
1.792740076780319214e-02
1.569606922566890717e-02
1.591313257813453674e-02
1.463692076504230499e-02
1.651677303016185760e-02
1.441690046340227127e-02
1.890614442527294159e-02
2.026469819247722626e-02
3.147394955158233643e-02
3.391848132014274597e-02
1.693798229098320007e-02
2.578805945813655853e-02
2.651897631585597992e-02
1.632888615131378174e-02
2.152786031365394592e-02
2.800102345645427704e-02
2.036403119564056396e-02
2.712164819240570068e-02
2.877140045166015625e-02
1.627823151648044586e-02
2.014719881117343903e-02
1.867769844830036163e-02
1.354968361556529999e-02
1.881369948387145996e-02
1.435696706175804138e-02
1.361470390111207962e-02
1.455057132989168167e-02
1.641158573329448700e-02
1.493119914084672928e-02
1.589900441467761993e-02
1.621924154460430145e-02
1.478470489382743835e-02
1.690417155623435974e-02
2.035516686737537384e-02
1.256886217743158340e-02
1.919414661824703217e-02
1.582591980695724487e-02
1.369241345673799515e-02
1.252585742622613907e-02
1.353145018219947815e-02
1.527767069637775421e-02
1.326691638678312302e-02
1.946429163217544556e-02
1.281305775046348572e-02
2.660582400858402252e-02
1.633005589246749878e-02
2.170555852353572845e-02
2.137004584074020386e-02
2.382002584636211395e-02
1.383042521774768829e-02
2.772899530827999115e-02
2.897055819630622864e-02
1.835853978991508484e-02
2.038743905723094940e-02
2.671614661812782288e-02
1.628005504608154297e-02
2.456307783722877502e-02
2.620039880275726318e-02
1.824748143553733826e-02
1.430962886661291122e-02
1.554295606911182404e-02
1.846108585596084595e-02
1.524311490356922150e-02
1.287424191832542419e-02
1.229147333651781082e-02
1.394766103476285934e-02
1.206803973764181137e-02
1.459336001425981522e-02
1.321866363286972046e-02
1.923413202166557312e-02
1.426877733319997787e-02
2.994838356971740723e-02
2.607371285557746887e-02
1.236974168568849564e-02
4.652594029903411865e-02
1.867503672838211060e-02
2.590304799377918243e-02
5.249597877264022827e-02
2.124624885618686676e-02
3.068177960813045502e-02
4.826083034276962280e-02
2.008768916130065918e-02
1.738329418003559113e-02
3.318925201892852783e-02
2.105237357318401337e-02
1.653058081865310669e-02
1.407398283481597900e-02
4.560269415378570557e-02
1.744828745722770691e-02
4.876610264182090759e-02
5.157758668065071106e-02
1.399214845150709152e-02
1.752203889191150665e-02
1.817588135600090027e-02
1.171743124723434448e-02
1.664714701473712921e-02
2.117376774549484253e-02
1.217502355575561523e-02
1.821055077016353607e-02
1.673014834523200989e-02
1.302510965615510941e-02
2.093396708369255066e-02
1.149789150804281235e-02
1.455352827906608582e-02
1.271786168217658997e-02
1.087235379964113235e-02
1.461060158908367157e-02
1.189285237342119217e-02
1.285980921238660812e-02
1.343664340674877167e-02
1.284547895193099976e-02
1.665715128183364868e-02
1.331098191440105438e-02
1.297656167298555374e-02
1.075184345245361328e-02
1.067045424133539200e-02
1.087789144366979599e-02
1.064415462315082550e-02
1.048058830201625824e-02
1.082568615674972534e-02
1.128174550831317902e-02
1.107528153806924820e-02
1.124005764722824097e-02
1.234110537916421890e-02
1.059930026531219482e-02
1.444649230688810349e-02
2.122281491756439209e-02
2.994946204125881195e-02
1.866297982633113861e-02
2.340874075889587402e-02
2.113994956016540527e-02
1.165186893194913864e-02
1.760813966393470764e-02
1.117353606969118118e-02
1.065986230969429016e-02
1.231897342950105667e-02
1.209795102477073669e-02
1.611771248281002045e-02
1.260067708790302277e-02
1.143274269998073578e-02
1.473279949277639389e-02
1.312516815960407257e-02
1.438083127140998840e-02
1.234959065914154053e-02
1.680962555110454559e-02
1.163966860622167587e-02
1.123488601297140121e-02
1.111642457544803619e-02
1.402718760073184967e-02
1.202455163002014160e-02
1.442483998835086823e-02
2.017987146973609924e-02
1.318402588367462158e-02
1.453251577913761139e-02
1.707273349165916443e-02
1.431550737470388412e-02
1.533999666571617126e-02
1.591075398027896881e-02
1.292981207370758057e-02
1.413351949304342270e-02
1.687229424715042114e-02
1.162606477737426758e-02
1.053388696163892746e-02
1.702110469341278076e-02
1.359093282371759415e-02
1.122385915368795395e-02
1.029497571289539337e-02
1.007869653403759003e-02
1.062221545726060867e-02
1.066946238279342651e-02
1.067901123315095901e-02
1.015541423112154007e-02
1.052076835185289383e-02
1.018238067626953125e-02
1.542609930038452148e-02
1.573560386896133423e-02
1.189364306628704071e-02
1.343233417719602585e-02
1.169547997415065765e-02
1.124904491007328033e-02
1.071698684245347977e-02
1.060434430837631226e-02
1.075628027319908142e-02
1.015488803386688232e-02
1.124141272157430649e-02
9.636731818318367004e-03
9.903371334075927734e-03
9.957877919077873230e-03
9.778250008821487427e-03
9.635425172746181488e-03
9.842065162956714630e-03
1.435304153710603714e-02
1.704034022986888885e-02
1.262809243053197861e-02
1.362173072993755341e-02
1.610346138477325439e-02
1.036725379526615143e-02
1.061666477471590042e-02
1.011474337428808212e-02
9.694435633718967438e-03
1.004854682832956314e-02
9.779054671525955200e-03
1.029265113174915314e-02
1.096261851489543915e-02
1.021756790578365326e-02
9.568085893988609314e-03
9.307065047323703766e-03
9.245731867849826813e-03
9.644648060202598572e-03
9.283441118896007538e-03
9.506104514002799988e-03
9.506261907517910004e-03
9.271057322621345520e-03
9.370464831590652466e-03
9.434146806597709656e-03
9.237507358193397522e-03
9.269906207919120789e-03
9.251674637198448181e-03
9.209655225276947021e-03
9.293366223573684692e-03
9.346274659037590027e-03
9.207017719745635986e-03
9.142487309873104095e-03
9.410938248038291931e-03
9.322008118033409119e-03
9.293123148381710052e-03
9.195477701723575592e-03
9.133212268352508545e-03
9.199727326631546021e-03
9.113688021898269653e-03
9.191822260618209839e-03
9.115341119468212128e-03
9.187465533614158630e-03
9.350874461233615875e-03
9.255743585526943207e-03
9.439324960112571716e-03
9.439401328563690186e-03
9.088285267353057861e-03
9.170926176011562347e-03
9.123221039772033691e-03
9.414395317435264587e-03
9.118906222283840179e-03
9.317104704678058624e-03
9.248496964573860168e-03
9.251253679394721985e-03
9.275098331272602081e-03
9.653389453887939453e-03
9.227790869772434235e-03
9.171960875391960144e-03
9.260830469429492950e-03
9.140250273048877716e-03
9.076780639588832855e-03
9.049115702509880066e-03
9.171690791845321655e-03
8.987079374492168427e-03
9.082112461328506470e-03
9.126878343522548676e-03
9.812657721340656281e-03
9.035749360918998718e-03
9.153672493994235992e-03
1.013829000294208527e-02
9.063972160220146179e-03
9.388136677443981171e-03
9.219127707183361053e-03
9.125778451561927795e-03
8.989678695797920227e-03
8.925077505409717560e-03
8.997690863907337189e-03
8.906126022338867188e-03
8.882922120392322540e-03
8.870039135217666626e-03
9.106140583753585815e-03
8.883658796548843384e-03
9.063971228897571564e-03
8.909255266189575195e-03
8.969023823738098145e-03
9.042975492775440216e-03
8.814582601189613342e-03
9.905437007546424866e-03
9.187161922454833984e-03
8.841424249112606049e-03
9.271037764847278595e-03
9.597446769475936890e-03
8.903052657842636108e-03
9.490190073847770691e-03
8.732685819268226624e-03
8.922616951167583466e-03
9.451088495552539825e-03
8.915684185922145844e-03
8.935173973441123962e-03
9.024691767990589142e-03
8.928278461098670959e-03
8.843364194035530090e-03
8.861646056175231934e-03
9.084183722734451294e-03
8.883082307875156403e-03
8.844913914799690247e-03
8.768607862293720245e-03
8.773858658969402313e-03
8.656904101371765137e-03
8.676039986312389374e-03
8.730969391763210297e-03
8.629368618130683899e-03
8.647005073726177216e-03
8.686733432114124298e-03
8.689901791512966156e-03
8.642612956464290619e-03
8.726474829018115997e-03
8.655051700770854950e-03
8.712778799235820770e-03
8.572141639888286591e-03
8.628004230558872223e-03
8.650667034089565277e-03
8.617972955107688904e-03
8.674212731420993805e-03
8.610095828771591187e-03
8.613144047558307648e-03
8.600194007158279419e-03
8.600147441029548645e-03
8.639199659228324890e-03
8.570871315896511078e-03
8.600790984928607941e-03
8.597620762884616852e-03
8.600993081927299500e-03
8.568075485527515411e-03
8.578088134527206421e-03
8.575662970542907715e-03
8.629661984741687775e-03
8.576884865760803223e-03
8.548199199140071869e-03
8.619179949164390564e-03
8.550468832254409790e-03
8.558521978557109833e-03
8.590405806899070740e-03
8.539209142327308655e-03
8.569071069359779358e-03
8.579845540225505829e-03
8.524002507328987122e-03
8.552256971597671509e-03
8.574904873967170715e-03
8.545508608222007751e-03
8.526870049536228180e-03
8.790693245828151703e-03
8.794981054961681366e-03
8.692750707268714905e-03
8.738079108297824860e-03
8.678219281136989594e-03
8.642178028821945190e-03
8.636265061795711517e-03
8.617730811238288879e-03
8.549343794584274292e-03
8.638360537588596344e-03
8.596588857471942902e-03
8.457494899630546570e-03
8.659875020384788513e-03
8.526098914444446564e-03
8.557608351111412048e-03
8.632455021142959595e-03
8.574682287871837616e-03
8.553960360586643219e-03
8.506698533892631531e-03
8.587511256337165833e-03
8.528557606041431427e-03
8.449559099972248077e-03
8.580992929637432098e-03
8.472742512822151184e-03
8.411836810410022736e-03
8.517439477145671844e-03
8.524014614522457123e-03
8.541478775441646576e-03
8.412391878664493561e-03
8.498985320329666138e-03
8.388550020754337311e-03
8.502122946083545685e-03
8.476315997540950775e-03
8.597428910434246063e-03
8.458156138658523560e-03
8.494825102388858795e-03
8.472439832985401154e-03
8.661090396344661713e-03
8.914568461477756500e-03
9.045004844665527344e-03
8.699988946318626404e-03
8.498735725879669189e-03
8.414311334490776062e-03
8.443663828074932098e-03
8.446446619927883148e-03
8.412618190050125122e-03
8.460021577775478363e-03
8.398297242820262909e-03
8.424231782555580139e-03
8.514018729329109192e-03
8.465335704386234283e-03
8.550203405320644379e-03
8.308755233883857727e-03
8.536494337022304535e-03
8.478360250592231750e-03
8.396950550377368927e-03
8.407945744693279266e-03
8.387950249016284943e-03
8.378249593079090118e-03
8.364703506231307983e-03
8.387458510696887970e-03
8.340233005583286285e-03
8.340600878000259399e-03
8.405212312936782837e-03
8.339461870491504669e-03
8.350460790097713470e-03
8.387822657823562622e-03
8.340620435774326324e-03
8.333535864949226379e-03
8.400226943194866180e-03
8.337020874023437500e-03
8.338347077369689941e-03
8.395199663937091827e-03
8.323555812239646912e-03
8.348643779754638672e-03
8.387774229049682617e-03
8.333425037562847137e-03
8.368640206754207611e-03
8.365951478481292725e-03
8.341521024703979492e-03
8.328869007527828217e-03
8.393474854528903961e-03
8.326210081577301025e-03
8.361698128283023834e-03
8.351763710379600525e-03
8.350953459739685059e-03
8.359679020941257477e-03
8.363896049559116364e-03
8.387204259634017944e-03
8.323688060045242310e-03
8.375214412808418274e-03
8.340014144778251648e-03
8.372690528631210327e-03
8.375873789191246033e-03
8.353861048817634583e-03
8.375556208193302155e-03
8.313779719173908234e-03
8.388010784983634949e-03
8.359245024621486664e-03
8.380214683711528778e-03
8.335292339324951172e-03
8.371902629733085632e-03
8.326848968863487244e-03
8.472073823213577271e-03
8.284867741167545319e-03
8.468160405755043030e-03
8.354282937943935394e-03
8.315756916999816895e-03
8.409998379647731781e-03
8.313505910336971283e-03
8.336067199707031250e-03
8.316152729094028473e-03
8.359253406524658203e-03
8.318323642015457153e-03
8.360645733773708344e-03
8.311890065670013428e-03
8.332538418471813202e-03
8.339108899235725403e-03
8.368611335754394531e-03
8.345034904778003693e-03
8.325009606778621674e-03
8.347598835825920105e-03
8.346281014382839203e-03
8.336145430803298950e-03
8.356098085641860962e-03
8.360121399164199829e-03
8.368830196559429169e-03
8.369415067136287689e-03
8.304397575557231903e-03
8.403105661273002625e-03
8.396063931286334991e-03
8.311782963573932648e-03
8.364270441234111786e-03
8.316269144415855408e-03
8.329728618264198303e-03
8.404779247939586639e-03
8.310778997838497162e-03
8.341494947671890259e-03
8.282547816634178162e-03
8.347261697053909302e-03
8.355661295354366302e-03
8.258228190243244171e-03
8.372137323021888733e-03
8.277100510895252228e-03
8.370968513190746307e-03
8.301934227347373962e-03
8.349611423909664154e-03
8.279615081846714020e-03
8.305770345032215118e-03
8.313123136758804321e-03
8.287535049021244049e-03
8.311355486512184143e-03
8.280262351036071777e-03
8.382847532629966736e-03
8.243490941822528839e-03
8.397357538342475891e-03
8.313694037497043610e-03
8.284285664558410645e-03
8.327946066856384277e-03
8.336916565895080566e-03
8.263469673693180084e-03
8.318739011883735657e-03
8.307563140988349915e-03
8.283852599561214447e-03
8.315769024193286896e-03
8.321010507643222809e-03
8.310522884130477905e-03
8.318680338561534882e-03
8.302817121148109436e-03
8.315385319292545319e-03
8.324095048010349274e-03
8.331857621669769287e-03
8.340968750417232513e-03
8.326575160026550293e-03
8.324952796101570129e-03
8.338431827723979950e-03
8.336020633578300476e-03
8.327360264956951141e-03
8.369728922843933105e-03
8.317525498569011688e-03
8.355719968676567078e-03
8.343842811882495880e-03
8.355086669325828552e-03
8.363417349755764008e-03
8.346928283572196960e-03
8.345801383256912231e-03
8.346821181476116180e-03
8.381016552448272705e-03
8.356970734894275665e-03
8.387784473598003387e-03
8.346957154572010040e-03
8.383005857467651367e-03
8.325429633259773254e-03
8.438878692686557770e-03
8.353374898433685303e-03
8.385623805224895477e-03
8.343406952917575836e-03
8.372766897082328796e-03
8.344979956746101379e-03
8.403453975915908813e-03
8.329825475811958313e-03
8.342539891600608826e-03
8.373984135687351227e-03
8.329458534717559814e-03
8.370194584131240845e-03
8.329647593200206757e-03
8.395028300583362579e-03
8.332027122378349304e-03
8.358341641724109650e-03
8.356357924640178680e-03
8.380532264709472656e-03
8.345813490450382233e-03
8.377837017178535461e-03
8.392220363020896912e-03
8.397523313760757446e-03
8.371110074222087860e-03
8.342584595084190369e-03
8.413432165980339050e-03
8.382772095501422882e-03
8.375694043934345245e-03
8.360223844647407532e-03
8.408616296947002411e-03
8.396424353122711182e-03
8.391930721700191498e-03
8.352709002792835236e-03
8.439670316874980927e-03
8.370387367904186249e-03
8.376742713153362274e-03
8.367948234081268311e-03
8.373121730983257294e-03
8.324951864778995514e-03
8.329365402460098267e-03
8.337888866662979126e-03
8.361630141735076904e-03
8.335713297128677368e-03
8.353326469659805298e-03
8.351162075996398926e-03
8.363670669496059418e-03
8.389252237975597382e-03
8.316120132803916931e-03
8.372006006538867950e-03
8.361701853573322296e-03
8.412285707890987396e-03
8.327716030180454254e-03
8.387999609112739563e-03
8.372119627892971039e-03
8.470541797578334808e-03
8.336256258189678192e-03
8.486282080411911011e-03
8.397876285016536713e-03
8.341974578797817230e-03
8.433871902525424957e-03
8.339767344295978546e-03
8.341631852090358734e-03
8.387410081923007965e-03
8.350531570613384247e-03
8.368751965463161469e-03
8.383029140532016754e-03
8.374802768230438232e-03
8.382502943277359009e-03
8.412056602537631989e-03
8.376865647733211517e-03
8.405291475355625153e-03
8.416982367634773254e-03
8.392835967242717743e-03
8.400016464293003082e-03
8.392798714339733124e-03
8.412778377532958984e-03
8.406430482864379883e-03
8.348151110112667084e-03
8.395568467676639557e-03
8.380014449357986450e-03
8.401283062994480133e-03
8.395675569772720337e-03
8.355529978871345520e-03
8.394416421651840210e-03
8.392465300858020782e-03
8.415374904870986938e-03
8.379467763006687164e-03
8.396498858928680420e-03
8.411878719925880432e-03
8.383342064917087555e-03
8.405097760260105133e-03
8.411414921283721924e-03
8.410552516579627991e-03
8.428749628365039825e-03
8.392428979277610779e-03
8.437271229922771454e-03
8.412058465182781219e-03
8.451503701508045197e-03
8.423608727753162384e-03
8.404374122619628906e-03
8.441032841801643372e-03
8.438282646238803864e-03
8.416865952312946320e-03
8.434402756392955780e-03
8.407753892242908478e-03
8.449314162135124207e-03
8.436853066086769104e-03
8.468233048915863037e-03
8.412646129727363586e-03
8.459301665425300598e-03
8.422025479376316071e-03
8.447387255728244781e-03
8.435576222836971283e-03
8.430877700448036194e-03
8.443731814622879028e-03
8.435479365289211273e-03
8.436664007604122162e-03
8.460514247417449951e-03
8.458090946078300476e-03
8.417049422860145569e-03
8.446638472378253937e-03
8.431870490312576294e-03
8.447348140180110931e-03
8.406510576605796814e-03
8.485017344355583191e-03
8.429647423326969147e-03
8.419143036007881165e-03
8.426003158092498779e-03
8.498808369040489197e-03
8.428134024143218994e-03
8.445399813354015350e-03
8.425944484770298004e-03
8.461510762572288513e-03
8.452557958662509918e-03
8.461730554699897766e-03
8.450875990092754364e-03
8.465616963803768158e-03
8.464387618005275726e-03
8.451416157186031342e-03
8.493843488395214081e-03
8.490943349897861481e-03
8.469072170555591583e-03
8.463094010949134827e-03
8.470161817967891693e-03
8.503906428813934326e-03
8.493703790009021759e-03
8.478910662233829498e-03
8.482866920530796051e-03
8.474198170006275177e-03
8.497073315083980560e-03
8.478717878460884094e-03
8.490459993481636047e-03
8.475241251289844513e-03
8.472181856632232666e-03
8.481555618345737457e-03
8.425629697740077972e-03
8.367992937564849854e-03
8.331272751092910767e-03
8.296201936900615692e-03
8.350756950676441193e-03
8.339758031070232391e-03
8.344523608684539795e-03
8.374500088393688202e-03
