1.318572211265563965e+01
1.093669700622558594e+01
1.079468643665313721e+01
1.000109291076660156e+01
9.808324694633483887e+00
9.029865264892578125e+00
8.659811377525329590e+00
7.797888755798339844e+00
7.770323514938354492e+00
7.019425868988037109e+00
6.670613646507263184e+00
6.320206046104431152e+00
5.788804769515991211e+00
5.642592191696166992e+00
5.266943693161010742e+00
5.417342782020568848e+00
5.072800755500793457e+00
4.851449787616729736e+00
4.908093154430389404e+00
4.777423202991485596e+00
4.730456411838531494e+00
4.548948347568511963e+00
4.580828011035919189e+00
4.295972347259521484e+00
4.409832775592803955e+00
4.250910520553588867e+00
4.288908302783966064e+00
4.082272708415985107e+00
4.284038603305816650e+00
4.070493698120117188e+00
4.021861135959625244e+00
4.008096873760223389e+00
3.895133197307586670e+00
3.836020946502685547e+00
3.863503098487854004e+00
3.782279372215270996e+00
3.970919489860534668e+00
3.836566209793090820e+00
3.967940926551818848e+00
3.772199392318725586e+00
3.696664512157440186e+00
3.709886908531188965e+00
3.668179333209991455e+00
3.784641712903976440e+00
3.778824746608734131e+00
3.601025044918060303e+00
3.870447099208831787e+00
3.618201553821563721e+00
3.792224526405334473e+00
3.748173296451568604e+00
3.705062568187713623e+00
3.637632787227630615e+00
3.614907979965209961e+00
3.560549855232238770e+00
3.549737572669982910e+00
3.560209393501281738e+00
3.585296124219894409e+00
3.635088682174682617e+00
3.569850981235504150e+00
3.508541762828826904e+00
3.525972127914428711e+00
3.463523149490356445e+00
3.458747327327728271e+00
3.449345946311950684e+00
3.513272702693939209e+00
3.459601879119873047e+00
3.417936861515045166e+00
3.404214501380920410e+00
3.404600799083709717e+00
3.415102124214172363e+00
3.390337049961090088e+00
3.435155749320983887e+00
3.406193017959594727e+00
3.373834073543548584e+00
3.520721256732940674e+00
3.382701456546783447e+00
3.551736533641815186e+00
3.423693120479583740e+00
3.551434397697448730e+00
3.382733702659606934e+00
3.501879155635833740e+00
3.402890861034393311e+00
3.362550079822540283e+00
3.481578707695007324e+00
3.337051212787628174e+00
3.562592148780822754e+00
3.555991888046264648e+00
3.577691495418548584e+00
3.458070337772369385e+00
3.418501436710357666e+00
3.461282849311828613e+00
3.398670494556427002e+00
3.371747553348541260e+00
3.474626898765563965e+00
3.329497814178466797e+00
3.395162105560302734e+00
3.576247036457061768e+00
3.559006333351135254e+00
3.504137337207794189e+00
3.433984518051147461e+00
3.365438163280487061e+00
3.321343064308166504e+00
3.293557763099670410e+00
3.348495721817016602e+00
3.306791543960571289e+00
3.272366821765899658e+00
3.289349138736724854e+00
3.293397784233093262e+00
3.248918473720550537e+00
3.263697922229766846e+00
3.293295383453369141e+00
3.252182900905609131e+00
3.248684465885162354e+00
3.249002814292907715e+00
3.229649424552917480e+00
3.207356512546539307e+00
3.218887686729431152e+00
3.149295657873153687e+00
3.247863531112670898e+00
3.231858968734741211e+00
3.146381914615631104e+00
3.371173202991485596e+00
3.146621376276016235e+00
3.213420033454895020e+00
3.182393133640289307e+00
3.179960668087005615e+00
3.220672667026519775e+00
3.176784276962280273e+00
3.187728047370910645e+00
3.134822189807891846e+00
3.224770367145538330e+00
3.048118799924850464e+00
3.218469858169555664e+00
3.175483465194702148e+00
3.100475847721099854e+00
3.251513004302978516e+00
3.112819492816925049e+00
3.218867480754852295e+00
3.128264784812927246e+00
3.136709392070770264e+00
3.056709945201873779e+00
3.064859151840209961e+00
3.074052572250366211e+00
3.007345616817474365e+00
2.965260565280914307e+00
2.929398179054260254e+00
2.936884671449661255e+00
2.905812919139862061e+00
2.880908906459808350e+00
2.932492673397064209e+00
2.898254692554473877e+00
2.902611672878265381e+00
2.848240196704864502e+00
2.891675829887390137e+00
2.838645339012145996e+00
2.872060716152191162e+00
2.772627949714660645e+00
2.849839925765991211e+00
2.762016117572784424e+00
2.765907645225524902e+00
2.703383415937423706e+00
2.692662775516510010e+00
2.680546641349792480e+00
2.660198986530303955e+00
2.646712005138397217e+00
2.657882213592529297e+00
2.675121366977691650e+00
2.662259280681610107e+00
2.654777109622955322e+00
2.581945568323135376e+00
2.617213934659957886e+00
2.555155456066131592e+00
2.574244618415832520e+00
2.562936067581176758e+00
2.516228556632995605e+00
2.514894247055053711e+00
2.441518396139144897e+00
2.454669803380966187e+00
2.399524867534637451e+00
2.407866477966308594e+00
2.401727616786956787e+00
2.348712027072906494e+00
2.389736890792846680e+00
2.335052132606506348e+00
2.303180873394012451e+00
2.283500581979751587e+00
2.289047479629516602e+00
2.306883245706558228e+00
2.312800616025924683e+00
2.274104505777359009e+00
2.280120968818664551e+00
2.326063692569732666e+00
2.306450456380844116e+00
2.268318980932235718e+00
2.247143268585205078e+00
2.216389209032058716e+00
2.187167137861251831e+00
2.171463489532470703e+00
2.185238391160964966e+00
2.155705124139785767e+00
2.110688656568527222e+00
2.115040868520736694e+00
2.095223516225814819e+00
2.102006584405899048e+00
2.009698241949081421e+00
2.016392648220062256e+00
2.000638902187347412e+00
1.976693779230117798e+00
1.969899356365203857e+00
1.944137185811996460e+00
1.925724327564239502e+00
1.906256973743438721e+00
1.886051833629608154e+00
1.888331979513168335e+00
1.864554733037948608e+00
1.827138274908065796e+00
1.825148254632949829e+00
1.803652822971343994e+00
1.771967977285385132e+00
1.763920694589614868e+00
1.751163393259048462e+00
1.740992337465286255e+00
1.712429553270339966e+00
1.690221190452575684e+00
1.677656114101409912e+00
1.665039837360382080e+00
1.632456988096237183e+00
1.651431113481521606e+00
1.609657913446426392e+00
1.605898857116699219e+00
1.557089924812316895e+00
1.605089873075485229e+00
1.533875703811645508e+00
1.550900250673294067e+00
1.521993190050125122e+00
1.521490603685379028e+00
1.518379449844360352e+00
1.510072916746139526e+00
1.497072748839855194e+00
1.466547518968582153e+00
1.453068673610687256e+00
1.438198700547218323e+00
1.466548904776573181e+00
1.425798952579498291e+00
1.403568655252456665e+00
1.383889347314834595e+00
1.390558123588562012e+00
1.371882006525993347e+00
1.345746532082557678e+00
1.334662616252899170e+00
1.333523645997047424e+00
1.307403326034545898e+00
1.291616603732109070e+00
1.293813437223434448e+00
1.292782455682754517e+00
1.268663495779037476e+00
1.243195891380310059e+00
1.242529720067977905e+00
1.247905090451240540e+00
1.239885628223419189e+00
1.220407545566558838e+00
1.189857855439186096e+00
1.169662609696388245e+00
1.156190767884254456e+00
1.153390571475028992e+00
1.138790950179100037e+00
1.120472952723503113e+00
1.100375413894653320e+00
1.089362338185310364e+00
1.095987588167190552e+00
1.080616608262062073e+00
1.061265245079994202e+00
1.054680138826370239e+00
1.041646182537078857e+00
1.085207954049110413e+00
1.031342014670372009e+00
1.081963405013084412e+00
1.080219268798828125e+00
1.043929606676101685e+00
1.024682141840457916e+00
1.040759369730949402e+00
1.030820563435554504e+00
1.061182215809822083e+00
9.792950302362442017e-01
9.637309908866882324e-01
9.431544244289398193e-01
9.430945664644241333e-01
9.314720928668975830e-01
9.009771496057510376e-01
8.943267539143562317e-01
8.847046792507171631e-01
8.963468670845031738e-01
8.839887380599975586e-01
8.824806287884712219e-01
8.704811930656433105e-01
8.681093305349349976e-01
8.445605635643005371e-01
8.131181821227073669e-01
8.037873804569244385e-01
8.443731069564819336e-01
8.055109307169914246e-01
8.014386445283889771e-01
7.949226051568984985e-01
7.755174040794372559e-01
7.522141635417938232e-01
7.569782659411430359e-01
7.654337100684642792e-01
7.463131994009017944e-01
7.434516176581382751e-01
7.436194941401481628e-01
7.281439453363418579e-01
7.202440351247787476e-01
7.184876948595046997e-01
7.059486061334609985e-01
6.998047828674316406e-01
6.945976763963699341e-01
6.884384602308273315e-01
6.836102642118930817e-01
6.793967112898826599e-01
6.722295880317687988e-01
6.689368635416030884e-01
6.668651998043060303e-01
6.598921194672584534e-01
6.532658636569976807e-01
6.608271077275276184e-01
6.764269471168518066e-01
6.519938707351684570e-01
6.390868425369262695e-01
6.332156583666801453e-01
6.318738013505935669e-01
6.247224435210227966e-01
6.139142736792564392e-01
6.133140921592712402e-01
6.287189200520515442e-01
6.120130047202110291e-01
6.040688306093215942e-01
6.032321974635124207e-01
6.109795644879341125e-01
5.885759964585304260e-01
5.830250307917594910e-01
5.772162973880767822e-01
5.826078355312347412e-01
5.753163583576679230e-01
5.634299404919147491e-01
5.601232945919036865e-01
5.635674074292182922e-01
5.574696511030197144e-01
5.506122261285781860e-01
5.466028675436973572e-01
5.398208349943161011e-01
5.411738306283950806e-01
5.426458865404129028e-01
5.410535186529159546e-01
5.244626030325889587e-01
5.329471006989479065e-01
5.279911756515502930e-01
5.211262553930282593e-01
5.148301050066947937e-01
5.099289640784263611e-01
5.113091953098773956e-01
5.114880166947841644e-01
5.065803378820419312e-01
5.173575170338153839e-01
5.074906647205352783e-01
4.975552558898925781e-01
4.900772124528884888e-01
4.886728972196578979e-01
4.782401248812675476e-01
4.781979098916053772e-01
4.751404486596584320e-01
4.721115939319133759e-01
4.652002528309822083e-01
4.616701155900955200e-01
4.554597586393356323e-01
4.526317641139030457e-01
4.521357677876949310e-01
4.462803006172180176e-01
4.464403688907623291e-01
4.504276216030120850e-01
4.555856212973594666e-01
4.543739967048168182e-01
4.482965618371963501e-01
4.457521028816699982e-01
4.303531050682067871e-01
4.277733117341995239e-01
4.290473982691764832e-01
4.259156733751296997e-01
4.300212003290653229e-01
4.203774780035018921e-01
4.132744483649730682e-01
4.097067490220069885e-01
4.084934294223785400e-01
4.063220992684364319e-01
4.007678292691707611e-01
4.027648568153381348e-01
3.994665816426277161e-01
3.957139514386653900e-01
3.964427560567855835e-01
3.978149183094501495e-01
3.881128504872322083e-01
3.853983730077743530e-01
3.813759461045265198e-01
3.771616145968437195e-01
3.797584995627403259e-01
3.750714696943759918e-01
3.726015016436576843e-01
3.717872258275747299e-01
3.700869604945182800e-01
3.685545176267623901e-01
3.677338548004627228e-01
3.649755567312240601e-01
3.648974224925041199e-01
3.648966625332832336e-01
3.633617237210273743e-01
3.598835766315460205e-01
3.579235449433326721e-01
3.555182665586471558e-01
3.560724072158336639e-01
3.524934425950050354e-01
3.518016301095485687e-01
3.513852469623088837e-01
3.484163582324981689e-01
3.473744504153728485e-01
3.459534049034118652e-01
3.455599397420883179e-01
3.450237438082695007e-01
3.421731628477573395e-01
3.391187116503715515e-01
3.377151340246200562e-01
3.372797444462776184e-01
3.374691158533096313e-01
3.349820971488952637e-01
3.321137577295303345e-01
3.319207578897476196e-01
3.304319083690643311e-01
3.294960744678974152e-01
3.317187689244747162e-01
3.249800577759742737e-01
3.282679282128810883e-01
3.261609002947807312e-01
3.220785856246948242e-01
3.204460889101028442e-01
3.180206418037414551e-01
3.170461952686309814e-01
3.148431237787008286e-01
3.140974417328834534e-01
3.126271069049835205e-01
3.110657855868339539e-01
3.100133370608091354e-01
3.086163215339183807e-01
3.076278455555438995e-01
3.070396445691585541e-01
3.067012131214141846e-01
3.060866966843605042e-01
3.058961480855941772e-01
3.034288808703422546e-01
3.001531809568405151e-01
2.976039499044418335e-01
2.987173832952976227e-01
2.961539179086685181e-01
2.957867011427879333e-01
2.957744020968675613e-01
2.928620204329490662e-01
2.944424971938133240e-01
2.947124037891626358e-01
2.889451980590820312e-01
2.872636169195175171e-01
2.885083928704261780e-01
2.847451493144035339e-01
2.851712489500641823e-01
2.850856818258762360e-01
2.806490063667297363e-01
2.806054279208183289e-01
2.812023442238569260e-01
2.811327204108238220e-01
2.779579423367977142e-01
2.764407955110073090e-01
2.754781600087881088e-01
2.732585966587066650e-01
2.719462066888809204e-01
2.709482312202453613e-01
2.728252913802862167e-01
2.769483216106891632e-01
2.689752094447612762e-01
2.656642831861972809e-01
2.657492179423570633e-01
2.676389180123806000e-01
2.700118534266948700e-01
2.661455795168876648e-01
2.675770670175552368e-01
2.624549865722656250e-01
2.671057069674134254e-01
2.751270998269319534e-01
2.624587174504995346e-01
2.642222158610820770e-01
2.660859227180480957e-01
2.652339711785316467e-01
2.589980028569698334e-01
2.589356414973735809e-01
2.580261118710041046e-01
2.592368274927139282e-01
2.541874460875988007e-01
2.514520026743412018e-01
2.503673322498798370e-01
2.498806640505790710e-01
2.487823441624641418e-01
2.480061315000057220e-01
2.471470013260841370e-01
2.461494393646717072e-01
2.458301857113838196e-01
2.448409497737884521e-01
2.441129796206951141e-01
2.436321415007114410e-01
2.430480495095252991e-01
2.418297901749610901e-01
2.415109239518642426e-01
2.408605664968490601e-01
2.410157881677150726e-01
2.403347436338663101e-01
2.391973026096820831e-01
2.389726899564266205e-01
2.380492724478244781e-01
2.379027418792247772e-01
2.375993244349956512e-01
2.367209475487470627e-01
2.371169216930866241e-01
2.356962747871875763e-01
2.356877736747264862e-01
2.355795390903949738e-01
2.337065096944570541e-01
2.344075888395309448e-01
2.330953218042850494e-01
2.329476177692413330e-01
2.323194909840822220e-01
2.317790612578392029e-01
2.312740013003349304e-01
2.311712615191936493e-01
2.314921617507934570e-01
2.305514328181743622e-01
2.307740338146686554e-01
2.304516769945621490e-01
2.296715900301933289e-01
2.284841500222682953e-01
2.274082228541374207e-01
2.268424257636070251e-01
2.259289417415857315e-01
2.255922481417655945e-01
2.258589342236518860e-01
2.247882448136806488e-01
2.237500213086605072e-01
2.237281799316406250e-01
2.231721859425306320e-01
2.230317723006010056e-01
2.221295665949583054e-01
2.223232723772525787e-01
2.212502658367156982e-01
2.209518905729055405e-01
2.211500033736228943e-01
2.196737099438905716e-01
2.195466961711645126e-01
2.189588099718093872e-01
2.189586646854877472e-01
2.179067190736532211e-01
2.180055826902389526e-01
2.167993839830160141e-01
2.163805086165666580e-01
2.159484103322029114e-01
2.150475978851318359e-01
2.146477177739143372e-01
2.142491303384304047e-01
2.136182151734828949e-01
2.132219057530164719e-01
2.123645134270191193e-01
2.127162795513868332e-01
2.117782346904277802e-01
2.111085914075374603e-01
2.109984457492828369e-01
2.107507064938545227e-01
2.111646849662065506e-01
2.095812335610389709e-01
2.100557647645473480e-01
2.095608823001384735e-01
2.080572140403091908e-01
2.088573947548866272e-01
2.080640420317649841e-01
2.079055681824684143e-01
2.059525605291128159e-01
2.060913816094398499e-01
2.063312083482742310e-01
2.049615718424320221e-01
2.050928436219692230e-01
2.048740852624177933e-01
2.063656449317932129e-01
2.051032893359661102e-01
2.031250931322574615e-01
2.028501890599727631e-01
2.026953771710395813e-01
2.014674246311187744e-01
2.010433096438646317e-01
2.001284193247556686e-01
2.004400715231895447e-01
1.996316500008106232e-01
1.993197724223136902e-01
1.991218179464340210e-01
1.988648883998394012e-01
1.988755315542221069e-01
1.986978687345981598e-01
1.982689239084720612e-01
1.979823410511016846e-01
1.977840252220630646e-01
1.975892819464206696e-01
1.973119378089904785e-01
1.971607040613889694e-01
1.967835705727338791e-01
1.966203302145004272e-01
1.967194005846977234e-01
1.961432881653308868e-01
1.961153410375118256e-01
1.959297191351652145e-01
1.957102864980697632e-01
1.953487116843461990e-01
1.952252332121133804e-01
1.949722096323966980e-01
1.945058982819318771e-01
1.944021638482809067e-01
1.942852362990379333e-01
1.941886693239212036e-01
1.937384940683841705e-01
1.937391553074121475e-01
1.932343840599060059e-01
1.931174565106630325e-01
1.928493194282054901e-01
1.925685144960880280e-01
1.922193896025419235e-01
1.921985093504190445e-01
1.919481493532657623e-01
1.917699035257101059e-01
1.917328387498855591e-01
1.912751086056232452e-01
1.912416126579046249e-01
1.907281260937452316e-01
1.903918981552124023e-01
1.904431357979774475e-01
1.901886444538831711e-01
1.899291854351758957e-01
1.897604651749134064e-01
1.896265223622322083e-01
1.893367450684309006e-01
1.889460869133472443e-01
1.887104753404855728e-01
1.884700171649456024e-01
1.882520224899053574e-01
1.881670057773590088e-01
1.879687607288360596e-01
1.875007711350917816e-01
1.872206088155508041e-01
1.872456166893243790e-01
1.870735287666320801e-01
1.866560131311416626e-01
1.865079887211322784e-01
1.862165518105030060e-01
1.862137392163276672e-01
1.859446670860052109e-01
1.854172162711620331e-01
1.852584499865770340e-01
1.850750260055065155e-01
1.847097724676132202e-01
1.849282290786504745e-01
1.842458993196487427e-01
1.841472778469324112e-01
1.839731819927692413e-01
1.835490968078374863e-01
1.834984347224235535e-01
1.833204999566078186e-01
1.830033771693706512e-01
1.828423086553812027e-01
1.824306659400463104e-01
1.826613815501332283e-01
1.821523793041706085e-01
1.817549979314208031e-01
1.817399449646472931e-01
1.817646119743585587e-01
1.814568918198347092e-01
1.810021102428436279e-01
1.809477619826793671e-01
1.804266702383756638e-01
1.804553009569644928e-01
1.802219282835721970e-01
1.798626780509948730e-01
1.801486760377883911e-01
1.795647535473108292e-01
1.792507804930210114e-01
1.788847260177135468e-01
1.790231075137853622e-01
1.785862855613231659e-01
1.786455512046813965e-01
1.786399036645889282e-01
1.779924295842647552e-01
1.774693839251995087e-01
1.777963284403085709e-01
1.773005276918411255e-01
1.768377171829342842e-01
1.769074965268373489e-01
1.767092160880565643e-01
1.768334554508328438e-01
1.766062602400779724e-01
1.764560155570507050e-01
1.762729026377201080e-01
1.762165687978267670e-01
1.761675514280796051e-01
1.760040968656539917e-01
1.760079944506287575e-01
1.757093756459653378e-01
1.757712718099355698e-01
1.757094487547874451e-01
1.754889003932476044e-01
1.754511911422014236e-01
1.752313310280442238e-01
1.751741245388984680e-01
1.750113461166620255e-01
1.749996235594153404e-01
1.748546715825796127e-01
1.747007146477699280e-01
1.745716929435729980e-01
1.744477935135364532e-01
1.741774957627058029e-01
1.741333827376365662e-01
1.741371280513703823e-01
1.739784637466073036e-01
1.739615872502326965e-01
1.736728176474571228e-01
1.735560782253742218e-01
1.733837164938449860e-01
1.734796985983848572e-01
1.733070928603410721e-01
1.732008326798677444e-01
1.730880383402109146e-01
1.729083480313420296e-01
1.728113256394863129e-01
1.728102862834930420e-01
1.726276371628046036e-01
1.724174479022622108e-01
1.723379641771316528e-01
1.724161338061094284e-01
1.720821112394332886e-01
1.720310971140861511e-01
1.717814132571220398e-01
1.719054840505123138e-01
1.716407500207424164e-01
1.716008670628070831e-01
1.714339684695005417e-01
1.712520495057106018e-01
1.712969318032264709e-01
1.711193919181823730e-01
1.710636131465435028e-01
1.709018908441066742e-01
1.707110833376646042e-01
1.706482972949743271e-01
1.705256905406713486e-01
1.703155897557735443e-01
1.701425388455390930e-01
1.702316012233495712e-01
1.700521446764469147e-01
1.699239891022443771e-01
1.697005787864327431e-01
1.698507070541381836e-01
1.695322692394256592e-01
1.694201231002807617e-01
1.692418511956930161e-01
1.692297644913196564e-01
1.690030619502067566e-01
1.690908651798963547e-01
1.687859743833541870e-01
1.686912104487419128e-01
1.685206815600395203e-01
1.685617286711931229e-01
1.682313084602355957e-01
1.682769544422626495e-01
1.680699922144412994e-01
1.680874023586511612e-01
1.677631353959441185e-01
1.677477341145277023e-01
1.677353102713823318e-01
1.676101200282573700e-01
1.673568980768322945e-01
1.674244534224271774e-01
1.670719441026449203e-01
1.670242697000503540e-01
1.669353414326906204e-01
1.669228598475456238e-01
1.666214335709810257e-01
1.665342673659324646e-01
1.663950532674789429e-01
1.662891302257776260e-01
1.663886085152626038e-01
1.663168100640177727e-01
1.657714620232582092e-01
1.658166283741593361e-01
1.657105609774589539e-01
1.656333580613136292e-01
1.655445471405982971e-01
1.655448190867900848e-01
1.652768971398472786e-01
1.652622465044260025e-01
1.652448754757642746e-01
1.651147790253162384e-01
1.650476884096860886e-01
1.650315122678875923e-01
1.649417206645011902e-01
1.648629456758499146e-01
1.647991929203271866e-01
1.648153942078351974e-01
1.647046729922294617e-01
1.646126434206962585e-01
1.645928593352437019e-01
1.645875666290521622e-01
1.644024513661861420e-01
1.643666382879018784e-01
1.643370334059000015e-01
1.642516385763883591e-01
1.641860101372003555e-01
1.641434598714113235e-01
1.640812959522008896e-01
1.640748046338558197e-01
1.639792509377002716e-01
1.638939343392848969e-01
1.638854965567588806e-01
1.637019570916891098e-01
1.636907560750842094e-01
1.636216118931770325e-01
1.635992694646120071e-01
1.635310128331184387e-01
1.634445898234844208e-01
1.633813157677650452e-01
1.633152179419994354e-01
1.632456388324499130e-01
1.632340727373957634e-01
1.631434597074985504e-01
1.630768831819295883e-01
1.629458386451005936e-01
1.629919949918985367e-01
1.629351582378149033e-01
1.627451218664646149e-01
1.627211570739746094e-01
1.626667119562625885e-01
1.626506373286247253e-01
1.625387165695428848e-01
1.624699104577302933e-01
1.624622270464897156e-01
1.623951774090528488e-01
1.622581556439399719e-01
1.621948536485433578e-01
1.621749149635434151e-01
1.621273811906576157e-01
1.620150227099657059e-01
1.619979143142700195e-01
1.618783567100763321e-01
1.618180181831121445e-01
1.617761198431253433e-01
1.618115454912185669e-01
1.616296889260411263e-01
1.615628898143768311e-01
1.614440400153398514e-01
1.613834397867321968e-01
1.612902134656906128e-01
1.612894106656312943e-01
1.612187996506690979e-01
1.611895188689231873e-01
1.610855311155319214e-01
1.610204251483082771e-01
1.610039807856082916e-01
1.609260439872741699e-01
1.608869899064302444e-01
1.607705410569906235e-01
1.606622133404016495e-01
1.606746427714824677e-01
1.604498028755187988e-01
1.604717783629894257e-01
1.604189742356538773e-01
1.604432212188839912e-01
1.603453159332275391e-01
1.601888798177242279e-01
1.601995341479778290e-01
1.600656788796186447e-01
1.600022632628679276e-01
1.600031312555074692e-01
1.599077433347702026e-01
1.598065439611673355e-01
1.597304577007889748e-01
1.596645377576351166e-01
1.596264708787202835e-01
1.595622822642326355e-01
1.595459999516606331e-01
1.594530586153268814e-01
1.592463701963424683e-01
1.592570655047893524e-01
1.591794937849044800e-01
1.590880751609802246e-01
1.590439379215240479e-01
1.590198781341314316e-01
1.588898003101348877e-01
1.588845271617174149e-01
1.588682960718870163e-01
1.588291563093662262e-01
1.587813794612884521e-01
1.587114948779344559e-01
1.586668826639652252e-01
1.586572229862213135e-01
1.586600039154291153e-01
1.586078200489282608e-01
1.585512384772300720e-01
1.585252303630113602e-01
1.584380511194467545e-01
1.583984680473804474e-01
1.584245674312114716e-01
1.584019660949707031e-01
1.583503913134336472e-01
1.583149395883083344e-01
1.582746505737304688e-01
1.582232881337404251e-01
1.582064628601074219e-01
1.581916064023971558e-01
1.581341754645109177e-01
1.580997314304113388e-01
1.580669190734624863e-01
1.579479919746518135e-01
1.579576879739761353e-01
1.579645667225122452e-01
1.579211149364709854e-01
1.578945219516754150e-01
1.577918604016304016e-01
1.578669669106602669e-01
1.578674018383026123e-01
1.577320117503404617e-01
1.576723400503396988e-01
1.576564554125070572e-01
1.576278060674667358e-01
1.575886635109782219e-01
1.575366687029600143e-01
1.575013883411884308e-01
1.574480608105659485e-01
1.574197262525558472e-01
1.573884561657905579e-01
1.573414374142885208e-01
1.572982147336006165e-01
1.572620589286088943e-01
1.572555657476186752e-01
1.572196725755929947e-01
1.571941245347261429e-01
1.571192834526300430e-01
1.570286955684423447e-01
1.570480577647686005e-01
1.570038292557001114e-01
1.570119364187121391e-01
1.569949164986610413e-01
1.569109149277210236e-01
1.568420063704252243e-01
1.568335853517055511e-01
1.567904558032751083e-01
1.567267123609781265e-01
1.566928327083587646e-01
1.566335354000329971e-01
1.566182374954223633e-01
1.565933823585510254e-01
1.565362131223082542e-01
1.565254293382167816e-01
1.564973220229148865e-01
1.564048239961266518e-01
1.563777755945920944e-01
1.564089781604707241e-01
1.563386246562004089e-01
1.562544517219066620e-01
1.562310624867677689e-01
1.561811827123165131e-01
1.561268158257007599e-01
1.561747584491968155e-01
1.561151985079050064e-01
1.560291443020105362e-01
1.560103660449385643e-01
1.559631107375025749e-01
1.559371063485741615e-01
1.559071447700262070e-01
1.558473911136388779e-01
1.558001115918159485e-01
1.557475952431559563e-01
1.557280225679278374e-01
1.557152066379785538e-01
1.556505002081394196e-01
1.556285806000232697e-01
1.555676199495792389e-01
1.554790753871202469e-01
1.554800830781459808e-01
1.554415100254118443e-01
1.553872972726821899e-01
1.553030861541628838e-01
1.553288437426090240e-01
1.552754454314708710e-01
1.552425697445869446e-01
1.552554517984390259e-01
1.551231779158115387e-01
