9.166652411222457886e-01
6.924248635768890381e-01
6.041078567504882812e-01
5.613968819379806519e-01
5.621264874935150146e-01
5.613528490066528320e-01
5.146568492054939270e-01
4.808946922421455383e-01
4.586667194962501526e-01
4.551573172211647034e-01
4.348307549953460693e-01
4.411192089319229126e-01
3.581311330199241638e-01
3.548443764448165894e-01
3.929406926035881042e-01
3.766054958105087280e-01
4.124930500984191895e-01
3.848377317190170288e-01
3.543453961610794067e-01
3.947838097810745239e-01
3.314142748713493347e-01
3.204712644219398499e-01
3.044167906045913696e-01
3.226101398468017578e-01
3.159172609448432922e-01
3.172750622034072876e-01
3.309844508767127991e-01
3.260112926363945007e-01
2.931829579174518585e-01
2.845756560564041138e-01
2.716353721916675568e-01
2.744336277246475220e-01
2.677261978387832642e-01
2.783800177276134491e-01
3.107306584715843201e-01
3.520934060215950012e-01
3.041832968592643738e-01
2.855829000473022461e-01
2.863939255475997925e-01
2.728332951664924622e-01
2.594998367130756378e-01
2.832278758287429810e-01
2.772488370537757874e-01
2.714454308152198792e-01
2.781077511608600616e-01
2.800100184977054596e-01
2.836126685142517090e-01
2.790314778685569763e-01
2.783856727182865143e-01
2.634149305522441864e-01
2.669696286320686340e-01
2.643292210996150970e-01
2.554840147495269775e-01
2.655252180993556976e-01
2.601203508675098419e-01
2.585442364215850830e-01
2.785333208739757538e-01
2.679266184568405151e-01
2.676915563642978668e-01
2.518373280763626099e-01
2.493012957274913788e-01
2.431373000144958496e-01
2.442951910197734833e-01
2.657022140920162201e-01
2.686885483562946320e-01
2.668244689702987671e-01
2.523151524364948273e-01
2.607990466058254242e-01
2.512960545718669891e-01
2.584463432431221008e-01
2.903314232826232910e-01
2.982930392026901245e-01
2.675007581710815430e-01
3.072917237877845764e-01
2.983019724488258362e-01
3.144308626651763916e-01
3.015647605061531067e-01
3.141343556344509125e-01
2.917051389813423157e-01
2.688269168138504028e-01
2.652697563171386719e-01
2.627407200634479523e-01
2.625293806195259094e-01
3.522381633520126343e-01
3.722504526376724243e-01
2.904861532151699066e-01
2.656888850033283234e-01
2.693871371448040009e-01
2.524492181837558746e-01
2.737867794930934906e-01
2.643404714763164520e-01
3.038951344788074493e-01
2.909814193844795227e-01
2.699003368616104126e-01
2.655444778501987457e-01
2.540877424180507660e-01
2.683932594954967499e-01
2.506238110363483429e-01
2.585430070757865906e-01
2.566971927881240845e-01
2.490935623645782471e-01
2.414860837161540985e-01
2.411292493343353271e-01
2.431230135262012482e-01
2.480959892272949219e-01
2.617217525839805603e-01
2.546195648610591888e-01
2.756125889718532562e-01
2.731751352548599243e-01
2.636404186487197876e-01
2.468063347041606903e-01
2.495674602687358856e-01
2.447864674031734467e-01
2.422336339950561523e-01
2.440101206302642822e-01
2.327967248857021332e-01
2.311131432652473450e-01
2.388921454548835754e-01
2.457515671849250793e-01
2.509528212249279022e-01
2.553802207112312317e-01
2.569336369633674622e-01
2.549876049160957336e-01
2.363287396728992462e-01
2.264374308288097382e-01
2.270485088229179382e-01
2.390624098479747772e-01
2.315633893013000488e-01
2.360133305191993713e-01
2.523274570703506470e-01
2.424667440354824066e-01
2.571060657501220703e-01
2.722407877445220947e-01
2.562652528285980225e-01
2.422676384449005127e-01
2.431534752249717712e-01
2.485869862139225006e-01
2.346601895987987518e-01
2.383251003921031952e-01
2.369765900075435638e-01
2.258869297802448273e-01
2.222151570022106171e-01
2.193146757781505585e-01
2.176571041345596313e-01
2.122083678841590881e-01
2.095367312431335449e-01
2.428977005183696747e-01
2.363316938281059265e-01
2.295445092022418976e-01
2.266954705119132996e-01
2.146894112229347229e-01
2.212790325284004211e-01
2.202958241105079651e-01
2.166285403072834015e-01
2.232088483870029449e-01
2.198489569127559662e-01
2.160364352166652679e-01
2.191164009273052216e-01
2.077279016375541687e-01
2.021401375532150269e-01
2.003326676785945892e-01
2.058067582547664642e-01
2.118535712361335754e-01
2.021943032741546631e-01
2.276035808026790619e-01
2.170935012400150299e-01
2.146825306117534637e-01
2.178072072565555573e-01
2.086932472884654999e-01
2.152319625020027161e-01
2.071615643799304962e-01
2.081145830452442169e-01
2.025035284459590912e-01
2.018437832593917847e-01
1.919051632285118103e-01
1.913545206189155579e-01
1.913999319076538086e-01
1.960964947938919067e-01
1.890066452324390411e-01
1.914072372019290924e-01
1.940671838819980621e-01
1.922871433198451996e-01
1.936959624290466309e-01
1.863053962588310242e-01
1.854016855359077454e-01
1.966873891651630402e-01
1.916965544223785400e-01
1.951745077967643738e-01
1.912466771900653839e-01
1.891749724745750427e-01
2.096403017640113831e-01
2.154497951269149780e-01
1.970796696841716766e-01
1.876066587865352631e-01
1.867555193603038788e-01
1.718102097511291504e-01
1.739438213407993317e-01
1.865672245621681213e-01
1.823377870023250580e-01
1.796135380864143372e-01
1.828143671154975891e-01
1.758110858500003815e-01
1.828647926449775696e-01
1.775162518024444580e-01
1.728281248360872269e-01
1.636138297617435455e-01
1.585024781525135040e-01
1.544363033026456833e-01
1.560622025281190872e-01
1.519134640693664551e-01
1.488393750041723251e-01
1.487205922603607178e-01
1.532658934593200684e-01
1.547374650835990906e-01
1.498111411929130554e-01
1.490718983113765717e-01
1.441869828850030899e-01
1.432999484241008759e-01
1.433171927928924561e-01
1.392030119895935059e-01
1.386855151504278183e-01
1.409166194498538971e-01
1.417077369987964630e-01
1.392937861382961273e-01
1.411435045301914215e-01
1.422578804194927216e-01
1.408841889351606369e-01
1.392560191452503204e-01
1.363342963159084320e-01
1.391172669827938080e-01
1.393529344350099564e-01
1.447765119373798370e-01
1.407970990985631943e-01
1.467401757836341858e-01
1.380421370267868042e-01
1.442021764814853668e-01
1.492514591664075851e-01
1.511552594602108002e-01
1.436304822564125061e-01
1.366903521120548248e-01
1.327876504510641098e-01
1.420581955462694168e-01
1.354140918701887131e-01
1.341693829745054245e-01
1.310803387314081192e-01
1.313866488635540009e-01
1.308353282511234283e-01
1.274474393576383591e-01
1.235235016793012619e-01
1.292012538760900497e-01
1.254767943173646927e-01
1.213212478905916214e-01
1.298835203051567078e-01
1.272334754467010498e-01
1.311485804617404938e-01
1.249943263828754425e-01
1.236517373472452164e-01
1.283236108720302582e-01
1.252989377826452255e-01
1.214285157620906830e-01
1.214671805500984192e-01
1.173288002610206604e-01
1.145227309316396713e-01
1.145435348153114319e-01
1.214759387075901031e-01
1.186482086777687073e-01
1.136828288435935974e-01
1.118917800486087799e-01
1.127809062600135803e-01
1.149511784315109253e-01
1.131221242249011993e-01
1.110666617751121521e-01
1.134418379515409470e-01
1.177263669669628143e-01
1.213226038962602615e-01
1.251381635665893555e-01
1.296038124710321426e-01
1.219668928533792496e-01
1.215594243258237839e-01
1.335138808935880661e-01
1.249973736703395844e-01
1.473514940589666367e-01
1.326457131654024124e-01
1.153158489614725113e-01
1.039259396493434906e-01
1.056238096207380295e-01
1.103469431400299072e-01
1.143789514899253845e-01
1.084289606660604477e-01
1.060524471104145050e-01
1.208174470812082291e-01
1.053523030132055283e-01
1.065220069140195847e-01
1.079875752329826355e-01
1.062326300889253616e-01
1.038886196911334991e-01
9.969251602888107300e-02
9.506046958267688751e-02
1.062998976558446884e-01
1.063105054199695587e-01
1.129870843142271042e-01
1.062867976725101471e-01
9.739763848483562469e-02
9.409167990088462830e-02
9.205788746476173401e-02
9.206245839595794678e-02
8.947929460555315018e-02
8.793820999562740326e-02
8.896784484386444092e-02
8.694295398890972137e-02
8.408794552087783813e-02
8.245409652590751648e-02
8.365617878735065460e-02
8.024088107049465179e-02
7.912823650985956192e-02
7.884768955409526825e-02
7.760332338511943817e-02
8.106538187712430954e-02
7.778786681592464447e-02
8.108207210898399353e-02
7.852525450289249420e-02
7.731880806386470795e-02
8.130586706101894379e-02
7.813900895416736603e-02
8.737962879240512848e-02
8.354134112596511841e-02
7.917407527565956116e-02
7.379618845880031586e-02
7.610555272549390793e-02
7.625499367713928223e-02
7.957966066896915436e-02
7.506124302744865417e-02
8.722216356545686722e-02
8.554104529321193695e-02
7.838212512433528900e-02
7.654241193085908890e-02
7.887161523103713989e-02
7.810014113783836365e-02
7.791710831224918365e-02
7.753786724060773849e-02
7.541720010340213776e-02
7.469456456601619720e-02
7.153022754937410355e-02
7.045068498700857162e-02
7.063792832195758820e-02
7.322360016405582428e-02
7.516201399266719818e-02
7.155696302652359009e-02
6.870314758270978928e-02
6.940700206905603409e-02
7.251917757093906403e-02
7.399226352572441101e-02
7.047479040920734406e-02
7.165601663291454315e-02
7.330939918756484985e-02
6.790952663868665695e-02
6.887336540967226028e-02
6.886652298271656036e-02
6.774251442402601242e-02
7.052825391292572021e-02
6.915217638015747070e-02
7.413224782794713974e-02
7.397079002112150192e-02
7.150416634976863861e-02
7.077542785555124283e-02
6.867613643407821655e-02
6.764283683151006699e-02
6.703052576631307602e-02
6.695207301527261734e-02
6.659599766135215759e-02
6.537599582225084305e-02
6.164334621280431747e-02
6.354785524308681488e-02
6.136484816670417786e-02
5.995694547891616821e-02
6.012821104377508163e-02
5.983526911586523056e-02
6.305292900651693344e-02
7.586740143597126007e-02
7.003985811024904251e-02
7.054994720965623856e-02
7.036535535007715225e-02
6.725570186972618103e-02
6.559770833700895309e-02
6.897803675383329391e-02
7.391529437154531479e-02
7.331737130880355835e-02
6.787701975554227829e-02
6.357665266841650009e-02
6.227591261267662048e-02
6.016823556274175644e-02
6.145108118653297424e-02
6.051821261644363403e-02
6.069811806082725525e-02
5.897200666368007660e-02
6.010183598846197128e-02
6.089530419558286667e-02
6.415492109954357147e-02
6.890767905861139297e-02
6.104633305221796036e-02
5.949444696307182312e-02
5.587453581392765045e-02
5.346391629427671432e-02
5.285020824521780014e-02
5.282118543982505798e-02
5.204965081065893173e-02
5.179154966026544571e-02
5.271769780665636063e-02
5.336682777851819992e-02
5.382447130978107452e-02
5.303930584341287613e-02
5.295051541179418564e-02
5.269179865717887878e-02
5.283451452851295471e-02
5.234030820429325104e-02
4.989789519459009171e-02
5.050822999328374863e-02
5.072598857805132866e-02
5.059429630637168884e-02
5.122275464236736298e-02
5.115564446896314621e-02
5.141880735754966736e-02
5.112932156771421432e-02
5.108564719557762146e-02
5.396610312163829803e-02
5.340163968503475189e-02
5.068932101130485535e-02
4.974874667823314667e-02
4.984159395098686218e-02
4.973276425153017044e-02
5.255967937409877777e-02
5.054613575339317322e-02
5.056094098836183548e-02
4.920698422938585281e-02
4.953635297715663910e-02
5.269420333206653595e-02
5.132725741714239120e-02
5.096498318016529083e-02
5.131544731557369232e-02
5.080903042107820511e-02
4.904942773282527924e-02
4.824806284159421921e-02
4.818700300529599190e-02
4.649093933403491974e-02
4.666646104305982590e-02
4.676859546452760696e-02
4.672543797641992569e-02
4.661622364073991776e-02
4.683392401784658432e-02
4.594347905367612839e-02
4.646375589072704315e-02
4.694934608414769173e-02
4.740501288324594498e-02
4.993942473083734512e-02
4.846594016999006271e-02
4.676424013450741768e-02
4.584197513759136200e-02
4.604581929743289948e-02
4.685089923441410065e-02
4.933021496981382370e-02
4.996309708803892136e-02
4.679413139820098877e-02
4.711335338652133942e-02
4.623218439519405365e-02
4.524509841576218605e-02
4.725072719156742096e-02
4.541004076600074768e-02
4.559802636504173279e-02
4.607207886874675751e-02
4.539189301431179047e-02
4.445328470319509506e-02
4.465512838214635849e-02
4.448789451271295547e-02
4.978022258728742599e-02
4.746868368238210678e-02
4.450102895498275757e-02
4.551333002746105194e-02
4.459153581410646439e-02
4.475967306643724442e-02
4.448954015970230103e-02
4.636897984892129898e-02
4.720184206962585449e-02
4.756509978324174881e-02
4.465007968246936798e-02
4.541027266532182693e-02
4.587688855826854706e-02
5.631474871188402176e-02
5.056713148951530457e-02
4.808293934911489487e-02
4.878945788368582726e-02
4.943316895514726639e-02
4.993828944861888885e-02
5.053789447993040085e-02
5.070323962718248367e-02
5.163470096886157990e-02
5.128385312855243683e-02
4.999879654496908188e-02
4.836321249604225159e-02
4.856364801526069641e-02
5.470722261816263199e-02
4.812868405133485794e-02
4.400383587926626205e-02
4.276585718616843224e-02
4.276245273649692535e-02
4.310616850852966309e-02
4.143822658807039261e-02
4.114042548462748528e-02
4.022346017882227898e-02
3.953774366527795792e-02
3.949240036308765411e-02
3.943177033215761185e-02
3.928924398496747017e-02
3.893313277512788773e-02
3.882338106632232666e-02
3.865804383531212807e-02
3.843306005001068115e-02
3.844760544598102570e-02
3.839499084278941154e-02
3.824752895161509514e-02
3.818106697872281075e-02
3.817500825971364975e-02
3.822062164545059204e-02
3.815316222608089447e-02
3.860397730022668839e-02
3.889621607959270477e-02
3.857792820781469345e-02
3.935956023633480072e-02
4.018366057425737381e-02
3.890785342082381248e-02
3.892495855689048767e-02
3.864682419225573540e-02
3.791964147239923477e-02
3.778242319822311401e-02
3.870918648317456245e-02
3.818250726908445358e-02
3.800204489380121231e-02
4.036593437194824219e-02
3.972506150603294373e-02
4.101049900054931641e-02
4.144462011754512787e-02
3.992216754704713821e-02
3.886619815602898598e-02
3.842632146552205086e-02
3.812006115913391113e-02
3.751583071425557137e-02
3.729008277878165245e-02
3.842189395800232887e-02
3.731547668576240540e-02
3.726697806268930435e-02
3.698383131995797157e-02
3.734761243686079979e-02
3.775608167052268982e-02
3.867950337007641792e-02
3.802431002259254456e-02
3.766673523932695389e-02
3.733324632048606873e-02
3.702397504821419716e-02
3.722593700513243675e-02
3.667842177674174309e-02
3.658625064417719841e-02
3.653489984571933746e-02
3.674540109932422638e-02
3.751163138076663017e-02
3.739593829959630966e-02
3.673970280215144157e-02
3.649954497814178467e-02
3.669810527935624123e-02
3.638219833374023438e-02
3.656678600236773491e-02
3.623786941170692444e-02
3.640606533735990524e-02
3.608596092090010643e-02
3.649299126118421555e-02
3.699985239654779434e-02
3.710763715207576752e-02
3.639999963343143463e-02
3.624430485069751740e-02
3.667696053162217140e-02
3.620416391640901566e-02
3.651163168251514435e-02
3.684955975040793419e-02
3.646157495677471161e-02
3.643231326714158058e-02
3.727691620588302612e-02
3.727791318669915199e-02
3.647492686286568642e-02
3.605357883498072624e-02
3.641542419791221619e-02
3.615146642550826073e-02
3.738212026655673981e-02
3.762036561965942383e-02
3.838465129956603050e-02
3.842865023761987686e-02
3.769692778587341309e-02
3.656528238207101822e-02
3.574270801618695259e-02
3.508966928347945213e-02
3.460324928164482117e-02
3.448651358485221863e-02
3.434295952320098877e-02
3.420868795365095139e-02
3.410815354436635971e-02
3.402017103508114815e-02
3.395838569849729538e-02
3.385527851060032845e-02
3.400501329451799393e-02
3.377437870949506760e-02
3.375631198287010193e-02
3.396585164591670036e-02
3.382516372948884964e-02
3.379959193989634514e-02
3.361007105559110641e-02
3.381082601845264435e-02
3.386208601295948029e-02
3.400226170197129250e-02
3.385135065764188766e-02
3.372087888419628143e-02
3.365270141512155533e-02
3.371069300919771194e-02
3.348643891513347626e-02
3.346682712435722351e-02
3.343004919588565826e-02
3.346904134377837181e-02
3.355936799198389053e-02
3.363115992397069931e-02
3.376459609717130661e-02
3.363414760679006577e-02
3.338449727743864059e-02
3.352376306429505348e-02
3.350742207840085030e-02
3.345960797742009163e-02
3.344799671322107315e-02
3.330710902810096741e-02
3.318757889792323112e-02
3.309493698179721832e-02
3.310278337448835373e-02
3.315549902617931366e-02
3.323567193001508713e-02
3.323510102927684784e-02
3.329650405794382095e-02
3.316159360110759735e-02
3.305911738425493240e-02
3.301354590803384781e-02
3.289923164993524551e-02
3.315325640141963959e-02
3.318788623437285423e-02
3.292263485491275787e-02
3.288253396749496460e-02
3.291927976533770561e-02
3.289493639022111893e-02
3.276829654350876808e-02
3.297868603840470314e-02
3.302211733534932137e-02
3.296621749177575111e-02
3.286847285926342010e-02
3.298754990100860596e-02
3.310561785474419594e-02
3.311419719830155373e-02
3.291460359469056129e-02
3.284188546240329742e-02
3.270869515836238861e-02
3.264414146542549133e-02
3.252636129036545753e-02
3.254221752285957336e-02
3.257049852982163429e-02
3.268028376623988152e-02
3.246131073683500290e-02
3.244895348325371742e-02
3.235825290903449059e-02
3.235891414806246758e-02
3.220562729984521866e-02
3.216806938871741295e-02
3.235529735684394836e-02
3.232567198574542999e-02
3.219669405370950699e-02
3.218730166554450989e-02
3.246999904513359070e-02
3.286669729277491570e-02
3.327789902687072754e-02
3.298637922853231430e-02
3.243840718641877174e-02
3.249030141159892082e-02
3.238820750266313553e-02
3.209959808737039566e-02
3.205217467620968819e-02
3.192914696410298347e-02
3.222901001572608948e-02
3.235172806307673454e-02
3.246380435302853584e-02
3.248799312859773636e-02
3.216999117285013199e-02
3.193835308775305748e-02
3.198879072442650795e-02
3.205347619950771332e-02
3.246434265747666359e-02
3.274228656664490700e-02
3.230629628524184227e-02
3.214889019727706909e-02
3.203275613486766815e-02
3.171139024198055267e-02
3.147836914286017418e-02
3.145699389278888702e-02
3.142879204824566841e-02
3.137497697025537491e-02
3.134206775575876236e-02
3.131725639104843140e-02
3.127874387428164482e-02
3.124716226011514664e-02
3.123644529841840267e-02
3.124557249248027802e-02
3.124173358082771301e-02
3.126277728006243706e-02
3.121229493990540504e-02
3.122138790786266327e-02
3.126046946272253990e-02
3.124904073774814606e-02
3.122104331851005554e-02
3.121427679434418678e-02
3.113645780831575394e-02
3.115598997101187706e-02
3.117421269416809082e-02
3.116098791360855103e-02
3.114401781931519508e-02
3.115062788128852844e-02
3.111039707437157631e-02
3.107266640290617943e-02
3.105231048539280891e-02
3.103978000581264496e-02
3.102125786244869232e-02
3.098823409527540207e-02
3.095559915527701378e-02
3.094253316521644592e-02
3.093891544267535210e-02
3.096186509355902672e-02
3.093706956133246422e-02
3.092609578743577003e-02
3.091157646849751472e-02
3.088315343484282494e-02
3.090620320290327072e-02
3.092999896034598351e-02
3.089616168290376663e-02
3.086855635046958923e-02
3.082986082881689072e-02
3.089833864942193031e-02
3.089613188058137894e-02
3.092248132452368736e-02
3.093032212927937508e-02
3.086932515725493431e-02
3.083887370303273201e-02
3.072415804490447044e-02
3.074384201318025589e-02
3.079559095203876495e-02
3.071678709238767624e-02
3.068158170208334923e-02
3.065742552280426025e-02
3.065268555656075478e-02
3.062005853280425072e-02
3.059414075687527657e-02
3.058664081618189812e-02
3.056582994759082794e-02
3.055595699697732925e-02
3.055402077734470367e-02
3.054140089079737663e-02
3.072624001652002335e-02
3.072052611969411373e-02
3.056847443804144859e-02
3.054926078766584396e-02
3.049344429746270180e-02
3.052691789343953133e-02
3.053974965587258339e-02
3.051103558391332626e-02
3.049568831920623779e-02
3.046065755188465118e-02
3.043845621868968010e-02
3.040727740153670311e-02
3.039803402498364449e-02
3.044345183297991753e-02
3.055872628465294838e-02
3.051649872213602066e-02
3.041738178580999374e-02
3.041236056014895439e-02
3.037830395624041557e-02
3.031918173655867577e-02
3.035229956731200218e-02
3.034153464250266552e-02
3.041174914687871933e-02
3.035873360931873322e-02
3.040662594139575958e-02
3.026316501200199127e-02
3.031467925757169724e-02
3.029936878010630608e-02
3.041237080469727516e-02
3.034041821956634521e-02
3.026442136615514755e-02
3.016804624348878860e-02
3.027683962136507034e-02
3.015466360375285149e-02
3.027646476402878761e-02
3.023853991180658340e-02
3.016736125573515892e-02
3.008812479674816132e-02
3.010605042800307274e-02
3.005545539781451225e-02
3.001889446750283241e-02
2.999003231525421143e-02
2.997579239308834076e-02
2.996789803728461266e-02
2.996885450556874275e-02
2.996070124208927155e-02
2.995615173131227493e-02
2.993992110714316368e-02
2.994028571993112564e-02
2.992748562246561050e-02
2.992834569886326790e-02
2.992963185533881187e-02
2.990487730130553246e-02
2.992015844210982323e-02
2.988654002547264099e-02
2.988455677404999733e-02
2.987994905561208725e-02
2.988995891064405441e-02
2.985916333273053169e-02
2.986304648220539093e-02
2.987445238977670670e-02
2.987307216972112656e-02
2.990275947377085686e-02
2.984553482383489609e-02
2.984036179259419441e-02
2.982001379132270813e-02
2.980588609352707863e-02
2.980033587664365768e-02
2.979218540713191032e-02
2.979147946462035179e-02
2.978210058063268661e-02
2.978088799864053726e-02
2.977720182389020920e-02
2.976659592241048813e-02
2.975351130589842796e-02
2.974951127544045448e-02
2.975595416501164436e-02
2.976716216653585434e-02
2.975093387067317963e-02
2.976734749972820282e-02
2.972681960090994835e-02
2.972748456522822380e-02
2.970328601077198982e-02
2.969166729599237442e-02
2.967720199376344681e-02
2.967104269191622734e-02
2.966002142056822777e-02
2.964654378592967987e-02
2.965345187112689018e-02
2.964391093701124191e-02
2.963528269901871681e-02
2.963180886581540108e-02
2.961577614769339561e-02
2.960796421393752098e-02
2.962316945195198059e-02
2.961749350652098656e-02
2.960351901128888130e-02
2.959709428250789642e-02
2.958981972187757492e-02
2.957607572898268700e-02
2.958930749446153641e-02
2.956459857523441315e-02
2.954455884173512459e-02
2.953499881550669670e-02
2.953092567622661591e-02
2.953718136996030807e-02
2.950787637382745743e-02
2.951146196573972702e-02
2.952588116750121117e-02
2.952812751755118370e-02
2.954704826697707176e-02
2.952975453808903694e-02
2.950096270069479942e-02
2.950042020529508591e-02
2.947191288694739342e-02
2.945794491097331047e-02
2.946614194661378860e-02
2.947457507252693176e-02
2.944879280403256416e-02
2.942185336723923683e-02
2.941732062026858330e-02
2.940121898427605629e-02
2.940407395362854004e-02
2.939050504937767982e-02
2.937283553183078766e-02
2.935273246839642525e-02
2.934992965310811996e-02
2.935050567612051964e-02
2.934823324903845787e-02
2.932708896696567535e-02
2.932908711954951286e-02
2.931327233090996742e-02
2.930775936692953110e-02
2.929185424000024796e-02
2.930780220776796341e-02
2.928317338228225708e-02
2.927210694178938866e-02
2.926535671576857567e-02
2.926382375881075859e-02
2.925539668649435043e-02
2.924555586650967598e-02
2.924338961020112038e-02
2.923974161967635155e-02
2.923476509749889374e-02
2.923825383186340332e-02
2.922917529940605164e-02
2.923153107985854149e-02
2.922752033919095993e-02
2.921829046681523323e-02
2.921088133007287979e-02
2.920527709648013115e-02
2.920151967555284500e-02
2.919649425894021988e-02
2.919186791405081749e-02
2.919398248195648193e-02
2.920209430158138275e-02
2.918956987559795380e-02
2.919066464528441429e-02
2.917584963142871857e-02
2.917738072574138641e-02
2.917743194848299026e-02
2.916689636185765266e-02
2.917247405275702477e-02
2.915813867002725601e-02
2.915500383824110031e-02
2.916775224730372429e-02
2.915360219776630402e-02
2.915694424882531166e-02
2.914046542719006538e-02
2.914158487692475319e-02
2.913482673466205597e-02
2.911963360384106636e-02
2.912151813507080078e-02
2.911311620846390724e-02
2.910462813451886177e-02
2.910427702590823174e-02
2.910109469667077065e-02
2.909455867484211922e-02
2.908951463177800179e-02
2.908755419775843620e-02
2.908254042267799377e-02
2.907589869573712349e-02
2.907127048820257187e-02
2.907140739262104034e-02
2.907767053693532944e-02
2.906330907717347145e-02
2.906457008793950081e-02
2.905697980895638466e-02
2.905358187854290009e-02
2.904638973996043205e-02
2.905961195938289165e-02
2.903184155002236366e-02
2.903562365099787712e-02
2.903374750167131424e-02
2.902395976707339287e-02
2.901684679090976715e-02
2.901497995480895042e-02
2.900879131630063057e-02
2.900555171072483063e-02
2.900298777967691422e-02
2.899808622896671295e-02
2.899869997054338455e-02
2.898341603577136993e-02
2.898435806855559349e-02
2.897717850282788277e-02
2.897772891446948051e-02
2.897303737699985504e-02
2.897522924467921257e-02
2.896533207967877388e-02
2.896446874365210533e-02
2.895608358085155487e-02
2.896183449774980545e-02
2.894805185496807098e-02
2.893975470215082169e-02
2.893469855189323425e-02
2.893108082935214043e-02
2.892306400462985039e-02
2.892354084178805351e-02
2.892286377027630806e-02
2.891565533354878426e-02
2.890382707118988037e-02
2.890482218936085701e-02
2.889876719564199448e-02
2.889413898810744286e-02
2.889594947919249535e-02
2.887814585119485855e-02
2.887912746518850327e-02
2.887980034574866295e-02
2.886399626731872559e-02
2.887600241228938103e-02
2.887333044782280922e-02
2.886557020246982574e-02
2.886460395529866219e-02
2.884642640128731728e-02
2.884980244562029839e-02
2.885366044938564301e-02
2.884091110900044441e-02
