3.503603458404541016e+00
2.705898761749267578e+00
2.650360107421875000e+00
2.195781469345092773e+00
1.968867182731628418e+00
1.590692400932312012e+00
1.349500417709350586e+00
1.223716616630554199e+00
1.086307764053344727e+00
9.734931588172912598e-01
8.466349244117736816e-01
7.479953765869140625e-01
7.120521664619445801e-01
7.261246442794799805e-01
6.848937273025512695e-01
6.245805025100708008e-01
6.111620068550109863e-01
5.764583945274353027e-01
5.859038829803466797e-01
5.490269660949707031e-01
5.060032010078430176e-01
5.201910138130187988e-01
4.988370537757873535e-01
5.413208007812500000e-01
5.336568951606750488e-01
5.234038233757019043e-01
4.971410930156707764e-01
4.895324110984802246e-01
4.589958786964416504e-01
4.487619102001190186e-01
4.688920676708221436e-01
4.500527083873748779e-01
4.563763439655303955e-01
4.474996030330657959e-01
4.537460803985595703e-01
4.505257606506347656e-01
4.257677495479583740e-01
4.422276318073272705e-01
4.123972058296203613e-01
4.211093187332153320e-01
4.289999902248382568e-01
4.274335801601409912e-01
4.097109138965606689e-01
4.437554478645324707e-01
3.949967026710510254e-01
4.337205588817596436e-01
3.978016376495361328e-01
4.379491209983825684e-01
4.006148278713226318e-01
4.182992577552795410e-01
4.023536145687103271e-01
4.001428484916687012e-01
4.076564311981201172e-01
4.016621410846710205e-01
4.309349954128265381e-01
4.313366711139678955e-01
4.359202086925506592e-01
4.011248946189880371e-01
4.124366939067840576e-01
4.008524715900421143e-01
3.871585428714752197e-01
3.952444791793823242e-01
4.307592809200286865e-01
4.277753233909606934e-01
4.147421717643737793e-01
4.043877422809600830e-01
3.897597491741180420e-01
3.972928822040557861e-01
3.936495482921600342e-01
3.833640813827514648e-01
4.067477285861968994e-01
3.895636200904846191e-01
3.981032669544219971e-01
4.028094112873077393e-01
4.001844227313995361e-01
4.096620976924896240e-01
3.994914591312408447e-01
4.290810525417327881e-01
3.929920196533203125e-01
4.159775376319885254e-01
3.943212628364562988e-01
3.709042966365814209e-01
4.251093566417694092e-01
3.974963426589965820e-01
4.208853840827941895e-01
4.098999798297882080e-01
4.177540838718414307e-01
3.900577425956726074e-01
3.916305005550384521e-01
3.749614059925079346e-01
3.880598545074462891e-01
3.982800543308258057e-01
3.776299357414245605e-01
3.848600983619689941e-01
3.701230883598327637e-01
4.076234400272369385e-01
4.164158999919891357e-01
4.158495068550109863e-01
3.900426328182220459e-01
3.892067074775695801e-01
3.874281048774719238e-01
3.816454112529754639e-01
3.868487179279327393e-01
4.024547338485717773e-01
3.810451030731201172e-01
3.816387653350830078e-01
3.941268920898437500e-01
3.787542879581451416e-01
3.773583769798278809e-01
3.876227438449859619e-01
3.783964812755584717e-01
3.919409215450286865e-01
3.817372918128967285e-01
3.723874688148498535e-01
3.693807423114776611e-01
3.624953031539916992e-01
3.635643422603607178e-01
3.588569760322570801e-01
3.980947732925415039e-01
3.553375005722045898e-01
3.863794207572937012e-01
3.664855957031250000e-01
3.551029562950134277e-01
3.589549958705902100e-01
3.644569516181945801e-01
3.627883195877075195e-01
3.922765552997589111e-01
3.720509707927703857e-01
3.652951121330261230e-01
3.793923556804656982e-01
3.541987538337707520e-01
3.637150526046752930e-01
3.699050247669219971e-01
3.525127768516540527e-01
4.023915827274322510e-01
3.484858274459838867e-01
3.581440150737762451e-01
3.632296323776245117e-01
3.630724549293518066e-01
3.495354354381561279e-01
3.712155222892761230e-01
3.593991994857788086e-01
3.496378958225250244e-01
3.469047546386718750e-01
3.555334806442260742e-01
3.514195978641510010e-01
3.674091696739196777e-01
3.335308134555816650e-01
3.682236373424530029e-01
3.364393711090087891e-01
3.337814807891845703e-01
3.478425741195678711e-01
3.243177533149719238e-01
3.383087813854217529e-01
3.332483768463134766e-01
3.336722552776336670e-01
3.202802538871765137e-01
3.268271386623382568e-01
3.424364030361175537e-01
3.078124821186065674e-01
3.234588205814361572e-01
3.335019648075103760e-01
3.338209688663482666e-01
3.297750055789947510e-01
3.360576927661895752e-01
3.590241670608520508e-01
3.013714849948883057e-01
3.290651738643646240e-01
3.074797391891479492e-01
3.117620646953582764e-01
2.999390661716461182e-01
3.264223635196685791e-01
3.106314241886138916e-01
3.234682679176330566e-01
2.989065945148468018e-01
3.042894899845123291e-01
2.938207387924194336e-01
3.058928251266479492e-01
3.064680993556976318e-01
3.049684762954711914e-01
3.025037348270416260e-01
2.912879884243011475e-01
2.971891164779663086e-01
3.068096935749053955e-01
2.967289984226226807e-01
3.182463943958282471e-01
2.846732437610626221e-01
3.099793195724487305e-01
2.892798483371734619e-01
2.994869649410247803e-01
3.263362050056457520e-01
2.923748493194580078e-01
2.989961206912994385e-01
2.904956340789794922e-01
2.795129418373107910e-01
2.814712226390838623e-01
2.987775802612304688e-01
3.065018355846405029e-01
2.727754116058349609e-01
2.788722515106201172e-01
2.992317378520965576e-01
3.087653219699859619e-01
2.926691472530364990e-01
2.729547917842864990e-01
2.972914874553680420e-01
2.757149934768676758e-01
2.898322343826293945e-01
2.827517092227935791e-01
2.819488644599914551e-01
2.749806046485900879e-01
2.722331583499908447e-01
2.692929208278656006e-01
2.709196805953979492e-01
2.649515569210052490e-01
2.724157273769378662e-01
2.712708413600921631e-01
2.680876553058624268e-01
2.625382244586944580e-01
2.684931457042694092e-01
2.610825002193450928e-01
2.661064565181732178e-01
2.730351090431213379e-01
2.618850171566009521e-01
2.669678628444671631e-01
2.734085023403167725e-01
2.710273861885070801e-01
2.651614844799041748e-01
2.581668198108673096e-01
2.573159039020538330e-01
2.673502266407012939e-01
2.509671449661254883e-01
2.531109452247619629e-01
2.550385296344757080e-01
2.587403655052185059e-01
2.676401436328887939e-01
2.770945429801940918e-01
2.635233998298645020e-01
2.606708705425262451e-01
2.664028406143188477e-01
2.620615065097808838e-01
2.512634992599487305e-01
2.612635791301727295e-01
2.656461894512176514e-01
2.527997195720672607e-01
2.462593466043472290e-01
2.441718131303787231e-01
2.513900697231292725e-01
2.534105479717254639e-01
2.557442784309387207e-01
2.420842200517654419e-01
2.460565865039825439e-01
2.487072199583053589e-01
2.472205311059951782e-01
2.473127841949462891e-01
2.430494874715805054e-01
2.470709383487701416e-01
2.445525377988815308e-01
2.433153241872787476e-01
2.565805912017822266e-01
2.565814256668090820e-01
2.470069825649261475e-01
2.374059557914733887e-01
2.399765998125076294e-01
2.375611066818237305e-01
2.333432734012603760e-01
2.390429824590682983e-01
2.402765303850173950e-01
2.348634749650955200e-01
2.472190409898757935e-01
2.395973503589630127e-01
2.298099845647811890e-01
2.324486523866653442e-01
2.389789521694183350e-01
2.519778013229370117e-01
2.522943317890167236e-01
2.683838307857513428e-01
2.584089040756225586e-01
2.639231979846954346e-01
2.694532275199890137e-01
2.379290461540222168e-01
2.320108115673065186e-01
2.432590574026107788e-01
2.347192764282226562e-01
2.428699433803558350e-01
2.345188856124877930e-01
2.366128861904144287e-01
2.412220388650894165e-01
2.467673718929290771e-01
2.436884194612503052e-01
2.413518428802490234e-01
2.323236465454101562e-01
2.505907714366912842e-01
2.366352528333663940e-01
2.298198193311691284e-01
2.305963337421417236e-01
2.342126965522766113e-01
2.354586869478225708e-01
2.317444235086441040e-01
2.378493547439575195e-01
2.340710461139678955e-01
2.487661093473434448e-01
2.397217005491256714e-01
2.330512702465057373e-01
2.295468896627426147e-01
2.289624214172363281e-01
2.336212098598480225e-01
2.306940406560897827e-01
2.320291996002197266e-01
2.315817624330520630e-01
2.333061397075653076e-01
2.339201569557189941e-01
2.305033653974533081e-01
2.262782156467437744e-01
2.286358326673507690e-01
2.326623946428298950e-01
2.322768568992614746e-01
2.288363724946975708e-01
2.287299036979675293e-01
2.317472547292709351e-01
2.308297008275985718e-01
2.311697751283645630e-01
2.302125394344329834e-01
2.300823181867599487e-01
2.301502078771591187e-01
2.333129793405532837e-01
2.303620278835296631e-01
2.273181378841400146e-01
2.297964245080947876e-01
2.287739217281341553e-01
2.291510701179504395e-01
2.314100563526153564e-01
2.316198498010635376e-01
2.283619046211242676e-01
2.303848117589950562e-01
2.309054583311080933e-01
2.282295376062393188e-01
2.323087304830551147e-01
2.317622750997543335e-01
2.299965471029281616e-01
2.287744283676147461e-01
2.294841259717941284e-01
2.272567152976989746e-01
2.288596630096435547e-01
2.293051034212112427e-01
2.344632297754287720e-01
2.380311936140060425e-01
2.294711321592330933e-01
2.286488264799118042e-01
2.265612781047821045e-01
2.279077023267745972e-01
2.281718701124191284e-01
2.241216450929641724e-01
2.269031256437301636e-01
2.269711792469024658e-01
2.289571762084960938e-01
2.280648350715637207e-01
2.294096648693084717e-01
2.261552214622497559e-01
2.311538010835647583e-01
2.313732057809829712e-01
2.241241186857223511e-01
2.274998426437377930e-01
2.344186455011367798e-01
2.313396483659744263e-01
2.260905653238296509e-01
2.210853993892669678e-01
2.282681763172149658e-01
2.281250953674316406e-01
2.328074574470520020e-01
2.306208461523056030e-01
2.259682565927505493e-01
2.257358878850936890e-01
2.248937487602233887e-01
2.280028462409973145e-01
2.287728935480117798e-01
2.259964048862457275e-01
2.303312718868255615e-01
2.275100052356719971e-01
2.243279218673706055e-01
2.313144952058792114e-01
2.281646728515625000e-01
2.237683087587356567e-01
2.271940857172012329e-01
2.283594906330108643e-01
2.327654659748077393e-01
2.264908701181411743e-01
2.271845936775207520e-01
2.245187908411026001e-01
2.247397601604461670e-01
2.277481406927108765e-01
2.270686775445938110e-01
2.280444800853729248e-01
2.297668904066085815e-01
2.247166931629180908e-01
2.292820215225219727e-01
2.301545888185501099e-01
2.265903204679489136e-01
2.248443365097045898e-01
2.339600026607513428e-01
2.272617816925048828e-01
2.229735255241394043e-01
2.275478392839431763e-01
2.275818288326263428e-01
2.257724106311798096e-01
2.272840738296508789e-01
2.261028736829757690e-01
2.249236255884170532e-01
2.270644456148147583e-01
2.284047752618789673e-01
2.257545143365859985e-01
2.259035408496856689e-01
2.258079349994659424e-01
2.288239151239395142e-01
2.270612269639968872e-01
2.258749157190322876e-01
2.250187993049621582e-01
2.269757091999053955e-01
2.253748923540115356e-01
2.252926528453826904e-01
2.262147963047027588e-01
2.267902344465255737e-01
2.245247066020965576e-01
2.241247445344924927e-01
2.244904935359954834e-01
2.260592728853225708e-01
2.243274897336959839e-01
2.232409864664077759e-01
2.244145423173904419e-01
2.247780710458755493e-01
2.255002111196517944e-01
2.227459102869033813e-01
2.234828025102615356e-01
2.273327261209487915e-01
2.241516560316085815e-01
2.231145501136779785e-01
2.256961315870285034e-01
2.243620008230209351e-01
2.240287959575653076e-01
2.237820327281951904e-01
2.224346846342086792e-01
2.229739129543304443e-01
2.250921279191970825e-01
2.254124879837036133e-01
2.242579311132431030e-01
2.229917943477630615e-01
2.229137867689132690e-01
2.234394401311874390e-01
2.232978492975234985e-01
2.252631783485412598e-01
2.229635268449783325e-01
2.236201614141464233e-01
2.236875444650650024e-01
2.233044207096099854e-01
2.243586927652359009e-01
2.221021354198455811e-01
2.222004383802413940e-01
2.227553725242614746e-01
2.232622802257537842e-01
2.229591757059097290e-01
2.233907431364059448e-01
2.233946770429611206e-01
2.206675410270690918e-01
2.250518053770065308e-01
2.242547720670700073e-01
2.215689122676849365e-01
2.233650833368301392e-01
2.244540154933929443e-01
2.231505364179611206e-01
2.237691134214401245e-01
2.224386185407638550e-01
2.226287573575973511e-01
2.220772355794906616e-01
2.221384644508361816e-01
2.235081940889358521e-01
2.250022441148757935e-01
2.244976013898849487e-01
2.241399586200714111e-01
2.213705480098724365e-01
2.208188176155090332e-01
2.227372527122497559e-01
2.235530763864517212e-01
2.217157483100891113e-01
2.209051251411437988e-01
2.226709425449371338e-01
2.227096855640411377e-01
2.214946448802947998e-01
2.239018529653549194e-01
2.240535616874694824e-01
2.212662547826766968e-01
2.224092185497283936e-01
2.253505289554595947e-01
2.283123433589935303e-01
2.250588387250900269e-01
2.219010144472122192e-01
2.202199697494506836e-01
2.217430621385574341e-01
2.254253327846527100e-01
2.283385246992111206e-01
2.221371084451675415e-01
2.204112708568572998e-01
2.222110480070114136e-01
2.221459597349166870e-01
2.234509289264678955e-01
2.205723822116851807e-01
2.230168431997299194e-01
2.227202653884887695e-01
2.221944481134414673e-01
2.221769988536834717e-01
2.212433516979217529e-01
2.224061042070388794e-01
2.222095578908920288e-01
2.227651029825210571e-01
2.229632735252380371e-01
2.214961796998977661e-01
2.224688380956649780e-01
2.217874228954315186e-01
2.220335602760314941e-01
2.231842726469039917e-01
2.218569219112396240e-01
2.216915190219879150e-01
2.223147600889205933e-01
2.224458903074264526e-01
2.229227423667907715e-01
2.217617332935333252e-01
2.225020378828048706e-01
2.221935689449310303e-01
2.207692265510559082e-01
2.235601991415023804e-01
2.221646010875701904e-01
2.228177934885025024e-01
2.226707935333251953e-01
2.211723774671554565e-01
2.227257341146469116e-01
2.207864671945571899e-01
2.218840718269348145e-01
2.225095629692077637e-01
2.214169353246688843e-01
2.217629849910736084e-01
2.212799787521362305e-01
2.226345092058181763e-01
2.208357602357864380e-01
2.225985825061798096e-01
2.218508422374725342e-01
2.217740863561630249e-01
2.213367372751235962e-01
2.214050740003585815e-01
2.223621010780334473e-01
2.214715033769607544e-01
2.212569713592529297e-01
2.224136590957641602e-01
2.211202532052993774e-01
2.209076136350631714e-01
2.208895385265350342e-01
2.214521914720535278e-01
2.209282666444778442e-01
2.211509644985198975e-01
2.211652845144271851e-01
2.208477258682250977e-01
2.210683077573776245e-01
2.210817337036132812e-01
2.220724821090698242e-01
2.204936444759368896e-01
2.215788066387176514e-01
2.207167446613311768e-01
2.205965220928192139e-01
2.209012210369110107e-01
2.213549762964248657e-01
2.206203490495681763e-01
2.201647907495498657e-01
2.207900583744049072e-01
2.206812947988510132e-01
2.203520685434341431e-01
2.213943302631378174e-01
2.201860994100570679e-01
2.203755825757980347e-01
2.215295284986495972e-01
2.197643518447875977e-01
2.204312980175018311e-01
2.206617593765258789e-01
2.204518914222717285e-01
2.207262665033340454e-01
2.201239764690399170e-01
2.210097610950469971e-01
2.201387435197830200e-01
2.200850099325180054e-01
2.212204486131668091e-01
2.201139628887176514e-01
2.202496975660324097e-01
2.201001197099685669e-01
2.203537523746490479e-01
2.210908681154251099e-01
2.194481343030929565e-01
2.206409126520156860e-01
2.202074676752090454e-01
2.211304157972335815e-01
2.191013544797897339e-01
2.198244631290435791e-01
2.203683555126190186e-01
2.197716236114501953e-01
2.198428660631179810e-01
2.200943827629089355e-01
2.197638303041458130e-01
2.198019921779632568e-01
2.197900265455245972e-01
2.199700623750686646e-01
2.198316305875778198e-01
2.200075387954711914e-01
2.198579460382461548e-01
2.198741436004638672e-01
2.192548811435699463e-01
2.199470400810241699e-01
2.197226285934448242e-01
2.198512107133865356e-01
2.193599492311477661e-01
2.199372202157974243e-01
2.194787114858627319e-01
2.198925018310546875e-01
2.195562422275543213e-01
2.197575569152832031e-01
2.196298837661743164e-01
2.195717245340347290e-01
2.194547355175018311e-01
2.194037735462188721e-01
2.197580933570861816e-01
2.195287048816680908e-01
2.195909172296524048e-01
2.196061760187149048e-01
2.193600535392761230e-01
2.196499705314636230e-01
2.192740738391876221e-01
2.199195772409439087e-01
2.189491093158721924e-01
2.197329252958297729e-01
2.190643996000289917e-01
2.198345214128494263e-01
2.190423309803009033e-01
2.195273339748382568e-01
2.190538495779037476e-01
2.199638187885284424e-01
2.188082635402679443e-01
2.195717990398406982e-01
2.189389616250991821e-01
2.196057289838790894e-01
2.192875444889068604e-01
2.190619558095932007e-01
2.192423790693283081e-01
2.192516326904296875e-01
2.195074111223220825e-01
2.190728932619094849e-01
2.191119790077209473e-01
2.189700603485107422e-01
2.191227972507476807e-01
2.192455977201461792e-01
2.192861735820770264e-01
2.194061279296875000e-01
2.187114655971527100e-01
2.189865857362747192e-01
2.191794812679290771e-01
2.193867564201354980e-01
2.188015133142471313e-01
2.189863175153732300e-01
2.191866189241409302e-01
2.190973162651062012e-01
2.188640087842941284e-01
2.189243882894515991e-01
2.187682390213012695e-01
2.191358357667922974e-01
2.189077585935592651e-01
2.190832942724227905e-01
2.192085832357406616e-01
2.188021391630172729e-01
2.189048826694488525e-01
2.185705751180648804e-01
2.191946655511856079e-01
2.190514057874679565e-01
2.188073396682739258e-01
2.184718251228332520e-01
2.191140353679656982e-01
2.192878872156143188e-01
2.184697687625885010e-01
2.187880873680114746e-01
2.190509736537933350e-01
2.193637192249298096e-01
2.186502814292907715e-01
2.186522930860519409e-01
2.187412977218627930e-01
2.188241183757781982e-01
2.185812443494796753e-01
2.186484634876251221e-01
2.189361304044723511e-01
2.190584838390350342e-01
2.185472548007965088e-01
2.186871021986007690e-01
2.183226197957992554e-01
2.186291664838790894e-01
2.191548347473144531e-01
2.187006771564483643e-01
2.185406386852264404e-01
2.183299958705902100e-01
2.188259214162826538e-01
2.185965776443481445e-01
2.186690419912338257e-01
2.185126394033432007e-01
2.186807096004486084e-01
2.187307775020599365e-01
2.186097800731658936e-01
2.184434533119201660e-01
2.185591459274291992e-01
2.187447696924209595e-01
2.185033708810806274e-01
2.186771929264068604e-01
2.185338884592056274e-01
2.186561226844787598e-01
2.186630815267562866e-01
2.184789478778839111e-01
2.186223566532135010e-01
2.184981852769851685e-01
2.186484038829803467e-01
2.185181379318237305e-01
2.185940146446228027e-01
2.183976769447326660e-01
2.187593430280685425e-01
2.184368073940277100e-01
2.186204046010971069e-01
2.185635864734649658e-01
2.185074090957641602e-01
2.186581492424011230e-01
2.184045910835266113e-01
2.185509651899337769e-01
2.184458374977111816e-01
2.184530943632125854e-01
2.185145914554595947e-01
2.184362262487411499e-01
2.185278534889221191e-01
2.183190882205963135e-01
2.186100482940673828e-01
2.183795124292373657e-01
2.184908688068389893e-01
2.183792889118194580e-01
2.184659838676452637e-01
2.183999419212341309e-01
2.183061242103576660e-01
2.185873538255691528e-01
2.182146459817886353e-01
2.186056077480316162e-01
2.181817293167114258e-01
2.185163348913192749e-01
2.182452529668807983e-01
2.183027118444442749e-01
2.183798700571060181e-01
2.182027250528335571e-01
2.184875011444091797e-01
2.183080017566680908e-01
2.182271182537078857e-01
2.184206992387771606e-01
2.182832658290863037e-01
2.183251678943634033e-01
2.182951569557189941e-01
2.182700186967849731e-01
2.182970196008682251e-01
2.182972133159637451e-01
2.183258980512619019e-01
2.181676775217056274e-01
2.181372493505477905e-01
2.184631526470184326e-01
2.181914299726486206e-01
2.183471620082855225e-01
2.180922329425811768e-01
2.183786630630493164e-01
2.180181145668029785e-01
2.183924466371536255e-01
2.181095182895660400e-01
2.183217704296112061e-01
2.181578576564788818e-01
2.182298302650451660e-01
2.180527001619338989e-01
2.182531207799911499e-01
2.180996537208557129e-01
2.182852923870086670e-01
2.180978506803512573e-01
2.182537615299224854e-01
2.180598378181457520e-01
2.183711379766464233e-01
2.179074585437774658e-01
2.182305604219436646e-01
2.182280719280242920e-01
2.180412113666534424e-01
2.181529253721237183e-01
2.180142998695373535e-01
2.182028293609619141e-01
2.180746942758560181e-01
2.181416153907775879e-01
2.181136608123779297e-01
2.179841995239257812e-01
2.181921303272247314e-01
2.179773896932601929e-01
2.181224972009658813e-01
2.182130813598632812e-01
2.179813385009765625e-01
2.180399596691131592e-01
2.180450111627578735e-01
2.179792970418930054e-01
2.180803716182708740e-01
2.180618643760681152e-01
2.179720699787139893e-01
2.180447429418563843e-01
2.180751860141754150e-01
2.179528325796127319e-01
2.180942595005035400e-01
2.180401086807250977e-01
2.179990857839584351e-01
2.179817557334899902e-01
2.180690318346023560e-01
2.179955542087554932e-01
2.179753333330154419e-01
2.179782688617706299e-01
2.180726975202560425e-01
2.178955823183059692e-01
2.180146425962448120e-01
2.179931104183197021e-01
2.179914563894271851e-01
2.179568856954574585e-01
2.180305868387222290e-01
2.178447693586349487e-01
2.180075645446777344e-01
2.179538309574127197e-01
2.178816646337509155e-01
2.179627120494842529e-01
2.179173827171325684e-01
2.179476022720336914e-01
2.179473638534545898e-01
2.179059982299804688e-01
2.179041951894760132e-01
2.179356664419174194e-01
2.179374694824218750e-01
2.178929895162582397e-01
2.179551422595977783e-01
2.178789526224136353e-01
2.178908586502075195e-01
2.178911119699478149e-01
2.178270518779754639e-01
2.178800702095031738e-01
2.179039567708969116e-01
2.178045809268951416e-01
2.178992182016372681e-01
2.178356200456619263e-01
2.178274840116500854e-01
2.178575396537780762e-01
2.177990227937698364e-01
2.178462892770767212e-01
2.178273350000381470e-01
2.178215086460113525e-01
2.177890092134475708e-01
2.178258299827575684e-01
2.178016304969787598e-01
2.178288549184799194e-01
2.177858799695968628e-01
2.178005874156951904e-01
2.177093923091888428e-01
2.178218662738800049e-01
2.177801281213760376e-01
2.177010625600814819e-01
2.177875488996505737e-01
2.178166508674621582e-01
2.176084220409393311e-01
2.177331000566482544e-01
2.177685797214508057e-01
2.177261114120483398e-01
2.177522331476211548e-01
2.177793830633163452e-01
2.177170068025588989e-01
2.177457958459854126e-01
2.176781892776489258e-01
2.177918106317520142e-01
2.177406996488571167e-01
2.176238745450973511e-01
2.177788317203521729e-01
2.177019268274307251e-01
2.176863700151443481e-01
2.177436649799346924e-01
2.176976054906845093e-01
2.176854014396667480e-01
2.176767736673355103e-01
2.176642715930938721e-01
2.177260369062423706e-01
2.175914049148559570e-01
2.177237272262573242e-01
2.176008969545364380e-01
2.176878303289413452e-01
2.176374495029449463e-01
2.176602482795715332e-01
2.177053689956665039e-01
2.175944000482559204e-01
2.176947742700576782e-01
2.176282703876495361e-01
2.176258265972137451e-01
2.176033854484558105e-01
2.176221609115600586e-01
2.175341695547103882e-01
2.176885753870010376e-01
2.176378369331359863e-01
2.175698429346084595e-01
2.176006585359573364e-01
2.176265269517898560e-01
2.176448851823806763e-01
2.176148444414138794e-01
2.175821661949157715e-01
2.176195681095123291e-01
2.175816595554351807e-01
2.176334410905838013e-01
2.175855189561843872e-01
2.175990194082260132e-01
2.175964862108230591e-01
2.175792008638381958e-01
2.175843268632888794e-01
2.176016569137573242e-01
2.176121026277542114e-01
2.175750881433486938e-01
2.175705581903457642e-01
2.176290750503540039e-01
2.174979001283645630e-01
2.175971865653991699e-01
2.175769507884979248e-01
2.175221592187881470e-01
2.175701111555099487e-01
2.175940871238708496e-01
2.174993306398391724e-01
2.175915986299514771e-01
2.175460904836654663e-01
2.175069302320480347e-01
2.176059931516647339e-01
2.174810916185379028e-01
2.175369113683700562e-01
2.176078259944915771e-01
2.174822986125946045e-01
2.175268530845642090e-01
2.175246477127075195e-01
2.175028324127197266e-01
2.175127416849136353e-01
2.175138145685195923e-01
2.175317257642745972e-01
2.175000905990600586e-01
2.174905240535736084e-01
2.174958884716033936e-01
2.175206243991851807e-01
2.174807339906692505e-01
2.174788564443588257e-01
2.174920290708541870e-01
2.174413502216339111e-01
2.175313979387283325e-01
2.174994647502899170e-01
2.174589484930038452e-01
2.174647897481918335e-01
2.174994796514511108e-01
2.174061983823776245e-01
2.174754291772842407e-01
2.174450457096099854e-01
2.174291163682937622e-01
2.174520939588546753e-01
2.174378186464309692e-01
2.174696773290634155e-01
2.174349576234817505e-01
2.174276113510131836e-01
2.174835652112960815e-01
2.174206227064132690e-01
2.173820436000823975e-01
2.174329608678817749e-01
2.174372822046279907e-01
2.173859328031539917e-01
2.173946648836135864e-01
2.174115628004074097e-01
2.174071967601776123e-01
2.173501104116439819e-01
2.174420356750488281e-01
2.174209952354431152e-01
2.172969430685043335e-01
2.174175679683685303e-01
2.173984050750732422e-01
2.173448204994201660e-01
2.174018025398254395e-01
2.173887193202972412e-01
2.173673212528228760e-01
2.173436433076858521e-01
2.173674255609512329e-01
2.173497229814529419e-01
2.173683345317840576e-01
2.173381298780441284e-01
2.173722535371780396e-01
2.173353880643844604e-01
2.173172235488891602e-01
2.173327356576919556e-01
2.173063457012176514e-01
2.173271179199218750e-01
2.173393964767456055e-01
2.173282355070114136e-01
2.172627896070480347e-01
2.174002826213836670e-01
2.172993123531341553e-01
2.172895967960357666e-01
2.173517942428588867e-01
