6.478561162948608398e-01
5.601081252098083496e-01
4.899594485759735107e-01
4.879743754863739014e-01
4.536308050155639648e-01
3.411122858524322510e-01
3.257721364498138428e-01
3.622733354568481445e-01
3.759641051292419434e-01
3.581323921680450439e-01
2.966283857822418213e-01
2.373033016920089722e-01
2.410605251789093018e-01
3.518975079059600830e-01
3.059718012809753418e-01
2.523057758808135986e-01
2.193056941032409668e-01
2.762041985988616943e-01
3.766192495822906494e-01
2.518653273582458496e-01
2.447647601366043091e-01
2.293667048215866089e-01
2.384209632873535156e-01
2.163260579109191895e-01
2.301735132932662964e-01
2.595075666904449463e-01
2.953976094722747803e-01
1.975460946559906006e-01
1.925094574689865112e-01
1.809750199317932129e-01
1.809546202421188354e-01
1.798827648162841797e-01
1.601303070783615112e-01
2.334407418966293335e-01
3.386355042457580566e-01
2.331383824348449707e-01
1.844482719898223877e-01
2.070172429084777832e-01
1.883318722248077393e-01
1.800483912229537964e-01
1.877998709678649902e-01
2.067418247461318970e-01
1.551171392202377319e-01
1.872692704200744629e-01
1.836931407451629639e-01
1.664821952581405640e-01
1.909899413585662842e-01
1.663029491901397705e-01
1.679740548133850098e-01
1.686336845159530640e-01
1.647319793701171875e-01
1.618057936429977417e-01
1.550771296024322510e-01
1.601940542459487915e-01
1.553258895874023438e-01
1.807782351970672607e-01
1.716061234474182129e-01
1.879680603742599487e-01
1.666165739297866821e-01
1.564112454652786255e-01
1.442492157220840454e-01
1.490233838558197021e-01
1.685496121644973755e-01
1.687556952238082886e-01
1.798123717308044434e-01
1.751431375741958618e-01
1.791096478700637817e-01
1.797054111957550049e-01
1.548929065465927124e-01
1.741617023944854736e-01
2.436808794736862183e-01
2.347682267427444458e-01
2.554810643196105957e-01
2.038729935884475708e-01
2.615071833133697510e-01
2.415972501039505005e-01
2.551355659961700439e-01
2.174121439456939697e-01
1.849816888570785522e-01
1.782969087362289429e-01
1.662782579660415649e-01
1.542236059904098511e-01
2.890730500221252441e-01
2.257192581892013550e-01
1.984575539827346802e-01
1.842187047004699707e-01
1.996439695358276367e-01
1.427282243967056274e-01
1.600492894649505615e-01
1.729478836059570312e-01
1.999974399805068970e-01
2.799724340438842773e-01
1.788706183433532715e-01
1.673586219549179077e-01
1.794044077396392822e-01
1.532519906759262085e-01
1.639167815446853638e-01
1.601423919200897217e-01
1.772423535585403442e-01
1.691673994064331055e-01
1.516102254390716553e-01
1.474077999591827393e-01
1.547144502401351929e-01
1.720848083496093750e-01
1.947332769632339478e-01
1.717408746480941772e-01
1.767124831676483154e-01
1.530207395553588867e-01
2.385591119527816772e-01
1.736704260110855103e-01
1.798896044492721558e-01
1.647711843252182007e-01
1.514980047941207886e-01
1.501566022634506226e-01
1.398400515317916870e-01
1.449487805366516113e-01
1.337921172380447388e-01
1.685995608568191528e-01
1.855804920196533203e-01
1.730848699808120728e-01
1.500994861125946045e-01
1.378508359193801880e-01
1.466397047042846680e-01
1.444060206413269043e-01
1.391200125217437744e-01
1.602471470832824707e-01
1.471936851739883423e-01
1.405212730169296265e-01
1.496267616748809814e-01
1.370521187782287598e-01
1.550868600606918335e-01
2.249822169542312622e-01
1.597787290811538696e-01
1.688105762004852295e-01
1.680945307016372681e-01
1.718391329050064087e-01
1.436116397380828857e-01
1.642146259546279907e-01
1.597681492567062378e-01
1.387475579977035522e-01
1.380997300148010254e-01
1.422445029020309448e-01
1.309898793697357178e-01
1.363965272903442383e-01
1.410244554281234741e-01
1.659158617258071899e-01
1.817439794540405273e-01
1.672417372465133667e-01
1.428993791341781616e-01
1.439597159624099731e-01
1.411890983581542969e-01
1.570235937833786011e-01
1.559224128723144531e-01
1.518537998199462891e-01
1.611594408750534058e-01
1.499396711587905884e-01
1.390952318906784058e-01
1.293115615844726562e-01
1.360601335763931274e-01
1.302299350500106812e-01
1.331162452697753906e-01
1.536605358123779297e-01
1.412032693624496460e-01
1.554608047008514404e-01
1.483997255563735962e-01
1.585338413715362549e-01
1.573232859373092651e-01
1.556393057107925415e-01
1.515834331512451172e-01
1.262284219264984131e-01
1.231272667646408081e-01
1.546455472707748413e-01
1.481605917215347290e-01
1.380167007446289062e-01
1.287918090820312500e-01
1.343415379524230957e-01
1.337899267673492432e-01
1.383489966392517090e-01
1.383390724658966064e-01
1.581911891698837280e-01
1.404402852058410645e-01
1.356892883777618408e-01
1.372791081666946411e-01
1.329478025436401367e-01
1.505512595176696777e-01
1.448052972555160522e-01
1.641935557126998901e-01
1.433272510766983032e-01
1.336795091629028320e-01
1.642204970121383667e-01
1.780324131250381470e-01
1.555647104978561401e-01
1.380067616701126099e-01
1.385244280099868774e-01
1.197336912155151367e-01
1.307805031538009644e-01
1.351613402366638184e-01
1.275716572999954224e-01
1.344466209411621094e-01
1.352510452270507812e-01
1.351824551820755005e-01
1.502302438020706177e-01
1.446372121572494507e-01
1.381527930498123169e-01
1.404827684164047241e-01
1.308217644691467285e-01
1.243763342499732971e-01
1.332326084375381470e-01
1.246206536889076233e-01
1.221671104431152344e-01
1.195109337568283081e-01
1.239789947867393494e-01
1.194014325737953186e-01
1.261676400899887085e-01
1.276834905147552490e-01
1.241998374462127686e-01
1.237347200512886047e-01
1.220493763685226440e-01
1.192708164453506470e-01
1.255086660385131836e-01
1.220610812306404114e-01
1.279314011335372925e-01
1.215865463018417358e-01
1.276126205921173096e-01
1.336923539638519287e-01
1.330572515726089478e-01
1.272882968187332153e-01
1.273431777954101562e-01
1.296328753232955933e-01
1.234403401613235474e-01
1.284987181425094604e-01
1.237414106726646423e-01
1.273441314697265625e-01
1.279276907444000244e-01
1.487914621829986572e-01
1.504734009504318237e-01
1.592586040496826172e-01
1.437636762857437134e-01
1.360661834478378296e-01
1.366944909095764160e-01
1.435918956995010376e-01
1.338030844926834106e-01
1.320090293884277344e-01
1.250670850276947021e-01
1.237748786807060242e-01
1.331583112478256226e-01
1.342891156673431396e-01
1.230954453349113464e-01
1.293778270483016968e-01
1.324750185012817383e-01
1.265816390514373779e-01
1.431414186954498291e-01
1.372722536325454712e-01
1.244039684534072876e-01
1.213866695761680603e-01
1.400981694459915161e-01
1.380064040422439575e-01
1.270001530647277832e-01
1.271634697914123535e-01
1.373401284217834473e-01
1.232143938541412354e-01
1.200899481773376465e-01
1.273743808269500732e-01
1.358250230550765991e-01
1.294022798538208008e-01
1.280344873666763306e-01
1.283006370067596436e-01
1.249343678355216980e-01
1.271647065877914429e-01
1.363500803709030151e-01
1.228932142257690430e-01
1.239296495914459229e-01
1.331294625997543335e-01
1.336255967617034912e-01
1.484009921550750732e-01
1.497440934181213379e-01
1.389614492654800415e-01
1.424031853675842285e-01
1.505944281816482544e-01
1.439824700355529785e-01
1.395518779754638672e-01
1.422771215438842773e-01
1.277793496847152710e-01
1.207290515303611755e-01
1.287967711687088013e-01
1.336006075143814087e-01
1.438233554363250732e-01
1.323608905076980591e-01
1.462392210960388184e-01
1.617119759321212769e-01
1.295353919267654419e-01
1.318680495023727417e-01
1.346836090087890625e-01
1.382011026144027710e-01
1.420873850584030151e-01
1.239056065678596497e-01
1.309767663478851318e-01
1.456921249628067017e-01
1.318787038326263428e-01
1.418416798114776611e-01
1.362620443105697632e-01
1.332118809223175049e-01
1.239247098565101624e-01
1.246350258588790894e-01
1.227329671382904053e-01
1.284003853797912598e-01
1.258691698312759399e-01
1.260071098804473877e-01
1.274471580982208252e-01
1.274015009403228760e-01
1.220313608646392822e-01
1.217195987701416016e-01
1.200624629855155945e-01
1.234554350376129150e-01
1.214748769998550415e-01
1.228804588317871094e-01
1.266050189733505249e-01
1.214496195316314697e-01
1.231157183647155762e-01
1.238267868757247925e-01
1.285565793514251709e-01
1.252723038196563721e-01
1.238626241683959961e-01
1.244941428303718567e-01
1.331720352172851562e-01
1.278626024723052979e-01
1.189305856823921204e-01
1.239263117313385010e-01
1.228847354650497437e-01
1.270962953567504883e-01
1.242315545678138733e-01
1.322087496519088745e-01
1.275457739830017090e-01
1.291454881429672241e-01
1.282327175140380859e-01
1.315114647150039673e-01
1.384542435407638550e-01
1.299695372581481934e-01
1.295713633298873901e-01
1.252254843711853027e-01
1.273177564144134521e-01
1.245815977454185486e-01
1.237924322485923767e-01
1.232255846261978149e-01
1.285309344530105591e-01
1.343328207731246948e-01
1.295778453350067139e-01
1.258575916290283203e-01
1.269200146198272705e-01
1.227243989706039429e-01
1.254144608974456787e-01
1.209159791469573975e-01
1.232162192463874817e-01
1.300615072250366211e-01
1.253062337636947632e-01
1.281776428222656250e-01
1.267914772033691406e-01
1.268157809972763062e-01
1.272122114896774292e-01
1.283181160688400269e-01
1.275922954082489014e-01
1.357132494449615479e-01
1.264573484659194946e-01
1.237615644931793213e-01
1.258420199155807495e-01
1.203996837139129639e-01
1.245238631963729858e-01
1.230746880173683167e-01
1.231187731027603149e-01
1.299573481082916260e-01
1.231475397944450378e-01
1.312958449125289917e-01
1.243189126253128052e-01
1.236536353826522827e-01
1.246888339519500732e-01
1.226639151573181152e-01
1.317104697227478027e-01
1.361831128597259521e-01
1.319513618946075439e-01
1.300000101327896118e-01
1.270316541194915771e-01
1.275476217269897461e-01
1.277205497026443481e-01
1.383733302354812622e-01
1.444928199052810669e-01
1.364495903253555298e-01
1.261910200119018555e-01
1.278943419456481934e-01
1.231810674071311951e-01
1.286453753709793091e-01
1.314042955636978149e-01
1.246827468276023865e-01
1.289958953857421875e-01
1.249815896153450012e-01
1.254949420690536499e-01
1.262341588735580444e-01
1.250613778829574585e-01
1.343420594930648804e-01
1.290028393268585205e-01
1.277620792388916016e-01
1.259952336549758911e-01
1.230658888816833496e-01
1.256753206253051758e-01
1.251139193773269653e-01
1.249706074595451355e-01
1.232248842716217041e-01
1.244862303137779236e-01
1.241602078080177307e-01
1.257974952459335327e-01
1.253931373357772827e-01
1.238335072994232178e-01
1.264338791370391846e-01
1.268169879913330078e-01
1.264451444149017334e-01
1.237352713942527771e-01
1.238976642489433289e-01
1.241645216941833496e-01
1.245825514197349548e-01
1.261485219001770020e-01
1.265007853507995605e-01
1.262968480587005615e-01
1.261579245328903198e-01
1.234711557626724243e-01
1.258616298437118530e-01
1.237834319472312927e-01
1.245370954275131226e-01
1.234936863183975220e-01
1.227554380893707275e-01
1.286322623491287231e-01
1.242641434073448181e-01
1.252088695764541626e-01
1.240692883729934692e-01
1.249375864863395691e-01
1.243647560477256775e-01
1.246004998683929443e-01
1.265010237693786621e-01
1.238417103886604309e-01
1.271945983171463013e-01
1.228579133749008179e-01
1.238364875316619873e-01
1.249908804893493652e-01
1.256668567657470703e-01
1.251042187213897705e-01
1.248738914728164673e-01
1.235508695244789124e-01
1.235515400767326355e-01
1.234078034758567810e-01
1.264062672853469849e-01
1.246016547083854675e-01
1.230265200138092041e-01
1.266941726207733154e-01
1.261496841907501221e-01
1.328797638416290283e-01
1.238376423716545105e-01
1.230503991246223450e-01
1.244335323572158813e-01
1.267654597759246826e-01
1.246791034936904907e-01
1.256206929683685303e-01
1.254285573959350586e-01
1.279989331960678101e-01
1.265095621347427368e-01
1.244396492838859558e-01
1.248605474829673767e-01
1.268734335899353027e-01
1.260904520750045776e-01
1.248077154159545898e-01
1.276073306798934937e-01
1.237884685397148132e-01
1.242151260375976562e-01
1.241016909480094910e-01
1.229427903890609741e-01
1.265764385461807251e-01
1.276209950447082520e-01
1.279786527156829834e-01
1.270569562911987305e-01
1.260460317134857178e-01
1.243445947766304016e-01
1.246531680226325989e-01
1.270380914211273193e-01
1.234702244400978088e-01
1.271502673625946045e-01
1.237373575568199158e-01
1.288173794746398926e-01
1.281654387712478638e-01
1.343076974153518677e-01
1.295087337493896484e-01
1.303197592496871948e-01
1.281454265117645264e-01
1.288634240627288818e-01
1.297528594732284546e-01
1.289887577295303345e-01
1.288220286369323730e-01
1.278415024280548096e-01
1.272216737270355225e-01
1.253523677587509155e-01
1.298047751188278198e-01
1.300490200519561768e-01
1.342703998088836670e-01
1.297628432512283325e-01
1.233271658420562744e-01
1.254740506410598755e-01
1.288263499736785889e-01
1.246623396873474121e-01
1.266360133886337280e-01
1.250961422920227051e-01
1.246704086661338806e-01
1.237859129905700684e-01
1.242137774825096130e-01
1.240051165223121643e-01
1.246962696313858032e-01
1.255699098110198975e-01
1.250605434179306030e-01
1.247710213065147400e-01
1.246848329901695251e-01
1.242782026529312134e-01
1.246611475944519043e-01
1.251699775457382202e-01
1.242045462131500244e-01
1.241869628429412842e-01
1.242191419005393982e-01
1.252421885728836060e-01
1.256470680236816406e-01
1.256968975067138672e-01
1.248391121625900269e-01
1.244543269276618958e-01
1.249938532710075378e-01
1.258081346750259399e-01
1.258938163518905640e-01
1.259264498949050903e-01
1.249481067061424255e-01
1.246220842003822327e-01
1.246191263198852539e-01
1.248527094721794128e-01
1.249191835522651672e-01
1.284265816211700439e-01
1.257222294807434082e-01
1.257776767015457153e-01
1.300867944955825806e-01
1.251563876867294312e-01
1.266037076711654663e-01
1.245931386947631836e-01
1.256903856992721558e-01
1.255851686000823975e-01
1.245264187455177307e-01
1.271747648715972900e-01
1.250093430280685425e-01
1.252455264329910278e-01
1.250379383563995361e-01
1.253565996885299683e-01
1.249404326081275940e-01
1.271893084049224854e-01
1.258093863725662231e-01
1.246157214045524597e-01
1.251350045204162598e-01
1.255514472723007202e-01
1.253856271505355835e-01
1.247456446290016174e-01
1.247277259826660156e-01
1.263290792703628540e-01
1.246678456664085388e-01
1.259976029396057129e-01
1.249138787388801575e-01
1.247470229864120483e-01
1.258215308189392090e-01
1.254957169294357300e-01
1.252311319112777710e-01
1.248814687132835388e-01
1.245891153812408447e-01
1.262585073709487915e-01
1.246138960123062134e-01
1.264997869729995728e-01
1.252351701259613037e-01
1.252322047948837280e-01
1.253490149974822998e-01
1.258699446916580200e-01
1.263073831796646118e-01
1.249126195907592773e-01
1.255480945110321045e-01
1.268959194421768188e-01
1.250203698873519897e-01
1.256430149078369141e-01
1.265030652284622192e-01
1.247826367616653442e-01
1.272665411233901978e-01
1.250897496938705444e-01
1.276555806398391724e-01
1.250210106372833252e-01
1.255486458539962769e-01
1.272741258144378662e-01
1.258088052272796631e-01
1.271234452724456787e-01
1.267226636409759521e-01
1.271096765995025635e-01
1.254423409700393677e-01
1.263038665056228638e-01
1.259627789258956909e-01
1.252305060625076294e-01
1.250858604907989502e-01
1.247978359460830688e-01
1.254933178424835205e-01
1.258434504270553589e-01
1.247021481394767761e-01
1.255630552768707275e-01
1.255031526088714600e-01
1.252676993608474731e-01
1.251248121261596680e-01
1.259245723485946655e-01
1.251400113105773926e-01
1.250674426555633545e-01
1.253781318664550781e-01
1.260184049606323242e-01
1.247467622160911560e-01
1.258055120706558228e-01
1.252119541168212891e-01
1.253981441259384155e-01
1.254139840602874756e-01
1.256490498781204224e-01
1.253690123558044434e-01
1.254925578832626343e-01
1.253692954778671265e-01
1.253888159990310669e-01
1.252735257148742676e-01
1.256447434425354004e-01
1.251056492328643799e-01
1.260369867086410522e-01
1.253949403762817383e-01
1.256258338689804077e-01
1.253089755773544312e-01
1.261782497167587280e-01
1.253442168235778809e-01
1.257792264223098755e-01
1.252925097942352295e-01
1.256024241447448730e-01
1.252983510494232178e-01
1.258085370063781738e-01
1.250046640634536743e-01
1.261288821697235107e-01
1.253583580255508423e-01
1.258273720741271973e-01
1.249900013208389282e-01
1.257449239492416382e-01
1.257147938013076782e-01
1.253680586814880371e-01
1.255932003259658813e-01
1.253186911344528198e-01
1.255144774913787842e-01
1.257479190826416016e-01
1.257776170969009399e-01
1.256834566593170166e-01
1.253937929868698120e-01
1.252007037401199341e-01
1.252577155828475952e-01
1.262407302856445312e-01
1.261962801218032837e-01
1.253507435321807861e-01
1.248404011130332947e-01
1.261239796876907349e-01
1.262227147817611694e-01
1.254572123289108276e-01
1.249975934624671936e-01
1.259899735450744629e-01
1.258514225482940674e-01
1.256815791130065918e-01
1.255560964345932007e-01
1.257183849811553955e-01
1.253174692392349243e-01
1.255106329917907715e-01
1.259178966283798218e-01
1.258540451526641846e-01
1.259593367576599121e-01
1.256398111581802368e-01
1.252962946891784668e-01
1.258979886770248413e-01
1.259416937828063965e-01
1.255758106708526611e-01
1.254444569349288940e-01
1.260553002357482910e-01
1.259656846523284912e-01
1.258352249860763550e-01
1.249591708183288574e-01
1.261388808488845825e-01
1.260163486003875732e-01
1.253423988819122314e-01
1.255067288875579834e-01
1.263188570737838745e-01
1.259629130363464355e-01
1.256224215030670166e-01
1.255480498075485229e-01
1.265373528003692627e-01
1.255693584680557251e-01
1.261158883571624756e-01
1.255902796983718872e-01
1.263515204191207886e-01
1.255416721105575562e-01
1.261553317308425903e-01
1.264858096837997437e-01
1.253836452960968018e-01
1.252462714910507202e-01
1.260285526514053345e-01
1.257153153419494629e-01
1.257748752832412720e-01
1.257790178060531616e-01
1.256960630416870117e-01
1.260272562503814697e-01
1.256237775087356567e-01
1.258316338062286377e-01
1.257556527853012085e-01
1.258704364299774170e-01
1.257017552852630615e-01
1.259361952543258667e-01
1.257240623235702515e-01
1.260250210762023926e-01
1.256724298000335693e-01
1.259952932596206665e-01
1.256987601518630981e-01
1.259329617023468018e-01
1.258857250213623047e-01
1.258272081613540649e-01
1.259407550096511841e-01
1.255835741758346558e-01
1.262606084346771240e-01
1.254973709583282471e-01
1.261554658412933350e-01
1.257216632366180420e-01
1.258655339479446411e-01
1.259063184261322021e-01
1.258800178766250610e-01
1.257800608873367310e-01
1.257389336824417114e-01
1.259292960166931152e-01
1.257592290639877319e-01
1.260120123624801636e-01
1.257842481136322021e-01
1.257897466421127319e-01
1.260340809822082520e-01
1.257056593894958496e-01
1.260829716920852661e-01
1.255658268928527832e-01
1.261371523141860962e-01
1.257755309343338013e-01
1.259497553110122681e-01
1.260502338409423828e-01
1.256138384342193604e-01
1.262441724538803101e-01
1.256776899099349976e-01
1.259390413761138916e-01
1.259689033031463623e-01
1.257157027721405029e-01
1.261124014854431152e-01
1.256305426359176636e-01
1.260503679513931274e-01
1.259164363145828247e-01
1.257978230714797974e-01
1.260621547698974609e-01
1.258508265018463135e-01
1.261349320411682129e-01
1.257829815149307251e-01
1.259505152702331543e-01
1.259647011756896973e-01
1.258948892354965210e-01
1.259683668613433838e-01
1.257590651512145996e-01
1.258958727121353149e-01
1.259834468364715576e-01
1.259864121675491333e-01
1.259692013263702393e-01
1.259257048368453979e-01
1.260484457015991211e-01
1.258850693702697754e-01
1.259429007768630981e-01
1.259967833757400513e-01
1.259652376174926758e-01
1.260478347539901733e-01
1.258889287710189819e-01
1.260848641395568848e-01
1.258208304643630981e-01
1.261719763278961182e-01
1.259288638830184937e-01
1.260231435298919678e-01
1.261137574911117554e-01
1.259063184261322021e-01
1.261277943849563599e-01
1.259146630764007568e-01
1.261476725339889526e-01
1.260133683681488037e-01
1.264302432537078857e-01
1.258523017168045044e-01
1.260031908750534058e-01
1.262260079383850098e-01
1.261608600616455078e-01
1.260254234075546265e-01
1.264029890298843384e-01
1.257255375385284424e-01
1.262728124856948853e-01
1.260886341333389282e-01
1.261698156595230103e-01
1.261602044105529785e-01
1.262321770191192627e-01
1.260026842355728149e-01
1.261434108018875122e-01
1.260571032762527466e-01
1.260230839252471924e-01
1.261577904224395752e-01
1.260399371385574341e-01
1.260766834020614624e-01
1.260816603899002075e-01
1.260852962732315063e-01
1.261768192052841187e-01
1.260106712579727173e-01
1.261837333440780640e-01
1.260156631469726562e-01
1.261283457279205322e-01
1.260422319173812866e-01
1.261456459760665894e-01
1.260206252336502075e-01
1.261223405599594116e-01
1.260671913623809814e-01
1.261044442653656006e-01
1.260488033294677734e-01
1.261601001024246216e-01
1.260098069906234741e-01
1.261873245239257812e-01
1.260331124067306519e-01
1.260938197374343872e-01
1.261166185140609741e-01
1.260381639003753662e-01
1.262180209159851074e-01
1.260205060243606567e-01
1.262049078941345215e-01
1.260341256856918335e-01
1.261899918317794800e-01
1.260122209787368774e-01
1.262281537055969238e-01
1.260535269975662231e-01
1.262048333883285522e-01
1.260833591222763062e-01
1.261582672595977783e-01
1.260605156421661377e-01
1.261183768510818481e-01
1.261919885873794556e-01
1.260774582624435425e-01
1.261589229106903076e-01
1.260754615068435669e-01
1.261567771434783936e-01
1.260775476694107056e-01
1.261912435293197632e-01
1.260607093572616577e-01
1.262034624814987183e-01
1.261154264211654663e-01
1.261030137538909912e-01
1.261313259601593018e-01
1.262136548757553101e-01
1.260659992694854736e-01
1.261883229017257690e-01
1.261150985956192017e-01
1.261504739522933960e-01
1.261139810085296631e-01
1.261943280696868896e-01
1.261389106512069702e-01
1.261470913887023926e-01
1.262083947658538818e-01
1.261146366596221924e-01
1.261642873287200928e-01
1.261437535285949707e-01
1.261586248874664307e-01
1.261219233274459839e-01
1.262175291776657104e-01
1.261140853166580200e-01
1.262542456388473511e-01
1.261320412158966064e-01
1.261936873197555542e-01
1.261455267667770386e-01
1.261276453733444214e-01
1.263237148523330688e-01
1.261155903339385986e-01
1.262318044900894165e-01
1.262055486440658569e-01
1.262273490428924561e-01
1.261824220418930054e-01
1.262942701578140259e-01
1.260990649461746216e-01
1.262641996145248413e-01
1.260978877544403076e-01
1.262696236371994019e-01
1.261184811592102051e-01
1.262876242399215698e-01
1.261711865663528442e-01
1.262401491403579712e-01
1.261759102344512939e-01
1.262669861316680908e-01
1.261671483516693115e-01
1.262481361627578735e-01
1.262592673301696777e-01
1.262044012546539307e-01
1.262339949607849121e-01
1.262021958827972412e-01
1.262297779321670532e-01
1.261863559484481812e-01
1.263050287961959839e-01
1.262026429176330566e-01
1.261836737394332886e-01
1.262637078762054443e-01
1.262616068124771118e-01
1.262258589267730713e-01
1.262291520833969116e-01
1.262415349483489990e-01
1.262672394514083862e-01
1.261896491050720215e-01
1.262703984975814819e-01
1.262473762035369873e-01
1.262429207563400269e-01
1.262310445308685303e-01
1.262784004211425781e-01
1.262142509222030640e-01
1.262466013431549072e-01
1.263004243373870850e-01
1.262034326791763306e-01
1.262326389551162720e-01
1.263595521450042725e-01
1.261388808488845825e-01
1.263080835342407227e-01
1.262643635272979736e-01
1.262333691120147705e-01
1.262598633766174316e-01
1.262543648481369019e-01
1.261799335479736328e-01
1.263062059879302979e-01
1.262507140636444092e-01
1.262233555316925049e-01
1.263190209865570068e-01
1.261998414993286133e-01
1.262606531381607056e-01
1.263078451156616211e-01
1.261927336454391479e-01
1.262786388397216797e-01
1.263008415699005127e-01
1.262491047382354736e-01
1.262440681457519531e-01
1.263066828250885010e-01
1.262391209602355957e-01
1.262743324041366577e-01
1.262595653533935547e-01
1.262563318014144897e-01
1.263205558061599731e-01
1.262477189302444458e-01
1.262452751398086548e-01
1.263318210840225220e-01
1.262248605489730835e-01
1.262475103139877319e-01
1.263314485549926758e-01
1.262547224760055542e-01
1.262752562761306763e-01
1.263291090726852417e-01
1.261846572160720825e-01
1.263271868228912354e-01
1.262387782335281372e-01
1.262424439191818237e-01
1.263315677642822266e-01
1.262611746788024902e-01
1.263036578893661499e-01
1.262811124324798584e-01
1.263060718774795532e-01
1.263020336627960205e-01
1.262811571359634399e-01
1.262706667184829712e-01
1.263512969017028809e-01
1.262386888265609741e-01
1.263029575347900391e-01
1.262963116168975830e-01
1.262138485908508301e-01
1.263960897922515869e-01
1.262819170951843262e-01
1.262549161911010742e-01
1.263576298952102661e-01
1.262591779232025146e-01
1.263199895620346069e-01
1.263278573751449585e-01
1.262467950582504272e-01
1.263473033905029297e-01
1.262914389371871948e-01
1.263084709644317627e-01
1.263236999511718750e-01
1.262985616922378540e-01
1.263225078582763672e-01
1.263330578804016113e-01
1.262546479701995850e-01
1.263528466224670410e-01
1.262701153755187988e-01
1.262841671705245972e-01
1.263382583856582642e-01
1.262606233358383179e-01
1.263440847396850586e-01
1.262953877449035645e-01
1.263654679059982300e-01
1.263025104999542236e-01
1.263198107481002808e-01
1.262936443090438843e-01
1.263483762741088867e-01
1.263408213853836060e-01
