2.378778427839279286e-01
1.921692952513694708e-01
1.617283239960670416e-01
1.246335826814174708e-01
1.001282669603824615e-01
9.749505892395973761e-02
8.160902634263038358e-02
7.207381762564182837e-02
6.958930119872093478e-02
7.119098268449305933e-02
6.746743805706501007e-02
6.247304715216159959e-02
5.870096869766712466e-02
5.813838951289653639e-02
5.537952706217765669e-02
5.654773861169815063e-02
5.385514460504055301e-02
5.373281873762607297e-02
5.243474617600440979e-02
5.446124337613582334e-02
5.594575554132461687e-02
5.429534632712602893e-02
5.121634155511856079e-02
5.138561092317104478e-02
4.850510247051716128e-02
4.802509695291519443e-02
4.859200045466423312e-02
4.888357780873775482e-02
5.565807297825813016e-02
5.403602570295333585e-02
5.063750632107257704e-02
5.346933268010616025e-02
4.921081699430942397e-02
4.535968564450740953e-02
4.577587656676769534e-02
4.436971470713615279e-02
4.930864460766315460e-02
5.204029902815818925e-02
4.954828396439552030e-02
4.790518563240766386e-02
4.581865705549716811e-02
4.852020218968391280e-02
4.118619263172149797e-02
5.182655341923236847e-02
4.274976439774036407e-02
5.113972313702106615e-02
4.910405948758125166e-02
5.079458951950073520e-02
4.614209942519664764e-02
4.163757637143135348e-02
3.757072780281305036e-02
3.722055815160274506e-02
4.856968484818935394e-02
5.262600630521774292e-02
4.289386272430419783e-02
5.306231938302517076e-02
4.957551099359989305e-02
5.703831575810909549e-02
5.828350931406021257e-02
5.589825473725795746e-02
5.084956884384154996e-02
5.001044683158397536e-02
4.907253161072731157e-02
6.209432743489742140e-02
5.846785530447960039e-02
6.071228273212909976e-02
5.903831608593464175e-02
5.549192987382411957e-02
5.574432238936424117e-02
5.220004394650459151e-02
4.253565948456525941e-02
5.106205940246581754e-02
4.833646267652511735e-02
5.264992415904998918e-02
5.537143126130104204e-02
5.200426205992698947e-02
4.933782052248716216e-02
4.875633306801319122e-02
5.406607575714587888e-02
5.454562176018953185e-02
5.104927904903888702e-02
4.591433815658092776e-02
5.390745326876640597e-02
5.116387270390987396e-02
4.834378995001316348e-02
4.713221415877342363e-02
4.756048694252967834e-02
4.649092666804790358e-02
4.730322938412427625e-02
4.745102971792221347e-02
5.241994764655828754e-02
6.634382829070091525e-02
6.418515481054783145e-02
5.735610276460647444e-02
5.424460992217063765e-02
5.061095394194126129e-02
4.567182678729295869e-02
5.089780353009700636e-02
4.974667876958847185e-02
4.844079278409481326e-02
4.815056920051574707e-02
4.866656381636857986e-02
4.184214361011982103e-02
4.557531718164682666e-02
4.018360022455454150e-02
4.043814949691295485e-02
3.723092731088399610e-02
3.513425290584563931e-02
3.425687942653894702e-02
3.196427803486585895e-02
3.764539305120706558e-02
3.505820799618959704e-02
3.883137367665767670e-02
4.861390814185142378e-02
3.821430169045925140e-02
3.897851277142762999e-02
3.516916222870349745e-02
3.541637398302555084e-02
3.534735813736915311e-02
4.133586697280407229e-02
4.149948619306087494e-02
3.714107703417539319e-02
3.768344409763813019e-02
3.382231090217828473e-02
4.558406062424182753e-02
4.835033640265464644e-02
4.250200446695089063e-02
4.022234268486499925e-02
3.694340381771325788e-02
3.485263530164957324e-02
3.103140490129590104e-02
3.753834702074528018e-02
3.224483095109462877e-02
3.561737313866615573e-02
3.749307990074157715e-02
3.679636344313621382e-02
3.559270910918712477e-02
3.569234423339366635e-02
3.550730068236589154e-02
3.073157910257577966e-02
3.247961569577455243e-02
3.105885386466979842e-02
3.148987796157598495e-02
3.234901688992977004e-02
3.384031355381011963e-02
3.223666884005069871e-02
4.313535504043101987e-02
3.800082132220268527e-02
4.178935196250677109e-02
3.968463242053985734e-02
4.917535930871963501e-02
5.077106431126594821e-02
4.818492829799651822e-02
4.542340766638517519e-02
4.272644966840744019e-02
4.277625661343335828e-02
3.881428241729736189e-02
3.637611828744411607e-02
3.443238493055104932e-02
3.315530708059668402e-02
3.121281601488590240e-02
3.622972667217254361e-02
3.395443540066480498e-02
3.081537410616874695e-02
3.267347738146782199e-02
3.171856720000505725e-02
3.828748594969511032e-02
6.139764785766601424e-02
4.491258133202791214e-02
5.012135263532400270e-02
4.440710619091987887e-02
4.730955213308334073e-02
4.685251042246818542e-02
4.656212702393532077e-02
4.305108562111854831e-02
3.899448625743388852e-02
3.524463213980198045e-02
3.335753083229064941e-02
3.025841154158115387e-02
3.132282923907041272e-02
2.796541918069124152e-02
3.056576047092676024e-02
3.922603027895092687e-02
3.560465592890978137e-02
3.318295776844024797e-02
5.300934389233589311e-02
5.215094611048698425e-02
4.489846192300319533e-02
4.169225636869668822e-02
3.735436052083969394e-02
3.223032969981431961e-02
3.156184200197457990e-02
3.434458673000335971e-02
3.169284276664256772e-02
2.817342355847358634e-02
2.736220452934503417e-02
2.418394004926085333e-02
2.604943644255399565e-02
2.672656234353780816e-02
2.888155207037925581e-02
2.905575176700949530e-02
2.499636877328157564e-02
2.266465462744236131e-02
2.359333597123623033e-02
2.260834500193596025e-02
2.055238336324691911e-02
2.224756749346852233e-02
1.927335094660520554e-02
1.894603823311626772e-02
1.699341256171464989e-02
1.672581322491168906e-02
1.599883269518613885e-02
1.479919012635946308e-02
1.471787123009562527e-02
1.390999658033251728e-02
1.405888572335243190e-02
1.392548130825161865e-02
1.306600924581289257e-02
1.285660634748637607e-02
1.262064957991242478e-02
1.261106068268418381e-02
1.133484886959195206e-02
1.197358677163720166e-02
1.393467020243406226e-02
1.443745819851756026e-02
1.560307806357741356e-02
1.312529621645808220e-02
2.446829564869403700e-02
2.164185605943202972e-02
1.705471612513065338e-02
1.599226519465446472e-02
1.639406443573534350e-02
1.856776848435402055e-02
2.421381762251257827e-02
2.152607245370745728e-02
1.695492994040250639e-02
1.612909771502018044e-02
1.500575710088014603e-02
1.331168008036911522e-02
1.242418587207794189e-02
1.243001199327409267e-02
1.257707024924457039e-02
1.324748983606696164e-02
1.267615719698369538e-02
1.269427509978413547e-02
1.160579323768615688e-02
1.181537508964538609e-02
2.040438326075673034e-02
1.627387264743447234e-02
1.407950539141893456e-02
1.272811852395534446e-02
1.206829189322888851e-02
1.235316721722483704e-02
1.191485729068517650e-02
1.090427879244089057e-02
1.910397922620177269e-02
1.494108578190207412e-02
1.430592536926269566e-02
1.464995071291923592e-02
1.359767895191907848e-02
1.297485092654824222e-02
1.197396442294120823e-02
1.261993693187832798e-02
1.414599129930138588e-02
1.066882326267659664e-02
1.034122374840080669e-02
1.081921467557549546e-02
1.021048424299806322e-02
9.571936633437871239e-03
1.018721289001405308e-02
9.049407928250730385e-03
1.055946080014109542e-02
8.689239108934997818e-03
8.074729260988533844e-03
8.069067075848580101e-03
7.500264886766671787e-03
9.446405759081243775e-03
1.043727677315473522e-02
9.048687014728783867e-03
1.113073932938277687e-02
9.565544687211513866e-03
9.349449258297681115e-03
8.793129283003509739e-03
9.102357504889368317e-03
8.715494675561786045e-03
8.342225523665546677e-03
8.557619806379080513e-03
7.993834931403398861e-03
7.635525707155465906e-03
6.984029198065400124e-03
7.768522994592785662e-03
6.714443210512399673e-03
7.520085666328668594e-03
6.975205079652368849e-03
7.020735600963235075e-03
6.839882954955101360e-03
7.526095490902662277e-03
7.002355228178202932e-03
6.561669707298278982e-03
6.264427979476750070e-03
6.096612761029973800e-03
5.604896612931042563e-03
6.925869220867753202e-03
6.202103896066546093e-03
5.773878796026110996e-03
5.642363848164677446e-03
5.858167866244911801e-03
7.464136998169124300e-03
6.565934838727116238e-03
6.629514857195317745e-03
6.104907952249050140e-03
6.177274626679718494e-03
6.141972169280052532e-03
5.704608815722167665e-03
9.532249346375466087e-03
8.519412111490964543e-03
5.715923709794878613e-03
5.480838171206414526e-03
4.837112186942249190e-03
5.000959709286689411e-03
4.566342430189251553e-03
4.680189525242894714e-03
5.301207210868597378e-03
5.459617753513157194e-03
4.806611547246575009e-03
4.432328860275447369e-03
4.352277854923159058e-03
4.369813669472932989e-03
4.302327823825180704e-03
4.272585734724998474e-03
4.044828284531831568e-03
4.417460004333406687e-03
3.927435155492276127e-03
3.848691668827086600e-03
3.671406977809965697e-03
3.583282721228897485e-03
3.505196631886065093e-03
3.577506879810244018e-03
3.434094600379467010e-03
3.303642373066395348e-03
3.753255360061302868e-03
4.010471259243785988e-03
3.283335256855935032e-03
3.232248907443135890e-03
3.055901417974382726e-03
3.089748066850006667e-03
3.023131721420213580e-03
2.908867923542857083e-03
2.935245167464017868e-03
2.938105480279773300e-03
2.999420324340462511e-03
2.892156399320811120e-03
2.800124132772907441e-03
2.627877425402402791e-03
2.882382273674011144e-03
3.504057438112795266e-03
3.462016861885785883e-03
4.038896202109754432e-03
3.228777577169239434e-03
2.850166114512830973e-03
2.651990071171894670e-03
2.702037035487592047e-03
2.515846936148591340e-03
2.361110830679536039e-03
2.442377991974353704e-03
2.487899712286889640e-03
2.717714081518351945e-03
2.672731317579746160e-03
2.262861700728535652e-03
2.284652250818908041e-03
2.337191341212019324e-03
2.460928447544574564e-03
2.644238271750509826e-03
3.921724483370780598e-03
3.562063456047326500e-03
2.913278457708656614e-03
2.457157068420201540e-03
2.355607552453875628e-03
2.250047912821173494e-03
2.399437583517283028e-03
2.191065036458894784e-03
2.105430950177833264e-03
2.107225271174684167e-03
2.145598479546606714e-03
2.010205615079030395e-03
2.001070263213478116e-03
3.039095015265047377e-03
2.873025799635797652e-03
2.613760659005493099e-03
2.206334704533219424e-03
2.072823891649022525e-03
2.446492528542876330e-03
2.240275486838072365e-03
3.230911202263086861e-03
2.804554067552089691e-03
2.185564307728782209e-03
1.957103662425652060e-03
2.189069986343383789e-03
2.347451687091961416e-03
2.433394675608724529e-03
2.410539437551051552e-03
2.137088912422768945e-03
2.043962816242128437e-03
1.980440993793308908e-03
1.977916876785457308e-03
1.917118841083720240e-03
1.930399361299350858e-03
1.907081430545076728e-03
1.858341280603781429e-03
1.860253256745636550e-03
1.859728764975443396e-03
1.809622466680593789e-03
1.792601402848959056e-03
1.805414428235962944e-03
1.791116059757769195e-03
1.768609747523441997e-03
1.967986323870718566e-03
2.453133242670446808e-03
2.229446417186409062e-03
1.789286744315177159e-03
1.757273677503690037e-03
1.756299083353951573e-03
1.653837919002398935e-03
1.634922972880303903e-03
1.615698088426142974e-03
1.605674109305255028e-03
1.617700315546244426e-03
1.599556309520266863e-03
1.597873220453038725e-03
1.578839670401066542e-03
1.559231492865364955e-03
1.548871590057387991e-03
1.551394921261817260e-03
1.612094853771850423e-03
1.570954069029539737e-03
1.529515389120206280e-03
1.525984861655160828e-03
1.497587063931860116e-03
1.687374082393944263e-03
2.630258700810372743e-03
2.309172821696847677e-03
2.666898851748555812e-03
1.718508655903860840e-03
1.652944856323301705e-03
1.609361241571605292e-03
1.549912834889255464e-03
1.512077084043994546e-03
1.606850733514875087e-03
1.548272819491103292e-03
1.482678361935541077e-03
1.502812141552567482e-03
1.459717794205062091e-03
1.543142326408997221e-03
1.882584195118397431e-03
1.929550064960494594e-03
1.516366616124287334e-03
1.515993848443031311e-03
1.683120417874306527e-03
1.477437629364430861e-03
1.755723974201828198e-03
1.489566621603444175e-03
1.451928197639063001e-03
1.534661886398680465e-03
1.514333952218294100e-03
1.373717197566293180e-03
1.525429461617022839e-03
1.589932356728240761e-03
2.157717666705138981e-03
2.750066493172198621e-03
1.920045365113764958e-03
1.489190576830878897e-03
1.448724349029362245e-03
1.450413628481328401e-03
1.337000733474269466e-03
1.318773650564253374e-03
1.351863145828247070e-03
1.345243884134106295e-03
1.330068043898791075e-03
1.340774152777157767e-03
1.402226515347138134e-03
1.373899268219247417e-03
1.381561762536875990e-03
1.378556969575583848e-03
1.379602536326274363e-03
1.390849995368626055e-03
1.415526615164708303e-03
1.479197014123201327e-03
1.527196483220905109e-03
1.269525714451447086e-03
1.249106595059856686e-03
1.233168318867683324e-03
1.263144309632480145e-03
1.304783197701908561e-03
1.339140877826139418e-03
1.416095439344644460e-03
1.316139916889369574e-03
1.269952621078118595e-03
1.310767038376070559e-03
1.215878798393532590e-03
1.344364741817116651e-03
1.311369598261080596e-03
1.283728404087014540e-03
1.365105906734242949e-03
1.375427836319431706e-03
1.360477611888199958e-03
1.266107882838696285e-03
1.282520304084755524e-03
1.219464925816282543e-03
1.210092508699744940e-03
1.203008682932704730e-03
1.166758763429243161e-03
1.163513763458468020e-03
1.162549745640717490e-03
1.164666692784521772e-03
1.162986920098774048e-03
1.172702177427709103e-03
1.180037355516105804e-03
1.168793598480988294e-03
1.185037440154701428e-03
1.152446499327197758e-03
1.206239973544143097e-03
1.189891484682448252e-03
1.168355693516787228e-03
1.150746154598891648e-03
1.149885071208700624e-03
1.167611598793882790e-03
1.179879941628314598e-03
1.180532833677716466e-03
1.192048747907392724e-03
1.172219481668435124e-03
1.174070851993746969e-03
1.158727947040461047e-03
1.164318463997915300e-03
1.160531007917597803e-03
1.195984287187457171e-03
1.228811021428555337e-03
1.222319557564333168e-03
1.250729028834030119e-03
1.150021998910233378e-03
1.129028160357847897e-03
1.129291989491321060e-03
1.128615393827203618e-03
1.153798373707104474e-03
1.141854195157065944e-03
1.124758191872388211e-03
1.135386526584625244e-03
1.119809318333864299e-03
1.183043399942107585e-03
1.195263816043734550e-03
1.144014718011021571e-03
1.134085986996069464e-03
1.110990066081285477e-03
1.130310969892889348e-03
1.111249139648862270e-03
1.108907751040533272e-03
1.125558640342205719e-03
1.093659136677160772e-03
1.136794761987403079e-03
1.095906819682568355e-03
1.118480158038437410e-03
1.170090405503287998e-03
1.169015676714479837e-03
1.133467501495033416e-03
1.159748109057545705e-03
1.087367441505193624e-03
1.074199244612827897e-03
1.077258918667212172e-03
1.054870372172445059e-03
1.046024833340197845e-03
1.052254924434237139e-03
1.048725470900535497e-03
1.060821028659120202e-03
1.049009611597284588e-03
1.059209117374848531e-03
1.052059256471693429e-03
1.064037171454401774e-03
1.052865904057398438e-03
1.074085925938561515e-03
1.064721937291324225e-03
1.067972634336911055e-03
1.064761087764054493e-03
1.079992848099209455e-03
1.060106072691269132e-03
1.070957523188553664e-03
1.089808711549267260e-03
1.079641561955213590e-03
1.056429104937706099e-03
1.046916910854633854e-03
1.051148993428796486e-03
1.039036334259435578e-03
1.060610963031649676e-03
1.060836984834168106e-03
1.066703561809845182e-03
1.048544008517637762e-03
1.042044014320708898e-03
1.066635600000154184e-03
1.103807374602183743e-03
1.150266948388889389e-03
1.061892058351077053e-03
1.041783785331062886e-03
1.026065778569318441e-03
1.023279724176973148e-03
1.013947484898380848e-03
1.064856813172809780e-03
1.062915634247474416e-03
1.029497117269784255e-03
1.011904334882274357e-03
1.065700329490937293e-03
1.023350175819359633e-03
1.000917016062885436e-03
1.004139034193940461e-03
1.008691012975759718e-03
1.008643963723443535e-03
1.079312810907140287e-03
1.014164065418299374e-03
1.016821996017824858e-03
1.039361610310152173e-03
9.923983714543282552e-04
9.825016997638158934e-04
9.820516686886548562e-04
9.754650905961171009e-04
9.777463972568511529e-04
9.845472784945740862e-04
9.836009296122938828e-04
9.858118370175360766e-04
9.882050188025459213e-04
9.934074274497105804e-04
1.007099347771145447e-03
9.907811676384882006e-04
9.913101137499324544e-04
9.836507641011848612e-04
1.001357065979391250e-03
1.008658611681312323e-03
9.886551502859219041e-04
9.765604540007188699e-04
9.818643797188998136e-04
9.870202469755896303e-04
9.747205476742237806e-04
9.804684319533406821e-04
9.865741172689012316e-04
9.768658739631064670e-04
9.791104879695923004e-04
9.903830039547755881e-04
9.787234885152429342e-04
9.779349085874855952e-04
9.775938073289581511e-04
9.837243218498771015e-04
9.808429516851902875e-04
9.825442801229655309e-04
9.770986594958229986e-04
9.837237914325669842e-04
9.826495894230901328e-04
1.023412356153130445e-03
1.022749266121536580e-03
9.838501035119406445e-04
9.735259634908288284e-04
1.008070963143836620e-03
1.020824778242967936e-03
1.078625340596772730e-03
9.834999887971206632e-04
9.642651493777520955e-04
9.818243081099354164e-04
9.644967998610809229e-04
9.486166673013940454e-04
9.551323077175766013e-04
9.637175593525171063e-04
9.752554891747422300e-04
9.973245614673942327e-04
9.875345509499310580e-04
9.539406077237799547e-04
9.505720139713957689e-04
9.480031294515356421e-04
9.438385372050106309e-04
9.474657810642384426e-04
9.558303339872509024e-04
9.420014888746663711e-04
9.650462074205279133e-04
9.684482400189153416e-04
9.514230943750590520e-04
9.501649910816922784e-04
9.492891054833308079e-04
9.525582776404917023e-04
9.516142890788614750e-04
9.518752369331196384e-04
9.849146474152803855e-04
9.726699034217744632e-04
9.618000214686617689e-04
9.322630299720913389e-04
9.401874878676608639e-04
9.331728302640840628e-04
9.390289138536900499e-04
9.336551709566264911e-04
9.391005267389118238e-04
9.527417729259468832e-04
9.552608709782362418e-04
9.443727612961083651e-04
9.396923007443547683e-04
9.413947991561144590e-04
9.649493120377882881e-04
9.290880232583730979e-04
9.239052538760006645e-04
9.147310454864054485e-04
9.162957576336339116e-04
9.164071147097274444e-04
9.163317750790156641e-04
9.162700051092542274e-04
9.152048995019867583e-04
9.161536203464492939e-04
9.142713352048303932e-04
9.157503693131730394e-04
9.275249351048842506e-04
9.216302831191569133e-04
9.180282475426792665e-04
9.197115927236154459e-04
9.238098340574651740e-04
9.176140069030225060e-04
9.220156789524480700e-04
9.191882185405120037e-04
9.206687158439308188e-04
9.158530127024277611e-04
9.165835872408933938e-04
9.186378818412776603e-04
9.176513733109459715e-04
9.189482836518437104e-04
9.183783316984772465e-04
9.193156409310176535e-04
9.177371946861967011e-04
9.181442059343680523e-04
9.210240692482330122e-04
9.213288984028622074e-04
9.245190216461196325e-04
9.210149743012152829e-04
9.205620488501153453e-04
9.197318286169320345e-04
9.189274685923009677e-04
9.185093134874477766e-04
9.205681621097028039e-04
9.181355140754021921e-04
9.192336525302380540e-04
9.197283652611076832e-04
9.178334672469645955e-04
9.206495262333192365e-04
9.246748697478324609e-04
9.228474962583276941e-04
9.194838698022067330e-04
9.205926326103508472e-04
9.176596766337751909e-04
9.182984242215753035e-04
9.225525805959478238e-04
9.292114118579775095e-04
9.233782140654512183e-04
9.223145214491523369e-04
9.274920113966800706e-04
9.210810268996283846e-04
9.176752500934526324e-04
9.163868438918143294e-04
9.187683870550244613e-04
9.170680888928473429e-04
9.142004957539029853e-04
9.124798903940245726e-04
9.156030049780383489e-04
9.178363980026915669e-04
9.095092042116448500e-04
9.185347589664161205e-04
9.178835491184145646e-04
9.115190361626446681e-04
9.150565587333403311e-04
9.287536755437031605e-04
9.228399969288148420e-04
9.193129619234241979e-04
9.382149233715608933e-04
9.083556535188109116e-04
9.106816491112112782e-04
9.142438124399631999e-04
9.129093086812645197e-04
9.080025105504318855e-04
9.016734096803702197e-04
9.197968174703419209e-04
9.125360695179552274e-04
9.146681783022359230e-04
9.029440785525366881e-04
9.045018989127129750e-04
9.082400472834705873e-04
9.034765796968712969e-04
9.046916180523112633e-04
9.073644323507323861e-04
9.108294529141858003e-04
9.068807034054770849e-04
9.059931777301244655e-04
9.052878449438139796e-04
9.065441001439467506e-04
9.086905891308560534e-04
9.116019515204243579e-04
9.042061683430802077e-04
9.079830007976852791e-04
9.089485654840245409e-04
9.137110930169001655e-04
9.021775404107756913e-04
8.993447103421203575e-04
9.044357255334034128e-04
9.029149892739951827e-04
9.010463894810527346e-04
8.993586990982294516e-04
9.021786943776532574e-04
9.001188969705254056e-04
9.010041161673143289e-04
9.001766273286193176e-04
9.000401652883738713e-04
8.995932992547750039e-04
8.984043292002752206e-04
9.000395308248698928e-04
9.006397915072739558e-04
9.018250566441565752e-04
8.992688453872688115e-04
8.990563626866787238e-04
9.018861426739021702e-04
8.991242997581138990e-04
8.987822191556915207e-04
8.980573795270175175e-04
8.997922355774790265e-04
8.983878695289603932e-04
8.987238499685191052e-04
8.989841269794851108e-04
8.990265094325877292e-04
8.989539346657693386e-04
8.961826628365088037e-04
8.978534635389224128e-04
9.021627061883919158e-04
9.050553810084239082e-04
9.020465484354644580e-04
9.026825544424354596e-04
9.011350484797731042e-04
8.993447074317373769e-04
8.988686429802327914e-04
8.995619646157138050e-04
8.994544623419642448e-04
9.018187163746915324e-04
9.018557524541392706e-04
9.012991678901017146e-04
8.948056129156611860e-04
8.943043547333217724e-04
8.961989238741807856e-04
8.969643648015334769e-04
8.978563171694986089e-04
8.924336667405441620e-04
8.952122545451857583e-04
9.011704416479915814e-04
8.999669866170733950e-04
8.951016323408111496e-04
8.987568959128111818e-04
8.952790376497432590e-04
8.905984985176473422e-04
8.910556462069507688e-04
8.883094029442873069e-04
8.928551658755167885e-04
8.933502205763943927e-04
8.906142029445618391e-04
8.909629032132215798e-04
8.909085270715876980e-04
8.903867361368611672e-04
8.953939046477899172e-04
8.906586066586896560e-04
8.922071283450350165e-04
8.896246436052024364e-04
8.908034855267032764e-04
8.907295210519805767e-04
8.930935946409590542e-04
8.908801304642110846e-04
8.884983544703572989e-04
8.906006609322502992e-04
8.904504997190087817e-04
8.905954193323851065e-04
8.916338876588270502e-04
8.909920703445095786e-04
8.888177602784707925e-04
8.895622129784896536e-04
8.911910030292346857e-04
8.911897690268233635e-04
8.891464094631373882e-04
8.896628700313158116e-04
8.897744031855836294e-04
8.886313444236293435e-04
8.911340322811156294e-04
8.909923024475574060e-04
8.904860966140404560e-04
8.894497324945405559e-04
8.923841160140000284e-04
8.887626230716705105e-04
8.865489464369602935e-04
8.884536116966045959e-04
8.902696907171047790e-04
8.875900210114195509e-04
8.902145244064740403e-04
8.908904674171935767e-04
8.894280705135315874e-04
8.844591269735246680e-04
8.877407570253125890e-04
8.869277953635901213e-04
8.874774270225316069e-04
8.863872440997511365e-04
8.898345753550529263e-04
8.888019714504480145e-04
8.866822900017723441e-04
8.879114335286431231e-04
8.866434334777295156e-04
8.869873738149181442e-04
8.867826807545497580e-04
8.873109283740632670e-04
8.865867741405964331e-04
8.856766187818720503e-04
8.859651396051048799e-04
8.866260279319249527e-04
8.855024323565884991e-04
8.858703979058191614e-04
8.861863549100235321e-04
8.852320053847507076e-04
8.876006584614514871e-04
8.867613534675911503e-04
8.868962460837793039e-04
8.853531820932402990e-04
8.864268515026196621e-04
8.872803591657429934e-04
8.848149707773699923e-04
8.869284094544128017e-04
8.863206159730907963e-04
8.855216918163932426e-04
8.856716623995453553e-04
8.844691677950322411e-04
8.856710905092768154e-04
8.841642935294658162e-04
8.871004916727543094e-04
8.854906816850415929e-04
8.858651257469318590e-04
8.863267721608281136e-04
8.847736957250162742e-04
8.845658623613417582e-04
8.838531517540104904e-04
8.867554424796253443e-04
8.854533632984384461e-04
8.862135611707345085e-04
8.844437150401062830e-04
8.846294105751440363e-04
8.843914169119670770e-04
8.841592352837324142e-04
8.856166983605362692e-04
8.860177593305706544e-04
8.854638566845096431e-04
8.841294154990464015e-04
8.833658939693123102e-04
8.858632791088894010e-04
8.842072769766673229e-04
8.842088762321508987e-04
8.843195450026541731e-04
8.847078541293739839e-04
8.842970943078398921e-04
8.860657246259507226e-04
8.832483756123111086e-04
8.830662554828450084e-04
8.825935830827802853e-04
8.840315611450932486e-04
8.851774386130273125e-04
8.840027032420039611e-04
8.823655633023008271e-04
8.825730619719251990e-04
8.830007107462733550e-04
8.835317479679360769e-04
8.830143575323745825e-04
8.838714391458779140e-04
8.839730900945142345e-04
8.840700582368298931e-04
8.850093756336719231e-04
8.821493654977529807e-04
8.822724310448392792e-04
8.813307475065812035e-04
8.826128294458612366e-04
8.828613877994939902e-04
8.846382319461554072e-04
8.821004128549247546e-04
8.827936952002346082e-04
8.814878354314714237e-04
8.819969967589713850e-04
8.817148991511203349e-04
8.816182787995785041e-04
8.816413785098121004e-04
8.814253764285240106e-04
8.817550260573625565e-04
8.814972796244546337e-04
8.823901036521420316e-04
8.811697873170488016e-04
8.817720387014560618e-04
8.813811029540375309e-04
8.833366460748948374e-04
8.821850467938929363e-04
8.860619724146090665e-04
8.913693236536346376e-04
8.860883550369180956e-04
8.867192969773896255e-04
8.848598081385716796e-04
8.835245607770048082e-04
8.801929740002379038e-04
