4.525612258911133168e+00
3.520716786384582520e+00
2.916440057754516424e+00
2.307870543003082364e+00
1.957096457481384277e+00
2.336803519725799472e+00
1.681271731853485107e+00
1.303276002407073975e+00
1.248889821767807051e+00
1.449902880191803023e+00
1.201125532388687134e+00
1.012092083692550659e+00
9.916560590267181619e-01
1.036711299419402987e+00
1.016681444644927934e+00
1.034296280145645230e+00
9.593760132789611594e-01
1.006100982427597046e+00
9.801275193691253440e-01
9.794977545738220437e-01
9.699653029441833718e-01
9.332229018211364302e-01
9.178493142127990279e-01
9.150336027145385964e-01
9.593218922615051047e-01
8.697876811027527300e-01
9.235109984874725342e-01
1.038473147153854415e+00
1.087327080965042159e+00
1.041898506879806563e+00
1.020107835531234741e+00
9.395744323730468306e-01
9.511736273765564187e-01
8.444139182567595991e-01
9.558863401412963645e-01
1.004760891199111938e+00
1.157721000909805342e+00
1.089411044120788485e+00
9.567231118679047075e-01
9.309033393859863503e-01
9.779075026512146218e-01
9.736954748630524126e-01
8.330173730850219949e-01
1.050589329004287809e+00
8.500782430171966997e-01
1.027809381484985352e+00
1.031378328800201416e+00
1.054996424913406283e+00
9.694703578948974387e-01
8.894782721996307151e-01
8.727445840835571511e-01
8.177646279335022417e-01
1.127993309497833163e+00
1.114733141660690263e+00
9.663084864616393599e-01
1.168959957361221269e+00
9.245041966438293235e-01
1.182866352796554610e+00
1.110279202461242676e+00
1.020084679126739502e+00
9.284556448459625466e-01
9.591480493545532227e-01
1.104067927598953336e+00
1.047793895006179810e+00
1.151447635889053300e+00
1.137347239255905196e+00
1.069698643684387163e+00
1.029540091753005981e+00
1.048575478792190596e+00
9.295250833034515159e-01
9.310375928878784624e-01
1.059709912538528531e+00
9.687510430812835693e-01
1.104173755645752042e+00
1.020038032531738192e+00
9.407215118408203125e-01
8.896443367004394087e-01
9.615802466869354248e-01
9.728464424610138161e-01
1.040274310111999556e+00
9.395566225051880105e-01
9.246167302131652610e-01
1.021921443939209029e+00
9.773247122764587846e-01
9.489499866962433083e-01
9.493728399276732954e-01
9.300450444221496360e-01
9.873032689094543013e-01
1.017644459009170443e+00
9.061379075050354226e-01
1.079934120178222656e+00
1.213118171691894620e+00
1.101736110448837236e+00
9.951515853404998557e-01
9.728224277496337891e-01
9.530398964881896529e-01
8.977458417415619119e-01
1.020641213655471891e+00
9.633442342281341997e-01
1.020591336488723799e+00
9.282020807266235796e-01
9.704905450344085693e-01
9.266310572624206765e-01
8.591170012950897217e-01
7.901221454143524392e-01
7.982050716876983865e-01
8.522374153137206587e-01
7.290902018547058550e-01
7.588220596313476340e-01
7.906604349613189919e-01
9.099244892597198042e-01
7.901687920093536377e-01
8.298071861267090066e-01
1.044692790508270352e+00
8.379731774330139160e-01
9.319808959960937944e-01
7.865187942981719527e-01
7.669390439987182617e-01
8.344356715679168701e-01
1.093111258745193437e+00
1.043763101100921631e+00
7.580378711223602073e-01
7.993567287921905518e-01
7.335073053836822510e-01
9.860838770866393599e-01
1.048798018693923861e+00
8.355934321880340576e-01
8.411118865013123003e-01
8.137495994567871538e-01
7.598205268383025901e-01
6.984098851680755615e-01
8.885509371757507324e-01
8.433602750301361084e-01
8.631630420684814897e-01
9.198302149772643599e-01
8.594440102577209917e-01
8.545020759105682595e-01
8.444682300090790017e-01
8.458669126033783181e-01
7.263474345207214800e-01
7.746417999267578569e-01
6.927432119846343994e-01
8.295327782630920188e-01
8.078060984611511453e-01
8.518872737884521928e-01
7.988572716712951660e-01
1.003231543302536055e+00
8.375336050987243208e-01
9.116534173488617387e-01
8.432811737060547097e-01
1.213971894979476884e+00
1.059411048889160156e+00
1.068211543560028121e+00
1.039194017648696899e+00
9.203802406787872092e-01
8.851346015930176003e-01
8.065344750881194846e-01
7.394077062606811968e-01
7.097967207431793435e-01
7.489405870437622070e-01
7.332320630550384077e-01
8.532586991786956787e-01
8.266423761844634566e-01
7.383202135562896284e-01
8.341559350490570512e-01
8.465800464153290239e-01
1.058961021900177046e+00
1.387101817131042525e+00
9.420768499374390093e-01
1.002578812837600752e+00
1.009727269411087036e+00
1.080059432983398349e+00
1.015109145641326815e+00
9.539189994335174339e-01
8.936229348182678223e-01
8.646480560302733931e-01
8.066995561122893843e-01
7.250310361385345903e-01
7.301096796989441362e-01
7.842682778835297075e-01
7.821351647377013938e-01
1.003017133474350064e+00
1.048455786705017045e+00
8.332125663757323775e-01
8.376528263092041238e-01
1.197181987762451216e+00
1.068914383649826050e+00
8.859045565128326194e-01
8.580561995506286177e-01
8.508051395416259544e-01
7.424799382686615434e-01
6.946710944175720215e-01
9.222841382026671919e-01
8.191762208938598855e-01
7.530207514762878862e-01
6.606421828269958274e-01
6.413627803325653298e-01
8.409335702657699807e-01
7.606322646141052690e-01
7.932456374168396218e-01
8.194148659706115279e-01
6.367569774389266746e-01
5.736716628074646218e-01
6.994514882564544234e-01
7.176422178745269775e-01
6.292994856834411843e-01
7.156133770942687544e-01
6.098465919494628906e-01
5.543934553861618042e-01
5.132413595914840920e-01
4.684107214212417380e-01
5.285860210657119529e-01
5.006759613752365112e-01
5.874887704849243164e-01
5.495541393756866455e-01
5.150281697511672752e-01
5.025018662214278953e-01
5.605762064456939475e-01
4.493241906166076660e-01
4.545426279306411521e-01
5.044643789529800193e-01
4.398523509502411111e-01
5.248167127370834129e-01
6.391057372093200684e-01
6.437554359436035156e-01
6.588391810655593872e-01
5.761500835418701394e-01
8.538578987121582253e-01
7.917810082435607910e-01
5.913811862468719704e-01
6.709768861532211526e-01
7.024206429719924705e-01
8.352434366941452470e-01
8.637420475482940896e-01
6.100101113319397195e-01
5.933790534734726396e-01
5.784012943506240401e-01
5.369406551122665183e-01
4.563942939043045266e-01
4.595951527357101662e-01
4.952900558710098267e-01
5.269259899854660256e-01
6.060053199529648049e-01
5.595091074705124123e-01
4.910388916730880626e-01
4.236184984445571788e-01
5.562787503004074097e-01
8.765475094318390115e-01
7.984904676675796953e-01
5.840523183345794900e-01
5.570892721414566484e-01
5.091469466686249223e-01
5.764925450086593184e-01
5.931738764047622681e-01
5.082322835922241655e-01
8.223710715770721214e-01
6.917504459619522317e-01
6.952549785375594649e-01
6.287241756916046587e-01
5.360731571912765725e-01
6.149254024028778520e-01
4.980912744998932107e-01
5.723746478557586448e-01
4.993286967277527078e-01
3.887654036283493264e-01
4.242558240890502708e-01
4.865811467170715332e-01
4.778273642063141091e-01
5.182496726512908491e-01
5.450475722551345603e-01
4.700108706951141579e-01
4.835400551557541005e-01
4.720226407051086315e-01
4.151779294013976940e-01
3.536363586783409230e-01
3.469439297914505005e-01
5.349355697631835715e-01
5.776471138000488503e-01
4.777193576097488181e-01
6.438342094421386497e-01
5.053442060947418435e-01
5.403403073549271074e-01
4.815769225358962902e-01
5.299395263195038064e-01
4.723887681961059792e-01
4.176309794187545998e-01
4.328837484121322854e-01
4.063126772642135509e-01
4.031568616628646851e-01
3.178325802087783591e-01
4.669163882732391135e-01
3.625767290592193381e-01
4.497829824686050415e-01
4.421070694923400768e-01
3.854467511177063210e-01
4.039489537477493064e-01
5.421498790383338928e-01
4.288916751742363198e-01
3.195470049977302551e-01
3.714142411947250477e-01
3.714001119136810525e-01
3.504328370094299538e-01
4.788173988461494335e-01
3.938798800110817067e-01
3.571009129285812600e-01
3.496672376990318520e-01
4.171895712614059337e-01
5.666224062442779541e-01
3.928496628999710305e-01
3.853738918900490029e-01
3.642274975776672585e-01
4.303678765892982594e-01
4.179185375571251027e-01
3.594109743833541759e-01
5.392809838056564775e-01
5.172828972339630349e-01
3.506172403693199047e-01
2.974702075123786815e-01
2.653165861964225658e-01
2.999109938740730508e-01
2.658789023756981118e-01
3.103408128023147361e-01
4.399083435535430797e-01
3.897912830114364513e-01
3.293366223573684914e-01
2.738767594099044689e-01
2.257309719920158331e-01
2.328649178147315923e-01
2.749293476343154796e-01
2.817904755473136791e-01
2.585953250527381897e-01
3.049801334738731495e-01
2.420683816075324957e-01
2.254538044333457836e-01
2.140486776828765814e-01
1.929802104830741771e-01
2.008512601256370600e-01
2.032032445073127802e-01
1.865145578980445806e-01
1.756493777036666759e-01
2.756846278905868419e-01
3.486780062317847984e-01
2.542230769991874473e-01
2.425489321351051442e-01
2.333552494645118602e-01
2.156898900866508484e-01
1.836278975009918157e-01
1.797353684902191218e-01
2.404892310500144903e-01
2.383899018168449402e-01
2.365645095705986023e-01
2.208684280514717213e-01
2.209695145487785284e-01
2.376943409442901500e-01
3.031348362565040588e-01
4.687565729022026284e-01
4.079345956444740406e-01
3.934838369488716237e-01
3.036777630448341259e-01
2.661055341362953408e-01
2.327411502599716076e-01
2.715276032686233521e-01
2.454868622124194988e-01
2.206617563962936512e-01
2.400403782725334112e-01
2.442190602421760448e-01
2.742205545306205527e-01
2.746875673532486184e-01
1.928908735513687189e-01
2.137540690600872040e-01
2.091067358851432800e-01
2.417829975485801808e-01
2.394651159644126948e-01
3.420212686061859242e-01
3.343615218997001426e-01
3.081812277436256631e-01
2.465047881007194630e-01
1.906769603490829357e-01
1.949224479496479145e-01
2.122682899236679188e-01
1.997358717024326213e-01
1.687465913593769185e-01
1.941224396228790339e-01
1.931789025664329418e-01
1.565539710223674830e-01
1.794560961425304413e-01
3.415748596191406361e-01
3.223170280456543191e-01
2.672198668122291454e-01
2.161545261740684398e-01
1.902536660432815607e-01
2.722168207168579324e-01
2.396899342536926159e-01
4.406816378235817178e-01
3.126874580979347451e-01
2.632901117205619923e-01
1.873144753277301844e-01
2.654711253941058891e-01
3.152495793998241203e-01
3.218802183866500966e-01
1.927807882428169139e-01
1.622876137495040949e-01
1.424704849720001276e-01
1.460949502885341700e-01
1.418483175337314495e-01
1.366499178111553192e-01
1.596030525863170735e-01
1.408975191414356121e-01
1.381637565791606903e-01
1.436130963265895844e-01
1.522047601640224568e-01
1.372146181762218531e-01
1.299975834786891993e-01
1.540940925478935242e-01
1.492672584950923975e-01
1.579094491899013519e-01
2.113791160285472814e-01
2.919095963239669578e-01
2.358252748847007862e-01
2.018539838492870442e-01
1.928664319217205103e-01
1.630494490265846363e-01
1.554171338677406422e-01
1.431428663432598170e-01
1.406855747103691046e-01
1.276914887130260468e-01
1.393120229244232122e-01
1.433395102620124706e-01
1.403537228703498896e-01
1.239966817200183896e-01
1.293055661022663172e-01
1.197187520563602475e-01
1.183407522737979917e-01
1.546341456472873632e-01
1.491914659738540760e-01
1.402024984359741266e-01
1.332702539861202184e-01
1.253657162189483754e-01
1.979619935154914856e-01
2.863680742681026237e-01
2.713796064257621987e-01
3.737184315919875877e-01
2.132390663027763367e-01
1.609921127557754628e-01
1.451038897037505992e-01
1.498186372220516316e-01
1.448688656091690063e-01
2.035265013575554005e-01
1.434990219771861975e-01
1.362423360347747858e-01
1.460514947772026118e-01
1.269688665866851862e-01
1.653406120836734827e-01
2.403697930276393890e-01
2.233386337757110596e-01
1.938465327024459783e-01
1.855456344783306122e-01
2.387356735765933935e-01
1.838496498763561304e-01
2.449254542589187622e-01
1.968200109899043981e-01
1.752713762223720440e-01
1.745942369103431757e-01
1.876590184867382161e-01
1.493719778954982758e-01
1.798438049852847942e-01
2.055784955620765797e-01
2.500086367130279763e-01
3.732057422399520652e-01
2.521531388163566478e-01
2.004173889756202809e-01
1.593603707849979290e-01
1.742424383759498541e-01
1.330578140914440155e-01
1.212071299552917453e-01
1.268967762589454651e-01
1.302015691995620783e-01
1.308763399720191956e-01
1.364416874945163782e-01
1.491689577698707692e-01
1.338094130158424266e-01
1.436506688594818004e-01
1.354576788842677959e-01
1.585314162075519562e-01
1.707343414425849804e-01
1.728732205927371868e-01
1.818122886121273096e-01
2.014210864901542775e-01
1.332956172525882610e-01
1.138538308441638947e-01
1.083530075848102570e-01
1.246536843478679712e-01
1.586131080985069275e-01
1.722315207123756298e-01
1.813854940235614666e-01
1.613645605742931310e-01
1.555543422698974498e-01
1.890907123684883173e-01
1.323970712721347920e-01
1.644919365644454956e-01
1.520295001566410176e-01
1.615229465067386516e-01
1.828235812485217993e-01
1.476529888808727209e-01
1.941542044281959478e-01
1.662538520991802271e-01
1.582791887223720662e-01
1.380287684500217382e-01
1.480255834758281708e-01
1.318772420287132319e-01
1.185221008956432315e-01
1.035811305046081543e-01
1.046460606157779694e-01
1.063955463469028473e-01
1.008237250149250086e-01
1.108727477490902003e-01
1.272140301764011494e-01
1.054432939738035174e-01
1.283933490514755360e-01
1.104198299348354284e-01
1.396862693130969946e-01
1.272339209914207514e-01
1.118407309055328425e-01
1.024247877299785670e-01
1.041513994336128179e-01
1.062789522111415863e-01
1.267235733568668477e-01
1.156582243740558597e-01
1.321378253400325720e-01
1.202265933156013433e-01
1.181201815605163602e-01
1.095854319632053320e-01
1.098800994455814417e-01
1.089113302528858240e-01
1.323893956840038189e-01
1.478072427213192042e-01
1.425561025738716070e-01
1.664150029420852772e-01
1.312948554754257147e-01
1.241325333714485141e-01
1.002978101372718756e-01
1.050628840923309298e-01
1.194664336740970667e-01
1.051242895424366053e-01
9.911772385239600580e-02
1.050582677125930786e-01
1.034646637737750979e-01
1.271449618041515239e-01
1.338739641010761316e-01
1.229542322456836645e-01
1.202926613390445654e-01
1.319855317473411505e-01
1.164921186864376068e-01
1.111307188868522616e-01
1.169604919850826263e-01
1.164639465510845240e-01
1.041437923908233587e-01
1.367954425513744354e-01
1.060717366635799408e-01
1.077036052942275945e-01
1.506699830293655451e-01
1.571096368134021759e-01
1.445091545581817516e-01
1.524614676833152827e-01
1.207624614238738958e-01
1.113175183534622220e-01
1.185940913856029510e-01
1.079573348164558355e-01
9.889106303453445990e-02
1.002868592739105252e-01
1.020944304764270782e-01
9.890483096241950434e-02
9.521431587636471072e-02
9.513869434595108310e-02
9.802580326795577725e-02
9.551352299749851782e-02
9.998774081468582431e-02
1.094277299940586146e-01
1.019069053232669886e-01
1.160781107842922266e-01
1.159086585044860895e-01
1.221441857516765567e-01
1.103322014212608365e-01
1.136572383344173487e-01
1.323310539126396068e-01
1.322850652039050945e-01
9.633418321609496515e-02
9.475239217281342108e-02
1.129104793071746826e-01
1.004253260791301700e-01
1.053620681166648893e-01
1.299743689596652985e-01
1.266829289495944866e-01
1.003967791795730563e-01
1.030693940818309812e-01
1.115224771201610565e-01
1.455190941691398565e-01
1.705392576754093115e-01
1.268107436597347148e-01
1.032112978398799924e-01
9.370080679655075351e-02
8.905456326901912967e-02
1.030396841466426905e-01
1.256469808518886622e-01
1.144315980374813052e-01
9.703294634819030484e-02
1.069034889340400724e-01
1.234272800385951968e-01
1.070742741227150019e-01
9.872008636593818109e-02
9.646855220198631564e-02
1.032841823995113428e-01
1.043630637228488978e-01
1.201130554080009488e-01
1.219362482428550665e-01
1.161344490945339231e-01
1.217479705810546875e-01
9.846431538462638300e-02
8.912066407501698095e-02
8.562683612108230868e-02
8.514042720198630732e-02
8.529368974268436432e-02
8.544000573456286829e-02
9.248362928628921231e-02
9.238979257643223364e-02
9.020783677697181979e-02
9.596801400184631903e-02
1.133913826197385788e-01
9.931213334202766696e-02
9.475080743432044705e-02
1.043176714330911609e-01
9.974463060498237055e-02
1.127915263175964383e-01
9.067202731966972351e-02
8.526905328035354337e-02
8.603613637387752533e-02
8.658360242843628207e-02
9.044750779867172241e-02
9.007010608911514282e-02
8.998142145574092310e-02
8.482577614486216944e-02
9.071485213935374936e-02
9.870542176067828577e-02
8.679175376892089844e-02
8.624682053923607428e-02
8.800034821033478338e-02
8.866980448365210932e-02
8.925041444599628171e-02
9.552208110690116327e-02
8.311146721243858893e-02
9.070424586534500677e-02
1.089489594101905878e-01
1.245857775211334229e-01
1.103010118007659857e-01
9.568837210536003390e-02
9.819737151265144071e-02
1.115504078567028101e-01
1.192072480916976929e-01
1.518812872469425257e-01
1.072829820215702029e-01
9.746374711394309442e-02
1.008334614336490603e-01
9.678940773010254184e-02
9.563881754875183661e-02
8.889474868774413507e-02
1.115331321954727145e-01
1.213403999805450495e-01
1.239892013370990781e-01
1.206297233700752286e-01
9.529944285750388544e-02
8.994743153452873508e-02
8.474995270371436795e-02
8.372431769967078607e-02
8.486622199416160583e-02
9.269380494952202121e-02
9.872877709567547122e-02
1.025817435234785135e-01
9.514361843466759283e-02
9.537558555603027621e-02
9.537749290466308871e-02
8.813338875770568293e-02
9.841463379561901648e-02
9.675807952880859097e-02
9.944870248436928073e-02
1.131797507405281067e-01
1.167024858295917511e-01
9.740246087312698364e-02
9.045104458928107660e-02
9.959651976823806485e-02
8.618177622556685846e-02
8.699395209550857266e-02
9.041319638490677435e-02
9.217619188129902441e-02
1.003487184643745422e-01
1.078264392912387792e-01
1.090334758162498502e-01
1.064568616449832889e-01
9.699139781296253759e-02
1.169312082231044742e-01
9.499832578003405970e-02
8.255454376339912970e-02
8.219246119260788241e-02
8.147486969828605929e-02
8.028188049793243131e-02
7.926973439753055850e-02
7.895008400082588473e-02
7.977997958660125455e-02
8.118357956409454068e-02
7.923293150961399633e-02
8.124041371047496796e-02
8.492021858692169745e-02
8.380355611443519870e-02
8.324536718428135473e-02
8.345981687307357788e-02
8.462391272187233526e-02
8.392427489161491394e-02
8.739376328885554990e-02
8.247300945222377222e-02
7.969128191471100409e-02
7.943626567721366605e-02
7.843533717095851898e-02
7.897871509194373529e-02
7.925201579928398132e-02
7.807451859116554260e-02
7.807532399892806729e-02
7.807192653417587003e-02
8.105128072202205658e-02
7.888167724013328552e-02
7.925332188606262762e-02
8.297054432332515161e-02
8.552053198218345642e-02
7.979388721287250519e-02
7.929119281470775604e-02
7.864485569298267087e-02
7.971354685723781863e-02
7.888658083975315372e-02
7.820597849786281586e-02
7.736575454473496039e-02
7.771228626370429993e-02
7.741977721452712735e-02
7.957682311534881869e-02
8.218360021710395535e-02
8.176342733204364221e-02
7.971815280616283139e-02
7.992748469114303866e-02
7.977231554687022608e-02
7.984309792518615168e-02
7.902262136340140741e-02
7.972531579434871674e-02
8.332144580781460086e-02
8.513724133372306546e-02
8.361140042543410700e-02
8.871202096343040744e-02
8.466765731573104581e-02
8.052589707076548975e-02
7.883816026151180267e-02
8.042947836220264157e-02
7.771363481879234314e-02
7.694565504789352417e-02
7.745005264878272733e-02
7.865193486213684082e-02
8.005815446376800260e-02
7.972043342888354700e-02
7.867647483944892328e-02
7.871412560343742093e-02
7.960983514785766046e-02
8.119640201330184659e-02
9.226473197340964716e-02
8.823799379169941504e-02
8.200329877436160486e-02
9.755814559757709781e-02
8.975164815783501226e-02
8.255190625786781866e-02
8.176286518573760986e-02
8.021931201219559271e-02
8.036465719342231195e-02
8.310931473970413486e-02
8.936096765100956518e-02
8.058254607021808624e-02
8.275378495454788208e-02
8.040818125009537021e-02
7.608085311949253082e-02
7.625126317143440802e-02
7.663806714117527008e-02
7.667212858796119967e-02
7.983660101890563410e-02
8.190829008817672452e-02
8.038345612585544309e-02
7.728475555777550299e-02
7.749198526144027155e-02
7.903285436332226077e-02
7.764666303992270868e-02
8.179018273949623108e-02
8.379984386265278140e-02
8.143826723098754328e-02
8.517604842782020014e-02
9.063330069184302729e-02
7.896251939237117212e-02
7.751619555056095401e-02
7.786940373480319422e-02
7.754341065883636752e-02
7.805821672081947327e-02
7.786417156457900446e-02
7.899554930627346316e-02
7.560164518654347021e-02
7.528065443038940707e-02
7.551435157656669062e-02
7.610265165567398071e-02
7.638540640473365229e-02
7.593884654343127649e-02
7.666781246662139615e-02
7.643008902668953219e-02
7.626728862524032038e-02
7.699566856026648920e-02
7.599712610244750699e-02
7.632754556834697723e-02
7.552466541528701782e-02
7.570992410182952881e-02
7.527582310140132349e-02
7.562641948461532038e-02
7.522519789636135379e-02
7.539040111005305966e-02
7.461973726749419888e-02
7.495585121214390356e-02
7.481815591454506198e-02
7.584157139062881747e-02
7.590635232627392093e-02
7.710938379168510992e-02
7.945148795843123835e-02
8.613160513341426572e-02
8.177101090550423224e-02
7.867793031036854345e-02
7.556765265762806216e-02
7.786293029785155972e-02
8.274108953773975927e-02
7.704713530838488977e-02
7.923481874167918881e-02
7.921807393431663791e-02
7.701677978038787287e-02
7.630863524973392764e-02
7.621770240366458615e-02
7.642244026064873297e-02
7.887912318110465448e-02
7.520000599324702661e-02
7.484655231237410944e-02
7.655635774135589877e-02
8.258072249591350000e-02
8.152163140475750247e-02
7.965716570615768988e-02
8.244027756154537201e-02
8.355145081877708713e-02
8.190943151712418158e-02
7.610746473073959351e-02
7.530366927385330478e-02
7.521693482995032987e-02
7.642187774181366522e-02
7.590509876608848849e-02
7.519530765712260922e-02
7.736813873052597601e-02
7.874102219939231595e-02
7.840065136551857550e-02
7.644148878753184717e-02
7.483407296240329742e-02
7.538707517087459009e-02
7.466984428465366086e-02
7.619360238313674372e-02
7.644334696233272275e-02
7.500269673764706213e-02
7.429572716355323236e-02
7.431053183972835541e-02
7.454153671860694330e-02
7.418011352419853766e-02
7.441885098814964017e-02
7.399666272103785913e-02
7.467190250754356107e-02
7.386541552841663361e-02
7.408211156725882929e-02
7.371225841343402585e-02
7.435140758752822876e-02
7.428010478615761081e-02
7.485803924500941675e-02
7.392325960099696558e-02
7.375804223120212277e-02
7.348499447107315063e-02
7.427912652492522916e-02
7.488902062177657526e-02
7.840470597147941589e-02
7.662989944219589233e-02
7.522148825228214264e-02
7.736696265637874048e-02
7.576404735445976812e-02
7.420623414218426028e-02
7.325274646282195490e-02
7.364556118845939914e-02
7.526118941605090817e-02
7.516949437558650970e-02
7.496116794645786563e-02
7.605550959706305902e-02
7.616430297493934076e-02
7.676621787250041684e-02
7.386979721486568173e-02
7.364998869597912112e-02
7.384389005601406375e-02
7.320709787309169492e-02
7.296945452690124789e-02
7.331939376890658777e-02
7.330573536455631256e-02
7.308057993650436679e-02
7.289769276976584833e-02
7.316308021545410434e-02
7.303010746836662015e-02
7.327942550182342529e-02
7.297894246876239499e-02
7.322197444736958105e-02
7.368744686245917719e-02
7.333449982106685083e-02
7.320083118975162506e-02
7.316951192915439883e-02
7.307863086462021429e-02
7.314664795994758884e-02
7.317676842212676724e-02
7.353879734873772223e-02
7.373894974589348394e-02
7.286023609340190610e-02
7.306743934750556391e-02
7.403539456427096765e-02
7.335693426430225927e-02
7.331763692200184146e-02
7.361908480525017340e-02
7.303223833441734036e-02
7.315559014678001126e-02
7.311312444508075159e-02
7.293568328022956293e-02
7.293413653969764432e-02
7.285211943089961451e-02
7.361916042864322107e-02
7.326895669102669040e-02
7.314165346324444372e-02
7.284926287829876501e-02
7.322605028748511991e-02
7.300218567252159119e-02
7.282789275050163824e-02
7.319963686168193262e-02
7.291397862136364538e-02
7.266147360205650607e-02
7.285432815551758090e-02
7.263809964060782831e-02
7.415130473673343936e-02
7.335369363427161893e-02
7.297188974916934967e-02
7.292873859405517301e-02
7.295757569372654516e-02
7.292727306485176364e-02
7.322528026998043060e-02
7.297606766223907471e-02
7.333775982260704041e-02
7.286496013402939120e-02
7.289620190858840665e-02
7.251271456480026800e-02
7.255510799586772919e-02
7.263222113251685541e-02
7.251300141215324957e-02
7.279010191559791287e-02
7.310113087296485346e-02
7.273695915937423984e-02
7.265110909938812811e-02
7.255230993032454889e-02
7.247241549193858545e-02
7.268350236117840368e-02
7.306964024901389798e-02
7.305850647389888763e-02
7.270736433565616608e-02
7.255511991679668149e-02
7.250064387917518061e-02
7.359418645501136780e-02
7.296206876635551175e-02
7.280827164649963934e-02
7.274870797991753180e-02
7.266397960484027863e-02
7.256134115159511289e-02
7.236049324274063110e-02
7.235553786158561984e-02
7.245445996522903442e-02
7.222110815346241552e-02
7.219875007867812555e-02
7.240120396018027982e-02
7.252816706895828802e-02
7.284569293260574618e-02
7.278389185667037686e-02
7.235831841826438626e-02
7.266185842454433996e-02
7.474789954721927643e-02
7.645407766103744229e-02
8.281892873346805017e-02
8.691903389990329742e-02
8.206084482371807376e-02
7.566457279026508886e-02
7.464700825512408933e-02
7.339667230844497403e-02
7.413155771791934967e-02
