5.055564324061076142e+00
3.417129039764404297e+00
2.598307847976684570e+00
2.080999056498209487e+00
2.625975529352823745e+00
1.968547145525614495e+00
1.558835506439208984e+00
1.307922641436259026e+00
2.187505324681600083e+00
1.181350191434224373e+00
1.117528021335601807e+00
1.012306849161783928e+00
9.268812338511148718e-01
1.145646870136260986e+00
1.147104402383168464e+00
8.839095830917358398e-01
9.319847226142883301e-01
9.698811570803324011e-01
1.042574266592661614e+00
9.806421200434366492e-01
8.361759583155313758e-01
9.059089422225952148e-01
8.187231024106343957e-01
9.529275298118591309e-01
9.121731321016947058e-01
9.829899072647094727e-01
8.726273775100708008e-01
1.050972600777943855e+00
9.430418411890665320e-01
1.065141240755717034e+00
8.826401631037393836e-01
8.422626256942749023e-01
9.513393441836038855e-01
7.635118365287780762e-01
1.051286756992340088e+00
8.767874638239542273e-01
1.077034036318461174e+00
1.172926505406697517e+00
8.291873335838317871e-01
9.687978625297546387e-01
9.340769449869791297e-01
8.393332560857137414e-01
9.238008459409078332e-01
7.900505065917968750e-01
8.452424407005310059e-01
1.045305053393046135e+00
1.046660065650939941e+00
8.781328996022542688e-01
1.087694307168324714e+00
8.285303711891174316e-01
7.736352880795797082e-01
7.334175507227579383e-01
1.095730880896250481e+00
9.087894956270853308e-01
8.000579476356506348e-01
9.085910717646280554e-01
9.080459674199422571e-01
1.019746879736582512e+00
1.000936508178710938e+00
1.062332193056742424e+00
8.363410035769144324e-01
9.384043216705322266e-01
1.108834644158681160e+00
8.502986828486124304e-01
1.213820219039916992e+00
1.272842685381571526e+00
1.042180995146433586e+00
9.229834675788879395e-01
9.749701619148254395e-01
8.024981021881103516e-01
8.978686531384786340e-01
1.015885412693023682e+00
1.108508547147114998e+00
8.825524846712747840e-01
8.379187186559041711e-01
7.704001863797506067e-01
9.810116291046142578e-01
8.841679096221923828e-01
1.251429696877797371e+00
9.216900070508321496e-01
7.852050463358560828e-01
8.404660026232401160e-01
9.725702404975891113e-01
9.483552177747091028e-01
8.416742285092672082e-01
9.252181251843770715e-01
9.192435344060262414e-01
1.026908417542775398e+00
8.142191966374715539e-01
8.456789851188659668e-01
1.185944875081380134e+00
1.077082236607869392e+00
1.021370788415272957e+00
8.799501260121663782e-01
8.923798998196920129e-01
7.793789903322855261e-01
9.536864757537841797e-01
8.369926810264587402e-01
9.538285533587137488e-01
8.393696943918863562e-01
9.227614005406697961e-01
8.791111906369527551e-01
8.229332764943441125e-01
7.284903923670450476e-01
7.601257960001627234e-01
8.531551361083984375e-01
7.043834726015726355e-01
7.424815893173217773e-01
7.464252114295959473e-01
6.832196513811746863e-01
1.069153944651285881e+00
6.565095186233520508e-01
1.106560389200846428e+00
7.637660304705301550e-01
1.080724577109019036e+00
9.793576002120971680e-01
7.212687333424886438e-01
8.051972587903341028e-01
8.010553916295369836e-01
1.056580742200215584e+00
7.701488534609476355e-01
7.806661526362100867e-01
6.729429960250854492e-01
6.648736596107482910e-01
1.025715231895446777e+00
7.861805359522501258e-01
7.360458970069885254e-01
8.195995688438415527e-01
7.492658893267313269e-01
7.779339353243509558e-01
9.696751435597738000e-01
6.819928089777628211e-01
9.919635057449340820e-01
7.216151952743530273e-01
6.985376874605814246e-01
7.560358246167501184e-01
8.563565611839294434e-01
9.404922723770141602e-01
6.918621261914571496e-01
6.275535027186075476e-01
6.447234551111856726e-01
7.515658338864644739e-01
6.298763354619344446e-01
1.077358404795328850e+00
7.446584304173787805e-01
9.625336527824401855e-01
6.796366572380065918e-01
9.151748617490133020e-01
8.102179169654846191e-01
8.953059713045755652e-01
1.103133777777353997e+00
1.036817709604899163e+00
1.029175480206807380e+00
8.596224586168924597e-01
1.118833462397257561e+00
8.039736747741699219e-01
6.774198214213053015e-01
6.996379693349202844e-01
6.147454579671224328e-01
7.998894453048706055e-01
7.587331334749857215e-01
8.992588122685750696e-01
6.860271294911702844e-01
6.531622807184854773e-01
9.710339705149332312e-01
7.403002778689066199e-01
1.773933768272399902e+00
1.295064449310302734e+00
9.543274044990539551e-01
1.039403319358825684e+00
8.727931976318359375e-01
1.190484305222829109e+00
1.072962800661722893e+00
8.269012570381164551e-01
8.222296237945556641e-01
8.965935508410135535e-01
6.780705650647481653e-01
7.547841469446817664e-01
9.220741788546243933e-01
7.172135313351949426e-01
8.946941892306009558e-01
6.920536160469055176e-01
1.160317619641621834e+00
7.782110969225565222e-01
9.740892251332601282e-01
1.014174143473307366e+00
8.036518096923828125e-01
7.429386576016744348e-01
8.807523449261983606e-01
7.171179254849752160e-01
6.306222875912984582e-01
5.789485573768615723e-01
9.332840243975321082e-01
7.054066459337869910e-01
6.174397865931192664e-01
6.835169792175292969e-01
6.099995175997415808e-01
9.976474245389302942e-01
7.076488931973775598e-01
1.071904321511586433e+00
5.794434150060018274e-01
5.451129972934722900e-01
7.667506933212280273e-01
5.880729556083679199e-01
5.443491339683532715e-01
5.675339003403981897e-01
6.567703286806741980e-01
5.589260558287302283e-01
4.889660974343617572e-01
4.357986450195312500e-01
4.821244676907857074e-01
4.620765149593353271e-01
6.356762746969858435e-01
6.762766639391580847e-01
4.490561485290527344e-01
5.471142729123433801e-01
5.824052194754282263e-01
5.227864583333333703e-01
5.263666709264119836e-01
4.794115821520487652e-01
3.861874739329020367e-01
5.289795796076456336e-01
6.702201167742410925e-01
6.789404352506002160e-01
7.239278157552083703e-01
4.268686970074971332e-01
8.543625275293985633e-01
1.027800202369689941e+00
4.921234548091888428e-01
5.273262560367584229e-01
5.096279084682464600e-01
1.081967194875081306e+00
1.201829731464385986e+00
6.041535933812459680e-01
5.037030677000681189e-01
6.341077287991842004e-01
4.980790615081787109e-01
5.506282150745391846e-01
4.187925259272257672e-01
6.159740388393402100e-01
6.125823160012563440e-01
6.032525102297464636e-01
5.304586291313171387e-01
5.268260240554809570e-01
5.299091736475626258e-01
6.169294714927673340e-01
6.585102876027425500e-01
7.475974162419637414e-01
7.720410625139871863e-01
4.896982411543528424e-01
4.285471141338348389e-01
6.062857111295064660e-01
5.725974440574645996e-01
5.727980136871337891e-01
5.992390314737955359e-01
7.527397572994232178e-01
7.778014341990152625e-01
6.247919599215189246e-01
5.564369261264801025e-01
4.466791848341624127e-01
5.185858706633249549e-01
5.284360845883687707e-01
5.367974936962127686e-01
5.106866061687469482e-01
3.775968750317891254e-01
4.702131152153015137e-01
4.899063905080159320e-01
4.396942754586537494e-01
4.159656663735707416e-01
3.922258416811625348e-01
5.889435410499572754e-01
5.655069251855214807e-01
3.656439681847890033e-01
3.458508253097534180e-01
3.836903671423594342e-01
4.763458867867787494e-01
5.892167687416076660e-01
5.918795069058736535e-01
7.745824555555979041e-01
4.744607408841450824e-01
5.850011607011159631e-01
4.025405248006184711e-01
6.370529532432556152e-01
4.321157336235046387e-01
6.067706942558288574e-01
5.175677140553792688e-01
5.658244987328847619e-01
4.803831179936726703e-01
4.234110315640767230e-01
3.863049546877543317e-01
3.440689047177632465e-01
4.807569285233815326e-01
4.558889667193095074e-01
4.045486748218536377e-01
3.092611432075500488e-01
7.236179808775583533e-01
5.775444507598876953e-01
3.529371321201324463e-01
2.906482021013895856e-01
3.538082142670949115e-01
3.432504336039225445e-01
3.534748057524363385e-01
6.676672895749410364e-01
3.175701598326365338e-01
2.816109756628672467e-01
2.560621897379557477e-01
4.562408328056335449e-01
4.784712394078572406e-01
6.305590669314066199e-01
5.055051843325296668e-01
3.744455774625142230e-01
4.689277807871500836e-01
2.759597053130467548e-01
3.733249604701995850e-01
7.173295915126800537e-01
4.525717695554097308e-01
4.010893007119496478e-01
2.845990757147471295e-01
3.721060256163279401e-01
3.438510000705718994e-01
3.495916227499644147e-01
5.032137930393218994e-01
4.960134724775950299e-01
2.562741984923680438e-01
2.590323686599731445e-01
2.679335176944732666e-01
2.526059399048487530e-01
3.194386959075927734e-01
4.302398761113484515e-01
2.799093623956044330e-01
4.152939965327580585e-01
2.676091144482294903e-01
2.682726581891377582e-01
2.414380361636479788e-01
2.437077263991037912e-01
2.070129066705703735e-01
2.797750929991404401e-01
2.166927208503087454e-01
2.028054644664128714e-01
3.030533939599990845e-01
3.238184104363123761e-01
2.125233064095179147e-01
2.296094298362731934e-01
2.147094955046971732e-01
3.155047396818796979e-01
2.441289871931076050e-01
2.387396842241287231e-01
3.137181351582209454e-01
2.911146779855092181e-01
3.023970574140548706e-01
2.191901803016662598e-01
2.521150161822636737e-01
2.325454254945119315e-01
4.300190508365631104e-01
5.512147347132364539e-01
3.564122319221496582e-01
4.698316156864166260e-01
4.104592005411784039e-01
3.171180188655853271e-01
2.548169394334157123e-01
3.443549027045567645e-01
2.770568182071049823e-01
2.137302756309509277e-01
2.821996013323466168e-01
2.291077623764673776e-01
3.390859862168629779e-01
3.685616354147593365e-01
2.811202009518941058e-01
2.823932717243830548e-01
2.551671564579010010e-01
1.958700219790140695e-01
2.819547553857167377e-01
2.410578082005182809e-01
2.998167673746744977e-01
3.806685308615366803e-01
3.260247707366943359e-01
2.867133418718973981e-01
2.292767564455668039e-01
2.338125656048456735e-01
2.683348655700683594e-01
2.269315371910730905e-01
2.708652317523956299e-01
2.087538540363311768e-01
2.505258520444234027e-01
2.630127916733424054e-01
3.180025120576222553e-01
3.632663885752360211e-01
3.396152357260386334e-01
2.673064718643824444e-01
2.517302532990773334e-01
3.916057646274566650e-01
2.798052132129669189e-01
4.985512197017669678e-01
3.429773598909378052e-01
2.938713033994038715e-01
2.965361128250758038e-01
1.931581497192382812e-01
3.754786352316538678e-01
2.783677230278651105e-01
2.252259105443954468e-01
2.335530221462249756e-01
2.033929725488027029e-01
1.836729198694229126e-01
1.784470130999883108e-01
1.523360709349314279e-01
2.454402446746826172e-01
2.015463660160700388e-01
1.763546019792556763e-01
1.845600455999374390e-01
2.358509451150894165e-01
1.624058037996292114e-01
1.751715938250223703e-01
2.036216060320536203e-01
1.947625925143559866e-01
1.638083606958389282e-01
1.634032676617304392e-01
3.810519377390543805e-01
2.145832677682240897e-01
2.369366039832433157e-01
2.020793358484903879e-01
2.185893853505452566e-01
3.085017253955205097e-01
2.157978514830271310e-01
2.143912116686503000e-01
1.755959590276082449e-01
1.718790630499521799e-01
1.597937693198522024e-01
1.608177473147710257e-01
1.456484918793042593e-01
1.832703401645024710e-01
1.755824138720830374e-01
1.500545243422190256e-01
1.567729711532592773e-01
1.593148708343505859e-01
1.564682225386301584e-01
1.964980214834213257e-01
2.294682959715525217e-01
2.079201291004816599e-01
1.733165731032689505e-01
4.070215324560801373e-01
6.156819562117258338e-01
2.747159997622172223e-01
1.629641652107238770e-01
1.830875178178151541e-01
1.755442072947820120e-01
1.833161711692810059e-01
1.769805798927942819e-01
1.882593085368474417e-01
1.542143374681472778e-01
1.680361777544021606e-01
1.444599380095799857e-01
2.066843062639236450e-01
3.639294207096099854e-01
3.960188627243041992e-01
2.118878910938898630e-01
2.268788516521453857e-01
3.501700957616170062e-01
2.194170157114664621e-01
1.998056918382644653e-01
2.509811172882716046e-01
2.571782817443211688e-01
2.634044488271077289e-01
2.352958371241887503e-01
1.940326491991678781e-01
1.985971182584762573e-01
2.393841445446014404e-01
1.998869429032007761e-01
6.622413297494252893e-01
3.495395431915919171e-01
1.948440372943878174e-01
2.804254045089085712e-01
2.004769891500473022e-01
1.822404563426971436e-01
1.714859306812286377e-01
1.666751007239023752e-01
1.562805101275444031e-01
1.661542008320490427e-01
2.104151447614034109e-01
1.691167106231053763e-01
1.695986042420069284e-01
1.482124676307042532e-01
1.531328062216440744e-01
1.839200307925542288e-01
2.339666535456975394e-01
1.901382555564244681e-01
2.183599174022674561e-01
3.114187965790430890e-01
1.772410174210866385e-01
1.880221267541249686e-01
1.616231153408686227e-01
1.775029798348744803e-01
2.171794623136520386e-01
1.904755234718322754e-01
2.385269999504089355e-01
2.200426359971364432e-01
2.972805152336756573e-01
2.666700134674708234e-01
2.212628771861394339e-01
1.876093844572702951e-01
3.027071158091227399e-01
2.371290226777394705e-01
1.817640264828999930e-01
2.227479318777720041e-01
2.387499312559763498e-01
1.728326777617136545e-01
2.118269602457682199e-01
1.642823268969853812e-01
2.160782118638356619e-01
1.983615408341089792e-01
1.909659455219904489e-01
1.802526364723841257e-01
1.596160878737767630e-01
1.640703827142715454e-01
1.594503720601399832e-01
1.654543727636337280e-01
1.435161381959915161e-01
1.457273811101913452e-01
1.868649125099182129e-01
1.583495984474817819e-01
1.468726893266042166e-01
1.936287631591161185e-01
1.928949554761250906e-01
1.408604780832926340e-01
1.484924306472142630e-01
1.384725819031397409e-01
2.035407274961471558e-01
1.672077725330988474e-01
1.644195963939031058e-01
1.818282554546991892e-01
1.534330546855926514e-01
1.723025441169738770e-01
1.643840720256169730e-01
1.498633523782094412e-01
2.306363234917322702e-01
1.556105911731719971e-01
1.883156100908915109e-01
2.873124430576960431e-01
1.652484039465586252e-01
1.345957716306050711e-01
1.392737925052642822e-01
1.554672767718633108e-01
1.936403711636861258e-01
1.703432053327560425e-01
1.648210138082504272e-01
1.553746759891510010e-01
1.692796399195989066e-01
1.351621846357981271e-01
2.061056097348531180e-01
1.933644066254297800e-01
1.592551122109095163e-01
1.398903181155522757e-01
1.611657390991846628e-01
1.780422280232111520e-01
1.669717580080032349e-01
1.442365398009618216e-01
1.513302226861318045e-01
1.335695981979370117e-01
1.317926074067751474e-01
1.383697340885798044e-01
1.780774593353271484e-01
1.456638326247533255e-01
1.459790070851643973e-01
1.953234771887461252e-01
1.566225637992223196e-01
1.481309036413828439e-01
1.934757878383000784e-01
1.516378621260325021e-01
1.509191940228144235e-01
1.717650393644968576e-01
1.588295499483744211e-01
1.726685464382171631e-01
1.412188510100046701e-01
1.523695488770802908e-01
1.706111580133438110e-01
1.540687531232833862e-01
1.840456277132034302e-01
1.484249134858449393e-01
1.721074581146240234e-01
1.736606111129125052e-01
1.767267485459645682e-01
1.360728641351064139e-01
1.822979152202606201e-01
1.567843308051427298e-01
1.947871893644332886e-01
2.236240903536478586e-01
1.573048730691274100e-01
1.502632200717926025e-01
1.550930937131246024e-01
1.358132039507230215e-01
1.577573517958323068e-01
1.604747424523035593e-01
1.358311772346496582e-01
1.770603358745574951e-01
1.454178790251413889e-01
1.598571091890335083e-01
2.219009101390838623e-01
1.633685479561487741e-01
2.454844762881596976e-01
1.542010655005773001e-01
1.431938658157984323e-01
1.434386869271596365e-01
1.356604844331741333e-01
1.534368048111597604e-01
1.419539451599121094e-01
1.411215265591939383e-01
1.377950807412465506e-01
1.638175696134567261e-01
1.491917322079340524e-01
1.590797205766042166e-01
2.018066296974817819e-01
1.528096944093704224e-01
1.537123272816340036e-01
2.061223934094111032e-01
1.581751381357510977e-01
1.422504484653472900e-01
1.436498214801152640e-01
1.601792673269907541e-01
1.584580540657043457e-01
1.451398730278015137e-01
1.447351972262064523e-01
1.586851278940836496e-01
1.399833063284555978e-01
1.591985523700714111e-01
1.504002163807550974e-01
1.545338531335194998e-01
1.512871185938517160e-01
1.714956561724344797e-01
1.463206658760706491e-01
1.462286164363225394e-01
1.396656235059102469e-01
1.306027298172315054e-01
1.898213922977447510e-01
1.301950613657633371e-01
1.533287713925043649e-01
1.437337398529052734e-01
1.579360266526540213e-01
1.355925972263018198e-01
1.431211084127426147e-01
1.620200673739115305e-01
1.361084630091985159e-01
1.337633381287256784e-01
1.718853861093521118e-01
1.403322021166483469e-01
1.393842548131942749e-01
1.419235070546468191e-01
1.551449000835418701e-01
1.582501530647277832e-01
1.491258740425109863e-01
1.341949701309204102e-01
1.443904985984166556e-01
1.322568853696187430e-01
1.632816890875498361e-01
1.668672313292821341e-01
1.302362854282061166e-01
1.503876199324925833e-01
1.761735578378041678e-01
2.026388247807820731e-01
1.808580905199050903e-01
1.684652715921401978e-01
1.537567724784215384e-01
1.716209501028060913e-01
1.801432619492212839e-01
1.519096295038858957e-01
1.586955587069193430e-01
1.660765608151753836e-01
2.344374706347783499e-01
1.832321037848790579e-01
2.315671245257059641e-01
1.434967418511708670e-01
1.502316147089004517e-01
1.470881501833597726e-01
1.437871456146240234e-01
1.516502449909845895e-01
1.550236394008000784e-01
1.379472961028417044e-01
1.269679044683774405e-01
1.700941870609919138e-01
1.593919694423675537e-01
1.522551725308100290e-01
1.476069241762161255e-01
1.500899940729141235e-01
1.605713317791620798e-01
1.314828445514043265e-01
1.718160957098007202e-01
1.716021100680033273e-01
1.315547203024228506e-01
1.524081925551096506e-01
1.733038127422332764e-01
1.400347054004669189e-01
1.544222881396611624e-01
1.426384896039962769e-01
1.443664878606796265e-01
1.727774441242218018e-01
2.001634587844212942e-01
1.547994315624237061e-01
1.377655019362767630e-01
1.516923358043034964e-01
1.907280435164769583e-01
1.375811398029327393e-01
1.526107440392176218e-01
1.331224938233693533e-01
1.424412578344345093e-01
1.436083664496739798e-01
1.407067477703094482e-01
1.408985058466593332e-01
1.369055757919947214e-01
1.362269371747970581e-01
1.370187252759933472e-01
1.369160314400990897e-01
1.441167791684468680e-01
1.334627171357472830e-01
1.462574402491251535e-01
1.348614792029062814e-01
1.449054429928461618e-01
1.384506126244862967e-01
1.300146430730819702e-01
1.533469458421071463e-01
1.382804314295450754e-01
1.390629808108011789e-01
1.400619049866994315e-01
1.401973466078440256e-01
1.458323846260706491e-01
1.401437421639760428e-01
1.403196503718694144e-01
1.414588193098703928e-01
1.459384808937708444e-01
1.375028143326441354e-01
1.353017042080561227e-01
1.296923408905664987e-01
1.467323253552118845e-01
1.345607191324234009e-01
1.403001099824905396e-01
1.377867460250854492e-01
1.334912876288096018e-01
1.354744831720987863e-01
1.362802932659784860e-01
1.378004054228464670e-01
1.386113315820693970e-01
1.363444526990254813e-01
1.337751100460688181e-01
1.382749875386556082e-01
1.456579566001892090e-01
1.314703325430552072e-01
1.442867666482925415e-01
1.410661389430364066e-01
1.334159399072329111e-01
1.445853163798650198e-01
1.377061158418655396e-01
1.444659779469172067e-01
1.452692399422327585e-01
1.533465087413787842e-01
1.581705063581466675e-01
1.365776409705480032e-01
1.486242016156514578e-01
1.363212416569391794e-01
1.421742339928944998e-01
1.437978297472000122e-01
1.386666893959045410e-01
1.359225809574127197e-01
1.422664076089859009e-01
1.392074376344680786e-01
1.372307886679967337e-01
1.362636958559354239e-01
1.386878689130147391e-01
1.407003204027811594e-01
1.338925957679748535e-01
1.413446416457494192e-01
1.625228822231292725e-01
1.490688174962997437e-01
1.461203346649805612e-01
1.374258895715077811e-01
1.362232243021329336e-01
1.357460021972656250e-01
1.463231245676676340e-01
1.350165953238805228e-01
1.321060607830683298e-01
1.511606127023696899e-01
1.241069858272870335e-01
1.467962265014648438e-01
1.538252830505371094e-01
1.344390114148457938e-01
1.377491056919097900e-01
1.367877721786499023e-01
1.383741895357767648e-01
1.388549556334813528e-01
1.505296130975087576e-01
1.279427806536356516e-01
1.417556603749593191e-01
1.409567892551422119e-01
1.338362197081247873e-01
1.436501393715540476e-01
1.348774880170822144e-01
1.312917967637380057e-01
1.430211861928304129e-01
1.452645411094029837e-01
1.551346729199091501e-01
1.419992397228876657e-01
1.354176501433054514e-01
1.394717693328857422e-01
1.514059454202651978e-01
1.321871007482210703e-01
1.447174598773320608e-01
1.305219257871309824e-01
1.417790601650873727e-01
1.336294015248616629e-01
1.417063971360524588e-01
1.352962404489517212e-01
1.357517043749491281e-01
1.384032269318898611e-01
1.326280534267425537e-01
1.357355664173761911e-01
1.407594233751296997e-01
1.351234664519627982e-01
1.353987455368041992e-01
1.353985319534937448e-01
1.371962577104568481e-01
1.350313474734624319e-01
1.388186812400817871e-01
1.349013547102610178e-01
1.361026813586553030e-01
1.397868593533833914e-01
1.334169109662373953e-01
1.357639034589131766e-01
1.385807593663533621e-01
1.344257245461145944e-01
1.382797658443450928e-01
1.434699197610219412e-01
1.458506186803182059e-01
1.331594685713450021e-01
1.433076709508895874e-01
1.420223166545232230e-01
1.335175658265749521e-01
1.460115661223729544e-01
1.404989510774612427e-01
1.375842938820520944e-01
1.396196087201436453e-01
1.334719260533650809e-01
1.514406849940617972e-01
1.374631375074386597e-01
1.355364720026651926e-01
1.381544023752212524e-01
1.328271180391311646e-01
1.379238367080688477e-01
1.344005018472671509e-01
1.347900032997131348e-01
1.452502657969792776e-01
1.350940366586049490e-01
1.353542109330495291e-01
1.404540389776229858e-01
1.572026759386062622e-01
1.319505075613657541e-01
1.376941353082656860e-01
1.319248427947362357e-01
1.362310399611791067e-01
1.364843348662058420e-01
1.358734915653864450e-01
1.341291020313898630e-01
1.437367002169291086e-01
1.306208123763402396e-01
1.407892256975173950e-01
1.304678072532018118e-01
1.378335853417714529e-01
1.383792559305826730e-01
1.370245615641275949e-01
1.339875459671020508e-01
1.437093665202458792e-01
1.352574278910954886e-01
1.324126521746317453e-01
1.356955965360005789e-01
1.328627193967501230e-01
1.343680272499720163e-01
1.352881441513697214e-01
1.371643493572870798e-01
1.326785087585449219e-01
1.379684954881668091e-01
1.369615395863851004e-01
1.362675180037816458e-01
1.338031192620595389e-01
1.395995020866394043e-01
1.347144395112991333e-01
1.376993755499521799e-01
1.336555704474449158e-01
1.350018878777821951e-01
1.359560092290242606e-01
1.346110900243123465e-01
1.451016416152318411e-01
1.334790388743082590e-01
1.365935852130254202e-01
1.291177173455556326e-01
1.367035980025927133e-01
1.325524399677912302e-01
1.345970680316289358e-01
1.360388745864232474e-01
1.351349155108133859e-01
1.337460577487945557e-01
1.347369800011316843e-01
1.363037377595901489e-01
1.420595149199167795e-01
1.289545347293218069e-01
1.353054593006769724e-01
1.311150168379147940e-01
1.391931722561518259e-01
1.342530623078346252e-01
1.365147034327189035e-01
1.355819354454676218e-01
1.364323844512303763e-01
1.354572226603825980e-01
1.361613919337590628e-01
1.356012274821599417e-01
1.355432023604710989e-01
1.338194906711578369e-01
1.373968074719111032e-01
1.348109742005666190e-01
1.356699566046396799e-01
1.368195066849390573e-01
1.347379187742868967e-01
1.362193673849105835e-01
1.353911260763804025e-01
1.334266761938730783e-01
1.346340179443359375e-01
1.356644183397293091e-01
1.354215765992800302e-01
1.355074743429819650e-01
1.356361558039983206e-01
1.361176768938700266e-01
1.376137981812159128e-01
1.336604456106821603e-01
1.350416243076324463e-01
1.337774197260538644e-01
1.362683872381846018e-01
1.329171210527420044e-01
1.348797728617986136e-01
1.349101116259892874e-01
1.377361963192621774e-01
1.329188495874404907e-01
1.373736759026845389e-01
1.326943933963775635e-01
1.367268810669581003e-01
1.357569644848505563e-01
1.373018572727839059e-01
1.344672938187917166e-01
1.354220211505889893e-01
1.359748144944508963e-01
1.338381916284561157e-01
1.368446896473566599e-01
1.353581597407658987e-01
1.344040979941686087e-01
1.343641579151153564e-01
1.348732411861419678e-01
1.350890894730885916e-01
1.345714529355367117e-01
1.365653822819391794e-01
1.356488962968190604e-01
1.327472627162933350e-01
1.353481560945510864e-01
1.349248389403025217e-01
1.338686595360437936e-01
1.330595811208089285e-01
1.347223917643229074e-01
1.349163105090459280e-01
1.364573389291763306e-01
1.345338821411132812e-01
1.363613506158193045e-01
1.334744940201441354e-01
1.352631747722625732e-01
1.351914107799530029e-01
1.352474838495254517e-01
1.342590103546778268e-01
1.334154804547627859e-01
1.352374653021494455e-01
1.345282644033432007e-01
1.341454088687896729e-01
1.342568745215733939e-01
1.350644677877426147e-01
1.358975122372309274e-01
1.349394743641217642e-01
1.335191031297048025e-01
1.350923031568527222e-01
1.359106848637262888e-01
1.344401240348815918e-01
1.363150974114736014e-01
1.349677691857019968e-01
1.363038768370946341e-01
1.344810351729393005e-01
1.347652177015940256e-01
1.353213563561439514e-01
1.332365125417709351e-01
1.367540409167607718e-01
1.335292855898539133e-01
1.343169237176577158e-01
1.360256224870681763e-01
1.338268394271532602e-01
1.392206648985544748e-01
1.619259963432947702e-01
1.431785573561986380e-01
1.350424935420354300e-01
1.319530457258224487e-01
1.415290137132008963e-01
1.422242869933446341e-01
1.349232619007428580e-01
