1.982987473408381052e-01
1.756205310424168997e-01
1.399495502312978201e-01
1.081862077116966248e-01
7.249291862050692703e-02
7.018247122565905716e-02
6.014652426044145989e-02
5.535242209831873345e-02
5.727215732137361931e-02
5.205902457237243652e-02
4.806507006287574768e-02
4.754950975378354622e-02
4.319421201944351196e-02
4.416926577687263489e-02
4.333420842885971069e-02
3.861132574578126503e-02
4.176823794841766357e-02
3.730236614743868279e-02
3.870074575146039558e-02
4.160124560197194649e-02
4.199149335424105095e-02
3.968359467883905006e-02
3.533591826756795479e-02
3.644854699571927620e-02
3.202092523376146721e-02
3.493909848233064247e-02
3.338010174532731605e-02
4.377600426475206780e-02
4.134931663672129082e-02
4.206658899784088135e-02
3.860395960509777069e-02
3.503012595077355934e-02
3.989390470087528229e-02
3.243115295966466499e-02
3.255561180412769318e-02
3.324195370078086853e-02
3.849244986971219612e-02
3.979608913262685371e-02
3.381515666842460632e-02
3.397683426737785339e-02
3.328157775104045868e-02
3.399182980259259773e-02
3.003204924364884579e-02
3.339177556335926056e-02
2.679605595767498016e-02
4.172971472144126892e-02
3.804211070140203071e-02
3.406719118356704712e-02
3.267974903186162544e-02
3.326253530879815651e-02
2.640972658991813660e-02
2.264496125280857086e-02
4.630714779098828865e-02
3.851273717979589867e-02
2.774384059011936188e-02
3.710761293768882751e-02
3.502160124480724335e-02
4.653523241480191780e-02
4.384818673133850098e-02
4.338945945103963447e-02
3.369691284994284081e-02
3.702407454450925423e-02
5.085148413976033760e-02
4.279442752401033806e-02
5.062231669823328423e-02
4.072928242385387421e-02
4.484453797340393066e-02
4.169546191891034675e-02
4.171697422862052917e-02
3.083868759373823917e-02
3.122813813388347626e-02
3.492410356799761223e-02
3.815006961425145698e-02
3.458357167740663124e-02
3.892838209867477417e-02
3.539403341710567474e-02
3.140951941410700249e-02
3.337011858820915222e-02
4.056991140047708916e-02
3.741765270630518364e-02
3.385444978872934746e-02
3.384866813818613457e-02
4.057788352171579765e-02
3.666544953982035088e-02
3.560551442205905914e-02
3.570253339906533790e-02
3.808377000192800926e-02
3.904868724445501732e-02
3.147028014063835144e-02
3.712910662094751763e-02
5.752982820073763298e-02
4.832961534460385872e-02
4.653077075878778862e-02
3.726065779725710320e-02
3.908020878831545281e-02
3.393147327005863190e-02
3.411491774022579193e-02
3.565060719847679138e-02
3.482493075231710838e-02
3.340878089269002510e-02
3.330920698742071556e-02
3.334799719353517128e-02
3.162050433456897736e-02
3.329449705779552460e-02
3.137154256304105354e-02
3.077529991666476047e-02
2.513696501652399815e-02
2.601141979297002041e-02
2.475474588572978973e-02
2.456276180843512333e-02
2.669765613973140717e-02
2.332512289285659790e-02
4.324004178245862556e-02
3.094623982906341553e-02
2.962158558269341671e-02
2.582688132921854771e-02
2.905290946364402771e-02
2.761925694843133175e-02
2.724131134649117672e-02
3.927293295661608147e-02
2.672483275334040440e-02
3.051300036410490787e-02
2.744733045498530186e-02
2.540360949933528900e-02
2.900249883532524109e-02
2.747698314487934113e-02
2.704546414315700531e-02
2.688183076679706573e-02
2.282466366887092590e-02
2.204671067496140682e-02
2.546137509246667111e-02
2.384769419829050816e-02
2.401650014022986210e-02
2.216217977305253231e-02
2.386886626482009888e-02
2.687445841729640961e-02
3.174242253104845451e-02
2.676550485193729401e-02
2.328450419008731842e-02
2.518017031252384186e-02
2.064519251386324680e-02
2.413373999297618866e-02
2.245965910454591000e-02
3.078052898248036587e-02
2.280857538183530056e-02
3.238923785587152077e-02
2.652313373982906342e-02
2.879049504796664036e-02
2.558361925184726715e-02
3.047452370325724400e-02
3.233519010245800018e-02
3.333294888337453438e-02
3.648598119616508484e-02
3.503112929562727379e-02
3.059209138154983521e-02
3.049285088976224148e-02
2.563901866475741184e-02
2.530919139583905422e-02
2.491143097480138027e-02
2.504297656317551815e-02
2.615166952212651455e-02
2.695994824171066284e-02
2.171262136350075519e-02
2.214828319847583771e-02
2.287753423055012905e-02
2.191651922961075985e-02
5.355484907825788093e-02
3.048214005927244938e-02
3.430547378957271576e-02
3.313634917140007019e-02
2.895257187386353695e-02
3.757172885040441918e-02
3.367625549435615540e-02
3.280092154939969612e-02
2.929934673011302948e-02
2.924451604485511780e-02
2.437519095838069916e-02
2.501855169733365261e-02
2.450392084817091740e-02
1.815765816718339920e-02
2.332318077484766758e-02
2.166060296197732174e-02
3.066420306762059414e-02
2.484884485602378845e-02
2.858569410940011227e-02
3.911806270480155945e-02
3.315599200626214577e-02
3.397432963053385185e-02
3.052952326834201813e-02
2.450204578538735592e-02
2.166664165755112850e-02
1.947228455295165264e-02
2.570903611679871761e-02
1.998928685983021938e-02
1.743905463566382610e-02
1.934637377659479893e-02
1.553110157450040239e-02
2.149132142464319981e-02
1.776346502204735958e-02
2.424394463499386990e-02
1.663629648586114132e-02
1.620723741749922550e-02
2.012037423749764645e-02
1.520812573532263380e-02
1.515707404663165468e-02
1.215292389194170576e-02
1.495549113800128359e-02
1.289337780326604843e-02
1.084678449357549292e-02
1.245049169907967192e-02
1.092116348445415497e-02
1.069256228705247301e-02
1.183057297021150589e-02
1.125910909225543398e-02
9.713131003081798553e-03
1.010325116415818590e-02
8.650097064673900604e-03
8.941585508485635700e-03
8.844845307370027485e-03
8.251372259110212326e-03
8.387319433192411480e-03
9.709964506328105927e-03
1.031960391749938387e-02
9.699301794171333313e-03
1.561348636945088762e-02
7.921996836860975208e-03
1.496160464982191664e-02
1.615397197504838192e-02
9.319641006489595356e-03
1.338026455293099028e-02
9.123856046547492923e-03
1.388705987483263016e-02
1.131759614994128603e-02
1.609515336652596676e-02
1.208580409487088579e-02
1.412840342770020109e-02
1.092312826464573484e-02
9.887234463045993862e-03
9.680034282306829510e-03
1.230037709077199358e-02
1.024666552742322344e-02
1.262076788892348665e-02
8.742801534632841168e-03
9.592784879108270588e-03
8.403267245739698410e-03
8.218554624666770878e-03
9.466191132863363208e-03
1.252415900429089922e-02
1.083356793969869614e-02
9.359310381114482880e-03
9.250627054522434292e-03
1.276073728998502153e-02
9.341221613188585224e-03
7.748437269280354471e-03
9.397782230128845157e-03
1.139035883049170118e-02
1.155683553467194181e-02
1.132825358460346800e-02
1.047986683746179003e-02
9.159201290458440781e-03
8.582787743459144650e-03
7.026399951428174973e-03
1.200264164557059664e-02
8.598576144625743808e-03
6.254085572436451912e-03
8.535886493821939411e-03
6.129160523414611816e-03
7.354746417452891379e-03
7.391250381867091150e-03
5.901198678960402517e-03
9.106848388910293579e-03
7.096403123190005331e-03
5.673547430584828348e-03
6.563256960362195969e-03
6.126745603978633881e-03
5.678496789187192917e-03
6.236180352667967768e-03
6.854676641523838043e-03
7.899539545178413391e-03
1.006150400886932951e-02
8.268441384037336292e-03
7.424669961134592981e-03
9.293885901570320129e-03
7.181373114387194605e-03
6.819922787447770147e-03
8.287806219110885678e-03
5.717840666572253198e-03
5.799217770497004480e-03
5.623872314269344301e-03
6.122157132873932810e-03
5.553175384799639673e-03
5.763603840023279190e-03
4.963405895978212357e-03
4.400952331100900679e-03
4.695476110403736143e-03
4.742957185953855515e-03
6.214606110006570816e-03
4.763342284907897024e-03
4.800330847501754761e-03
5.241625010967254639e-03
4.698640744512279539e-03
4.020817345008254051e-03
7.231254906704028158e-03
4.534854087978601456e-03
4.438509233295917511e-03
4.425052010143796892e-03
5.668075755238533020e-03
4.393876918281118364e-03
6.183946349968512564e-03
6.387826365729172735e-03
5.052990435312191934e-03
6.225284809867541284e-03
4.187261685729026794e-03
4.270095378160476685e-03
9.884275185565153179e-03
5.658549722284078598e-03
5.142211603621642084e-03
4.400140605866909027e-03
5.326043503979842157e-03
3.569350267450014606e-03
4.154988331720232964e-03
4.991213014970223398e-03
3.951680924122531920e-03
2.948985900729894638e-03
3.239584155380725861e-03
4.036624450236558914e-03
3.761377961685260281e-03
3.564832421640554919e-03
4.381896151850621195e-03
3.093019360676407814e-03
2.912128150152663245e-03
3.024839873736103520e-03
2.759289151678482547e-03
2.490219873531410947e-03
2.685457739668587699e-03
2.561511161426702991e-03
2.693809724102417483e-03
3.090456128120422363e-03
2.787822857499122620e-03
2.882288148005803571e-03
2.505926531739532948e-03
2.252791387339433179e-03
2.347807865589857101e-03
2.439600570748249545e-03
2.642138007407387242e-03
2.852374959426621451e-03
2.549124260743459210e-03
3.213343831400076404e-03
2.894908189773559570e-03
2.346447164503236756e-03
2.399701974354684353e-03
2.246750441069404140e-03
2.451140588770309939e-03
3.753450311099489674e-03
4.628295699755351038e-03
2.340253946992258086e-03
2.905592089518904686e-03
3.742218405629197612e-03
3.136104593674341693e-03
2.638460447390874371e-03
2.766912725443641200e-03
2.106198109686374664e-03
2.094925614073872566e-03
2.088379153671363845e-03
2.150196853714684501e-03
3.095201371858517184e-03
3.879667337362965093e-03
2.094019398403664575e-03
2.409867243841290474e-03
1.855803459572295420e-03
1.987100578844547272e-03
2.675879048183560371e-03
2.207336636881033435e-03
2.685805860285957799e-03
2.965026224652925983e-03
3.155817277729511261e-03
2.600394887849688530e-03
2.149753078507880225e-03
1.879488544849057920e-03
2.419008834597965226e-03
1.797300841038425691e-03
1.798369553095350735e-03
2.025108590411643043e-03
2.075765941602488503e-03
2.306394589444001660e-03
2.591219265013933182e-03
3.398424635330835834e-03
2.461026888340711594e-03
1.667860235708455317e-03
1.817245152778923512e-03
2.780176233500242233e-03
2.206004457548260689e-03
4.205868579447269440e-03
1.900589830862979166e-03
2.688609529286623001e-03
1.710495969746261835e-03
1.944741893870135076e-03
2.742000933115681157e-03
2.543586151053508267e-03
1.763154946578045614e-03
2.309005513476828590e-03
1.926684092419842951e-03
1.805740641430020332e-03
1.807767082937061787e-03
1.503968087490648031e-03
2.373909383701781287e-03
1.676358515396714211e-03
1.821818140645821817e-03
1.613543718121945858e-03
1.949436690968771703e-03
1.634787729320426710e-03
1.598258425171176665e-03
2.117462495031456008e-03
1.771354504550496809e-03
1.568294557121892698e-03
1.577907591126859188e-03
2.457100509976347432e-03
2.202960390908022866e-03
1.752791654629011877e-03
1.644999487325549126e-03
1.976204337552189827e-03
2.009748442408939347e-03
1.682096937050421960e-03
2.038368916449447617e-03
1.586753137720127828e-03
1.476444886066019535e-03
1.459251895236472361e-03
1.544712654625375993e-03
1.503684538571784966e-03
1.722068409435451031e-03
1.444344680445889704e-03
1.577644182058672183e-03
1.340558771820117958e-03
1.440484736425181158e-03
1.500167224245766871e-03
1.593472901731729507e-03
1.693613439177473314e-03
1.573045932066937215e-03
1.327148347627371550e-03
3.230978501960635185e-03
3.045328892767429352e-03
1.593050352918605082e-03
1.110688569800307281e-03
1.670545122275749915e-03
1.566163574655850656e-03
1.612219008772323601e-03
1.631124682414035075e-03
1.260816177818924189e-03
1.164715737104415894e-03
1.476637631033857591e-03
1.264851035860677488e-03
1.767909348321457632e-03
2.051067344533900275e-03
1.636820185619096034e-03
1.492077096675832994e-03
1.643861760385334492e-03
1.859057190207143552e-03
1.390299294143915176e-03
1.811514492146670818e-03
1.899517451723416574e-03
1.876045716926455498e-03
1.922416733577847481e-03
1.780400052666664124e-03
1.404745349039633997e-03
1.628008748715122469e-03
1.636753984106083639e-03
1.802800766502817400e-03
3.570918537055452809e-03
2.394973222787181392e-03
1.500870062348743207e-03
1.629421215814848669e-03
1.958258954497674956e-03
1.586998696438968182e-03
1.412584912031888962e-03
1.506315660662949085e-03
1.435055979527533054e-03
1.478738849982619286e-03
1.417117969443400629e-03
1.615539193153381348e-03
1.361144143932809360e-03
1.412402411612371676e-03
1.204286158705751173e-03
1.491454623950024374e-03
1.967868961704274163e-03
1.608460559509694576e-03
1.873850085151692159e-03
2.365222744022806630e-03
1.336693181656301022e-03
1.617199857719242573e-03
1.238567502393076889e-03
1.619683695025742054e-03
1.186724868603050709e-03
1.352723261031011813e-03
1.835910098937650449e-03
1.706862162488202326e-03
1.508349242309729330e-03
1.917048706673085690e-03
1.406545673186580412e-03
1.358783920295536518e-03
1.924228544036547415e-03
1.701875124126672745e-03
1.330657900931934588e-03
1.551097181315223448e-03
1.242409013987829216e-03
1.229481674575557239e-03
1.879372245942552812e-03
1.348538828703264468e-03
1.564916650143762357e-03
1.465730291480819457e-03
1.723297774636497028e-03
1.585419833039243944e-03
1.182431801377485268e-03
1.372174088222285039e-03
1.356882761077334411e-03
1.477275082531074755e-03
1.220726563284794562e-03
1.338013991092642076e-03
1.377364348930617101e-03
1.308679813519120216e-03
1.312529183148096077e-03
1.617830052661399119e-03
1.500479178503155708e-03
1.185265680154164560e-03
1.363332034088671207e-03
1.223998338294525869e-03
1.613449693347017043e-03
1.155379732760290377e-03
1.287824241444468498e-03
1.289977614457408659e-03
1.342097607751687295e-03
1.351424260064959526e-03
1.395782416996856458e-03
1.194980150709549658e-03
1.413306085548053257e-03
1.290027401410043240e-03
1.272700106104214914e-03
1.646202678481737845e-03
1.214360857071975939e-03
1.292217096003393404e-03
1.205698276559511893e-03
1.371140824630856514e-03
1.366350702786197193e-03
1.320413779467344284e-03
1.425396224173406832e-03
1.388283795677125454e-03
1.397332098955909483e-03
1.142691859665016406e-03
1.520685075471798651e-03
1.407058793120086193e-03
1.324162527453154325e-03
1.190312129134933226e-03
1.434708945453166962e-03
1.457844123554726369e-03
1.389878336340188980e-03
1.222897282180686719e-03
1.251779186228911154e-03
1.132190072288115747e-03
1.177023572381585836e-03
1.238335098605602980e-03
1.257487495119373076e-03
1.182748276429871790e-03
1.110105406648169033e-03
1.369587494991719723e-03
1.201864370765785449e-03
1.201741358575721509e-03
1.467520759130517714e-03
1.281664629156390898e-03
1.126130480164041050e-03
1.243152752673874371e-03
1.468845992349088192e-03
1.251899035802731984e-03
1.219780941028147936e-03
1.304668723605573177e-03
1.202517441318680770e-03
1.283361925743520260e-03
1.376399459938208334e-03
1.255897223018109798e-03
1.229952710370222800e-03
1.394966500811278820e-03
1.452418820311625726e-03
1.134930372548599966e-03
1.092765121332680113e-03
1.525892992503941059e-03
1.280658723165591486e-03
1.709780112529794447e-03
1.248893735464662313e-03
1.328506021915624611e-03
1.265553679938117735e-03
1.198312325868755579e-03
1.331358216702938080e-03
1.268322618367771380e-03
1.069559366442263126e-03
1.305632196211566455e-03
1.295341760851442814e-03
1.374646672047674656e-03
1.739016966894268990e-03
1.080264201542983525e-03
1.806623380010326631e-03
1.289833278860896826e-03
1.193510737114896305e-03
1.327232612917820685e-03
1.187824217292169802e-03
1.332611544057726860e-03
1.100117922760546207e-03
1.545765631211300619e-03
1.256711470584074728e-03
1.210285311875243909e-03
1.224515746192385681e-03
1.216697933462758787e-03
1.213435025420039892e-03
1.267282214636604063e-03
1.252703485079109669e-03
1.258781994692981243e-03
1.139928994234651327e-03
1.256737275980412960e-03
1.181086952177186735e-03
1.360746197557697766e-03
1.311167376115918159e-03
1.300367643125355244e-03
1.188746517679343693e-03
1.147984488246341474e-03
1.263352343812584877e-03
1.167519968779136665e-03
1.186725761120517976e-03
1.223936094902455807e-03
1.232777838595211506e-03
1.377497489253679984e-03
1.347581235071023233e-03
1.186656358186155558e-03
1.248427744333942659e-03
1.217989154004802234e-03
1.478507261102398164e-03
1.209917885717004538e-03
1.450255901242295973e-03
1.144775907353808410e-03
1.321911268557111495e-03
1.318569741367052071e-03
1.250510511454194784e-03
1.235730868453780882e-03
1.281168486457318068e-03
1.135028200224041939e-03
1.402123093915482290e-03
1.098453319476296432e-03
1.292320666834712029e-03
1.245774833175043337e-03
1.177834114059805870e-03
1.318256331918140180e-03
1.266010241427769191e-03
1.287229883018881083e-03
1.238037715665996075e-03
1.177383994217962027e-03
1.117510391244043834e-03
1.345592744958897359e-03
1.246285120335717924e-03
1.163926596442858450e-03
1.197801689462115295e-03
1.432206151851763256e-03
1.238854951225221157e-03
1.329128824484844930e-03
1.320298955154915578e-03
1.359171641524881124e-03
1.441377991189559228e-03
1.279349710481862299e-03
1.315512616808215849e-03
1.153409248217940331e-03
1.537463627755641937e-03
9.449799448096504175e-04
1.690464715162913077e-03
1.032135041896253824e-03
1.355623593553900719e-03
1.295771663232396119e-03
1.222579992221047409e-03
1.348609453998506069e-03
1.190524858733018167e-03
1.045343233272433281e-03
1.143106240003059380e-03
1.294172446553905733e-03
1.285191819382210500e-03
1.190892071463167667e-03
1.292105123866349459e-03
1.147714656932900422e-03
1.135164250930150278e-03
1.125765149481594563e-03
1.265648325594763033e-03
1.317126986881097086e-03
1.221510989125818014e-03
1.263508262733618491e-03
1.312117131116489642e-03
1.141270739026367664e-03
1.321159516616414063e-03
1.290950768937667139e-03
1.143192833599944837e-03
1.317723925846318476e-03
1.366066125531991251e-03
1.333823194727301598e-03
1.108297437895089388e-03
1.153386120374004118e-03
1.255440816748887300e-03
1.285723294131457806e-03
1.327987372254331834e-03
1.157376061504085786e-03
1.269115911175807245e-03
1.150802185293287039e-03
1.153263224599262006e-03
1.299031719099730253e-03
1.227327428447703593e-03
1.197219651658087969e-03
1.212196541018784046e-03
1.196339959278702736e-03
1.240482165788610704e-03
1.217084199500580556e-03
1.252658277129133470e-03
1.344430881241957419e-03
1.130387361627072096e-03
1.171741382374117844e-03
1.137083279900252819e-03
1.181243899433563225e-03
1.213058130815625191e-03
1.250219317929198272e-03
1.292309102912743814e-03
1.295866037253290415e-03
1.232794641206661932e-03
1.173207148288686998e-03
1.112264600427200325e-03
1.338834272852788441e-03
1.159975499225159414e-03
1.085034222342073917e-03
1.239766754830877058e-03
1.161605662976701982e-03
1.179047200518349879e-03
1.226818693491319888e-03
1.060210837749764323e-03
1.260105210045973532e-03
1.275605599706371553e-03
1.251848123501986265e-03
1.093343094301720388e-03
1.334310179421057231e-03
1.127645043501009471e-03
1.276632188819348812e-03
1.237767515704035759e-03
1.282364324045677908e-03
1.217728480696678162e-03
1.083718962036073208e-03
1.191907135459284060e-03
1.244323871408899553e-03
1.203436656699826248e-03
1.138306940750529296e-03
1.126140879932790995e-03
1.211158193958302267e-03
1.328466285485774279e-03
1.200375147163867950e-03
1.268005580641329288e-03
1.207311094428102248e-03
1.192906172946095467e-03
1.171512218813101523e-03
1.169443751374880545e-03
1.199710415676236153e-03
1.152357183552036755e-03
1.154817912417153590e-03
1.152609474956989288e-03
1.176095412423213251e-03
1.183285824178407662e-03
1.156087964773178101e-03
1.277941705969472654e-03
1.282418224339683778e-03
1.179725280962884426e-03
1.205989586499830015e-03
1.168807580446203477e-03
1.195776994184901245e-03
1.235418603755533695e-03
1.071489978736887448e-03
1.121934309291342967e-03
1.170607206101218932e-03
1.187844551168382168e-03
1.249957907324035890e-03
1.113424601498991251e-03
1.271800448497136362e-03
1.208547483353565209e-03
1.265630087194343336e-03
1.206347990470628016e-03
1.140613399911671877e-03
1.183869938055674307e-03
1.251389873990168102e-03
1.289439290606727130e-03
1.204960397444665432e-03
1.173483343639721401e-03
1.167817351718743570e-03
1.151398658597220905e-03
1.212322153151035309e-03
1.133690103112409584e-03
1.220521284267306328e-03
1.213446143083274364e-03
1.167710831699271925e-03
1.232346364607413538e-03
1.169465967298795707e-03
1.251632017859568126e-03
1.184023024203876727e-03
1.268216641619801521e-03
1.228581396086762421e-03
1.257131962726513617e-03
1.142849253180126421e-03
1.098231994546949863e-03
1.155204003831992619e-03
1.069238205673173070e-03
1.163610916895170934e-03
1.299858617130666971e-03
1.226057958168288000e-03
1.197777649698158033e-03
1.235123355096827023e-03
1.214435712123910658e-03
1.258188509382307529e-03
1.198069076053798199e-03
1.153391785919666290e-03
1.179423396630833619e-03
1.192283952453484066e-03
1.145903137512505054e-03
1.225666725076735020e-03
1.236905266220371001e-03
1.204736336755255930e-03
1.298040229206283815e-03
1.137783964319775574e-03
1.221907247478763335e-03
1.197577919811010361e-03
1.234759731839100592e-03
1.253007852938026190e-03
1.196114055346697569e-03
1.173950033262372017e-03
1.156166331687321193e-03
1.236010207018504612e-03
1.195817021653056145e-03
1.161258240851263277e-03
1.120026068141062982e-03
1.080397157541786559e-03
1.229916544010241754e-03
1.119396882131695747e-03
1.261931766445438139e-03
1.272854492223511212e-03
1.184738493369271286e-03
1.226562075316905975e-03
1.143029270072777994e-03
1.284411060623824596e-03
1.111561742921670206e-03
1.286123200164486892e-03
1.258165071097512968e-03
1.165936041312913172e-03
1.165312734277297981e-03
1.198584349670757778e-03
1.096355554182082415e-03
1.218665876270582206e-03
1.325210051921506650e-03
1.232518930919468403e-03
1.219112891703844070e-03
1.176598598249256611e-03
1.295515588329483993e-03
1.177170275089641340e-03
1.173274397539595835e-03
1.218575227539986372e-03
1.164328384523590334e-03
1.208452895904580824e-03
1.259320221530894511e-03
1.104342731802413933e-03
1.159006283463289268e-03
1.194355776533484459e-03
1.131689117755740881e-03
1.183020280829320424e-03
1.179994433186948299e-03
1.189422754881282575e-03
1.126733433920890093e-03
1.149212437060971983e-03
1.140378337974349730e-03
1.095181816102315910e-03
1.154774295476575620e-03
1.132680161390453577e-03
1.265287050046026707e-03
1.152302778791636229e-03
1.134376080396274798e-03
1.217200343186656706e-03
1.297076543172200449e-03
1.126419461797922850e-03
1.112528358741353028e-03
1.178788467465589516e-03
1.086648767037938111e-03
1.133418001700192690e-03
1.083382968014727108e-03
1.259312945573280327e-03
1.148833349967996352e-03
1.184158298807839625e-03
1.083483318022141926e-03
1.212316487605373137e-03
1.109842521448930032e-03
1.151046405235926383e-03
1.090776349883526564e-03
1.335836752938727610e-03
1.240449918744464643e-03
1.103780950264384277e-03
1.231930490272740595e-03
1.205298622759680026e-03
1.187839545309543610e-03
1.193791453260928392e-03
1.307404192630201578e-03
1.223030500113964081e-03
1.135434625515093334e-03
1.150052645243704319e-03
1.118786536001910694e-03
1.271172659471631050e-03
1.252044826590766437e-03
1.139548102704187162e-03
1.169672080626090295e-03
1.180989318527281284e-03
1.129984584016104467e-03
1.170855403567353957e-03
1.197798682066301577e-03
1.226203108672052622e-03
1.312439911998808384e-03
1.200208983694513567e-03
1.156663017657895811e-03
1.143502575966219180e-03
1.203653635457158089e-03
1.138289769490559824e-03
1.155876709769169562e-03
1.227092153082291357e-03
1.111104909796267748e-03
1.207644391494492762e-03
1.172484946437180042e-03
1.177092684277643688e-03
1.209429620454708807e-03
1.227512528809408419e-03
1.164716862452526815e-03
1.165533457727481849e-03
1.180525015418728120e-03
1.152895740233361721e-03
1.123381565169741638e-03
1.142728220050533540e-03
1.186508918181061745e-03
1.143983313037703507e-03
1.223603127679477208e-03
1.158542737054328196e-03
1.205723616294562817e-03
1.133416507703562505e-03
1.136973112200697191e-03
1.313959655817598104e-03
1.187403919175267220e-03
1.340065597711751931e-03
1.131589543850471504e-03
1.205209836674233205e-03
1.240486744791269302e-03
1.199645688757300377e-03
1.204385072924196720e-03
1.258430439823617466e-03
1.106917722305903904e-03
1.131299844322105176e-03
1.175485978213449247e-03
1.251621812116354704e-03
1.134420512244105339e-03
1.243257429450750351e-03
1.161196191484729521e-03
1.174141614076991804e-03
1.171969110146164894e-03
1.153369143139570951e-03
1.217149295068035595e-03
1.240532224376996286e-03
1.124022373308738000e-03
1.109051421129455097e-03
1.243492239154875278e-03
1.087056608715404995e-03
1.226129514786104433e-03
1.174754540746410615e-03
1.200235332362353802e-03
1.156429372106989152e-03
1.145409614158173330e-03
1.153534802142530680e-03
1.089556666556745768e-03
1.121934251083682053e-03
1.252167392522096634e-03
1.096576219424605370e-03
1.157185450817147963e-03
1.096001438175638444e-03
1.266825827769935131e-03
1.143186100913832657e-03
1.064366661012172699e-03
1.190444338135421276e-03
1.234139762042711251e-03
1.269664751210560329e-03
1.385724230203777552e-03
1.129497444101919658e-03
1.099900885795553453e-03
1.129421463701874018e-03
1.216466558010627754e-03
1.200187097614010103e-03
1.060756456960613601e-03
1.229635206982493401e-03
1.220155080469946139e-03
1.284220120093474858e-03
1.235946081578731537e-03
1.205860365492602117e-03
1.198059413582086563e-03
1.141074462793767452e-03
1.206093584187328815e-03
1.123267478154351242e-03
1.111921117020149953e-03
